ex/pc4.asc
ncols         1535
nrows         418
xllcorner     -86.908090449054
yllcorner     19.808370557989
cellsize      0.0083333333333333
NODATA_value  -9999
[rows 210 to 244 of 418, columns 1027 to 1105 of 1535]
293 290 290 290 285 288 288 286 286 287 287 290 291 292 292 294 296 303 306 305 303 301 304 302 303 305 303 306 306 307 307 309 311 311 314 316 315 316 321 323 319 324 321 328 325 324 325 321 312 324 330 328 333 337 337 336 337 335 336 335 340 342 341 345 344 342 346 352 355 351 351 352 356 355 347 357 353 357 361
285 289 287 287 289 287 287 287 287 289 295 293 295 295 296 300 301 296 300 302 297 298 299 301 302 302 305 308 306 305 307 310 312 315 316 315 315 319 319 319 319 321 326 324 326 325 321 317 321 326 325 328 332 332 334 330 331 335 333 338 338 338 338 345 344 339 343 344 345 354 346 346 351 353 354 354 357 356 353
286 285 287 287 288 290 285 283 286 288 286 290 292 294 295 291 294 296 293 301 296 295 299 297 300 304 305 305 304 306 305 309 308 312 314 312 314 319 317 316 320 324 324 324 326 325 325 326 326 326 325 324 324 328 331 333 327 327 334 331 337 336 337 344 343 349 340 344 349 351 345 342 346 351 353 358 356 357 357
286 289 289 290 285 285 287 287 285 286 287 289 288 292 293 294 297 293 294 291 293 301 301 296 296 302 306 303 300 302 308 305 305 304 308 311 316 315 318 317 318 326 325 327 327 325 323 324 324 327 324 325 324 326 328 328 327 333 335 331 338 339 342 340 341 345 346 340 346 350 346 344 345 346 350 357 351 354 357
283 287 285 287 286 285 283 285 286 286 287 285 291 291 295 295 295 293 295 295 296 297 300 293 296 303 304 298 298 299 303 303 306 310 308 313 311 314 314 315 318 320 324 321 323 324 324 322 325 325 325 324 324 326 328 326 326 325 327 338 330 336 336 334 338 342 344 335 343 345 350 355 342 344 350 354 353 352 352
285 284 284 285 285 282 286 283 280 284 281 287 289 288 293 292 292 292 289 291 292 298 298 294 292 295 301 295 295 301 303 302 302 307 304 313 310 313 316 315 318 318 320 323 325 325 323 325 324 325 324 326 327 327 323 326 327 328 333 336 331 331 336 335 339 337 339 336 335 334 340 346 344 340 345 351 354 346 351
284 281 280 284 282 283 277 278 275 284 280 282 285 287 289 286 293 295 290 288 296 296 289 290 294 298 296 298 294 299 301 304 301 306 309 308 311 311 316 317 316 318 321 321 318 322 323 327 323 328 327 329 329 331 319 326 324 327 333 332 332 327 336 333 333 337 338 339 338 334 340 342 344 343 344 344 354 346 345
279 279 279 280 280 278 276 277 277 281 286 284 284 282 291 285 291 288 287 290 292 289 291 297 295 289 295 300 298 296 295 302 303 303 306 306 308 311 310 318 319 315 316 321 324 325 325 324 327 322 324 324 328 332 326 330 328 322 327 332 331 333 327 329 330 335 341 339 336 336 338 341 344 340 345 339 343 343 346
278 285 276 278 281 279 276 276 280 279 281 277 280 286 285 281 288 285 287 290 286 284 288 293 287 291 293 299 296 296 297 300 301 304 308 307 309 308 308 309 315 317 318 316 321 324 324 325 323 325 329 333 328 329 327 329 327 325 322 325 325 336 328 329 330 330 331 335 341 333 335 333 338 342 337 333 343 348 348
283 284 278 281 275 276 274 277 276 277 279 280 280 281 284 281 281 282 283 285 284 284 284 289 287 288 292 292 296 295 298 300 301 304 303 303 307 311 311 313 316 314 320 319 314 316 321 323 318 325 333 330 326 329 326 323 325 323 322 326 325 328 332 329 326 327 330 334 335 335 332 336 337 340 339 339 341 344 347
280 280 276 276 277 277 276 276 275 278 276 280 280 274 284 284 280 280 285 283 284 285 285 284 286 289 290 292 293 294 297 298 301 301 306 303 301 307 311 313 315 314 319 320 319 313 321 323 322 323 324 325 326 328 325 321 323 323 322 321 323 327 327 330 328 325 328 333 335 336 330 331 333 336 339 336 334 338 339
277 279 277 277 276 276 276 277 274 276 280 278 272 278 275 279 277 279 281 283 280 279 283 292 286 291 289 291 292 293 295 299 302 300 296 303 302 306 310 306 310 310 310 319 313 318 322 312 327 323 322 322 324 326 326 323 326 322 324 323 323 326 326 329 324 324 322 325 328 332 335 328 331 334 337 338 334 335 340
276 280 276 274 280 275 275 275 274 274 277 277 273 272 276 276 274 276 279 279 281 279 283 283 288 289 289 284 289 291 294 295 295 296 301 301 301 306 309 310 313 313 307 305 307 310 314 317 321 321 320 324 326 324 325 324 328 328 331 322 326 324 324 330 331 326 323 325 327 334 334 332 327 330 331 337 334 330 331
272 278 273 276 273 276 270 272 275 272 272 273 272 273 277 277 274 274 273 273 276 276 277 279 288 285 285 285 284 290 294 292 296 298 301 303 304 302 304 309 311 309 304 314 312 315 317 320 316 317 319 321 327 321 325 326 325 326 320 319 323 325 319 325 329 326 326 325 329 327 326 328 326 329 328 340 333 330 339
271 277 275 274 269 274 276 275 275 275 274 274 272 275 278 268 274 273 275 275 271 274 276 276 276 287 286 283 284 287 292 287 293 296 296 294 300 302 306 303 300 302 308 308 315 314 312 317 314 315 318 319 323 321 322 324 321 324 321 319 323 324 318 324 325 326 325 322 320 325 325 324 327 322 326 332 331 332 327
273 271 273 273 272 273 273 272 274 275 272 271 271 275 273 269 269 272 271 275 268 274 275 279 284 285 285 281 278 286 292 293 286 292 293 298 299 298 301 308 305 303 311 307 311 308 308 313 313 314 322 317 321 320 316 320 324 321 318 322 320 320 323 320 321 327 321 322 326 328 328 329 326 331 327 326 329 323 324
273 271 271 271 272 272 273 273 274 272 269 265 273 271 272 274 266 268 267 273 275 269 269 281 281 278 273 276 281 285 288 286 290 298 299 296 296 301 301 301 303 302 310 307 305 308 308 310 312 315 321 322 313 315 319 321 322 322 319 317 318 318 322 318 320 325 326 318 322 323 328 327 331 327 326 329 327 329 328
263 270 270 273 273 270 268 271 271 268 271 269 267 266 269 271 273 274 267 276 273 267 270 279 279 279 275 274 280 278 284 284 286 290 295 294 298 294 299 301 299 301 299 301 302 307 310 309 310 315 322 315 312 319 318 320 319 322 323 317 317 322 318 321 316 319 319 320 321 322 324 327 326 321 320 322 322 328 321
268 273 272 272 269 269 268 266 265 266 272 267 263 269 268 273 271 270 274 274 273 271 272 276 278 279 277 275 275 288 282 283 290 289 293 292 293 295 298 298 295 299 302 302 305 308 311 310 313 311 315 313 316 320 316 317 318 317 323 314 317 314 314 317 314 314 320 316 319 322 322 323 320 321 320 325 326 322 323
268 268 271 266 266 267 267 269 271 269 270 263 265 270 271 267 266 266 268 271 269 271 273 270 277 276 280 281 282 281 278 288 287 285 288 294 292 298 300 302 292 302 303 299 304 310 308 309 315 315 317 315 319 316 317 316 317 315 312 315 316 318 309 314 315 314 322 320 319 316 315 319 325 327 321 319 318 317 318
264 268 267 266 266 266 269 268 269 269 265 265 267 267 267 266 265 265 265 271 268 268 268 268 269 279 278 281 277 278 282 287 285 284 287 287 294 295 288 293 292 297 297 300 301 306 305 309 312 310 315 315 316 310 313 316 315 318 315 316 308 309 312 316 322 316 318 317 318 316 316 317 324 321 326 323 319 322 322
268 265 265 267 268 270 265 264 265 267 264 267 264 265 265 265 262 262 263 268 268 264 269 268 270 273 275 274 268 273 275 288 281 287 283 280 291 289 292 287 297 295 295 296 303 305 305 308 310 309 311 312 312 314 310 311 310 310 310 313 307 307 306 308 319 318 312 308 307 313 313 313 314 324 324 318 317 317 320
262 264 266 262 264 260 266 269 268 261 264 262 262 266 261 263 262 264 264 265 261 265 269 265 272 268 270 271 274 278 273 284 287 283 281 291 292 294 283 288 286 290 292 295 296 307 305 306 307 308 309 309 309 310 305 310 310 310 307 308 303 306 306 315 313 312 312 311 310 308 312 309 315 312 316 313 316 311 320
267 264 262 263 261 262 261 265 265 264 262 260 265 261 260 263 261 261 263 266 260 267 263 263 266 264 263 273 271 272 278 282 278 276 281 287 285 291 288 283 289 292 291 294 296 306 303 304 305 305 312 307 309 308 305 308 306 309 307 308 306 307 304 308 312 304 311 306 310 311 313 307 309 303 314 313 302 311 313
263 260 264 268 266 263 264 264 263 259 263 261 262 263 264 261 265 265 259 258 259 264 266 266 262 266 270 264 270 267 272 274 283 282 278 275 274 283 284 290 295 300 294 300 298 302 299 299 298 302 305 301 304 300 307 310 305 303 302 304 300 299 305 306 305 307 308 310 307 309 306 305 309 306 307 307 306 299 305
264 263 265 262 262 262 261 264 263 261 258 257 259 263 262 257 260 254 257 263 263 260 263 264 268 266 266 267 269 270 270 273 273 279 277 281 280 276 281 292 294 295 300 297 301 296 296 300 298 306 304 305 302 303 300 304 307 308 304 309 300 300 301 305 304 303 303 302 302 304 304 305 303 306 310 316 306 300 297
257 254 259 260 260 262 257 257 259 259 257 259 258 259 261 261 253 250 255 255 258 262 265 263 264 264 266 265 267 266 269 273 278 273 274 273 274 279 291 295 294 287 289 290 292 293 291 292 304 306 302 299 299 308 303 302 300 303 300 302 303 297 297 302 302 296 304 302 300 306 300 298 302 303 307 307 309 305 304
260 258 261 259 257 259 259 255 258 262 261 258 257 258 254 260 252 252 253 260 259 258 257 261 261 264 264 268 268 263 264 274 277 272 273 271 272 280 285 290 286 283 284 287 292 295 289 291 298 304 300 295 299 299 296 300 303 296 299 296 298 304 303 299 299 301 298 300 301 299 303 298 294 299 304 307 304 301 299
258 255 258 255 255 251 256 256 255 257 255 259 255 256 254 255 255 249 249 254 254 251 257 259 257 259 262 259 266 261 263 264 272 276 278 279 275 274 283 286 289 287 282 284 285 293 285 301 294 303 297 295 298 296 295 296 297 301 297 295 300 302 300 298 299 299 295 297 296 298 298 298 294 295 295 303 302 302 294
256 255 252 253 256 258 257 251 253 254 252 251 251 253 254 248 250 253 255 250 251 250 256 258 257 259 260 263 264 262 265 263 270 272 279 270 273 280 277 281 283 284 283 283 280 289 283 290 300 298 296 297 299 295 294 288 292 295 297 292 292 293 297 297 293 295 291 292 297 294 296 296 291 295 297 300 305 295 296
260 257 258 254 259 255 252 250 253 257 254 252 252 253 253 252 252 254 246 246 251 254 252 256 257 260 257 261 266 265 261 270 270 271 268 273 275 278 269 280 278 278 278 278 290 291 289 290 290 297 297 297 297 294 296 290 289 293 296 297 291 294 298 293 291 290 291 292 290 291 297 296 287 289 293 301 298 297 295
257 257 251 252 255 251 252 250 254 255 256 252 248 248 246 253 251 250 244 248 246 254 254 255 253 251 252 261 260 266 265 269 270 264 267 271 275 272 274 281 276 280 279 288 294 280 284 286 288 286 285 293 296 291 298 288 290 290 293 291 294 288 292 290 288 287 287 283 290 291 288 295 291 288 284 292 299 294 293
260 258 256 253 253 251 252 256 253 248 253 254 253 248 244 246 248 244 247 250 246 251 248 253 255 255 257 258 255 256 262 262 261 264 268 267 267 271 280 273 276 281 284 287 289 290 286 285 284 286 288 289 289 297 293 292 285 287 288 289 292 293 291 292 286 286 281 283 286 289 287 290 287 288 286 286 293 295 295
260 258 256 254 253 251 256 256 249 248 248 250 249 247 247 251 246 245 246 247 247 249 246 254 251 252 255 254 258 254 259 263 261 266 262 268 267 274 268 278 273 279 278 285 281 287 288 291 293 288 292 285 292 293 292 292 288 285 287 290 291 294 290 286 287 287 283 283 285 285 289 288 285 285 281 288 290 291 295
258 260 259 254 256 257 256 256 247 249 249 248 248 252 247 249 245 246 246 247 244 247 247 248 249 247 254 251 257 260 262 260 260 262 270 265 266 268 276 269 272 276 276 279 278 280 281 291 289 290 290 285 284 283 284 291 294 292 285 287 284 285 292 285 288 286 283 284 280 280 287 286 284 284 284 286 285 288 293
