ex/pc4.asc
ncols         1535
nrows         418
xllcorner     -86.908090449054
yllcorner     19.808370557989
cellsize      0.0083333333333333
NODATA_value  -9999
[rows 280 to 314 of 418, columns 1027 to 1105 of 1535]
266 268 269 274 267 270 264 270 275 276 276 274 270 268 269 267 269 270 269 267 266 269 272 268 270 272 269 269 266 265 271 267 266 265 268 269 264 263 268 270 262 265 268 259 267 267 264 265 266 265 264 260 259 258 255 264 265 252 253 256 259 249 245 252 243 251 246 247 241 242 241 245 250 252 250 249 251 255 257
-9999 269 269 269 268 268 267 267 273 277 276 273 273 273 271 268 270 269 269 267 270 265 268 275 274 273 271 270 267 271 272 266 264 269 269 269 268 268 270 270 268 268 265 263 264 266 264 265 267 266 262 265 267 260 258 262 254 253 253 260 254 248 254 253 251 245 242 246 243 247 245 247 249 248 252 249 251 253 253
-9999 -9999 -9999 267 267 269 267 265 266 267 272 267 273 277 277 276 271 276 276 270 269 269 268 273 273 275 270 273 274 275 268 274 268 270 269 267 270 269 268 268 269 266 261 264 260 262 264 266 266 265 264 264 256 263 262 260 262 258 252 255 259 247 251 250 247 254 249 244 243 245 245 249 247 251 250 253 250 251 252
-9999 -9999 -9999 267 268 267 267 269 264 269 270 269 271 273 275 275 272 273 271 271 272 269 269 268 271 274 274 275 272 274 271 272 268 270 271 269 264 269 269 266 268 266 265 262 262 264 267 265 264 264 265 263 263 262 256 255 262 254 253 256 253 251 247 249 250 252 245 242 241 243 243 244 249 247 251 247 249 250 253
-9999 -9999 -9999 -9999 268 268 264 265 266 266 267 268 270 271 272 275 277 269 269 271 267 269 267 273 269 269 274 274 273 276 273 273 270 271 270 270 266 266 266 266 270 266 268 267 268 267 267 266 268 267 264 259 262 259 255 252 249 251 253 252 251 254 253 245 242 246 247 244 246 246 246 244 248 247 250 247 250 254 250
-9999 -9999 -9999 -9999 -9999 -9999 265 269 266 265 270 266 266 268 270 269 269 272 270 269 269 270 271 271 271 270 270 274 274 274 274 274 268 268 271 268 265 264 266 265 266 267 267 263 268 265 268 268 268 265 265 255 256 258 257 257 251 256 256 254 249 249 249 247 251 247 248 247 250 248 246 245 245 246 246 247 252 253 248
-9999 -9999 -9999 -9999 -9999 -9999 -9999 -9999 -9999 270 266 266 268 267 270 269 271 270 270 269 271 270 271 271 274 271 271 272 273 271 276 277 277 276 270 270 271 266 270 267 266 267 267 268 265 263 265 267 264 265 258 263 260 257 257 260 259 254 256 248 247 248 246 243 249 248 245 249 241 246 243 247 243 246 251 253 252 249 250
-9999 -9999 -9999 -9999 -9999 -9999 -9999 -9999 -9999 -9999 -9999 268 272 268 269 270 271 269 273 273 270 266 272 275 275 275 272 272 272 272 272 274 277 275 277 274 267 272 267 265 266 271 269 265 267 265 263 264 261 262 259 255 255 259 253 252 253 256 253 253 253 251 254 246 250 250 250 243 245 246 247 245 249 247 250 252 246 250 249
-9999 -9999 -9999 -9999 -9999 -9999 -9999 -9999 -9999 -9999 -9999 267 267 271 276 268 271 272 271 272 268 275 276 276 276 276 276 276 277 273 273 273 277 277 276 276 272 268 269 266 273 268 268 265 265 265 264 266 261 262 260 258 252 255 252 252 250 249 251 250 249 249 249 249 247 248 249 248 250 248 247 245 244 248 244 250 252 247 250
-9999 -9999 -9999 -9999 -9999 -9999 -9999 -9999 -9999 -9999 -9999 273 268 272 270 273 270 270 278 278 271 272 271 274 276 276 274 277 279 279 279 274 274 275 275 270 269 272 271 269 271 270 268 264 266 264 266 264 263 260 256 256 258 258 257 254 251 254 253 249 249 249 246 246 245 243 246 246 249 248 248 246 248 245 242 251 249 253 247
-9999 -9999 -9999 -9999 -9999 -9999 -9999 -9999 -9999 -9999 -9999 -9999 273 272 273 278 275 272 272 273 275 272 271 272 272 273 274 279 276 273 278 280 279 275 278 278 271 274 273 272 271 270 266 268 266 268 268 265 265 261 256 258 258 256 256 253 252 251 249 248 250 251 246 248 247 248 247 242 250 243 243 249 249 243 246 248 245 247 248
-9999 -9999 -9999 -9999 -9999 -9999 -9999 -9999 -9999 -9999 -9999 -9999 -9999 280 276 278 273 273 274 277 283 276 273 273 274 275 275 277 275 275 274 277 280 280 276 279 277 277 274 272 272 270 268 267 269 269 268 266 266 264 262 261 258 256 253 252 252 251 249 246 248 248 248 246 243 243 247 245 248 246 247 245 248 248 249 246 245 247 244
-9999 -9999 -9999 -9999 -9999 -9999 -9999 -9999 -9999 -9999 -9999 -9999 -9999 271 276 280 278 275 275 277 278 275 273 273 276 275 276 277 276 275 277 275 275 276 273 278 279 275 275 276 275 275 273 270 272 269 266 264 265 263 261 264 262 258 254 256 254 256 252 252 251 249 247 246 246 245 242 245 246 243 241 243 244 242 244 244 246 244 246
-9999 -9999 -9999 -9999 -9999 -9999 -9999 -9999 -9999 -9999 -9999 -9999 -9999 279 279 282 278 278 280 277 277 278 277 274 276 273 274 276 278 277 277 275 276 275 279 281 274 274 274 273 274 274 275 275 273 269 268 267 264 264 262 260 258 257 258 256 251 252 250 250 255 251 250 249 250 248 248 244 244 244 243 248 241 243 245 245 241 247 247
-9999 -9999 -9999 -9999 -9999 -9999 -9999 -9999 -9999 -9999 -9999 -9999 -9999 278 280 -9999 -9999 278 276 275 278 280 276 281 278 274 273 273 278 275 274 275 275 274 273 274 278 274 275 274 277 275 277 276 273 274 271 267 262 265 256 255 254 253 254 256 253 251 250 246 247 246 252 251 247 248 246 245 246 254 253 247 247 250 249 245 245 244 245
-9999 -9999 -9999 -9999 -9999 -9999 -9999 -9999 -9999 -9999 274 -9999 -9999 -9999 -9999 -9999 -9999 -9999 -9999 281 281 279 279 278 279 277 278 273 274 278 276 277 274 274 275 274 275 275 271 274 273 274 274 273 273 268 264 267 262 260 258 258 254 252 251 249 248 246 248 249 248 245 244 246 244 244 243 243 248 247 248 248 245 246 246 246 245 244 243
-9999 -9999 -9999 -9999 -9999 -9999 -9999 -9999 -9999 -9999 -9999 277 -9999 -9999 -9999 -9999 -9999 -9999 -9999 -9999 283 280 282 281 278 278 276 275 277 280 277 277 274 274 274 275 274 275 273 274 269 269 271 268 269 264 263 262 260 264 258 256 257 253 251 249 250 250 247 247 247 244 245 245 244 243 243 242 241 246 245 245 244 243 243 243 245 241 243
-9999 -9999 -9999 -9999 -9999 -9999 -9999 -9999 -9999 -9999 279 -9999 -9999 -9999 -9999 -9999 -9999 -9999 -9999 -9999 -9999 -9999 280 277 279 277 279 277 278 277 279 278 277 276 274 275 274 274 272 272 271 269 268 269 266 263 264 265 267 262 264 261 260 251 258 255 256 254 250 250 246 243 243 247 244 244 244 243 239 240 240 241 241 239 242 240 242 243 243
-9999 -9999 -9999 -9999 -9999 -9999 -9999 -9999 -9999 -9999 -9999 -9999 -9999 279 277 -9999 -9999 -9999 -9999 -9999 -9999 -9999 -9999 280 277 277 275 276 279 277 280 279 278 277 275 279 277 275 275 273 273 272 271 269 265 264 268 267 271 269 265 263 262 260 257 254 252 253 248 245 248 243 244 243 244 241 242 240 240 240 239 238 242 240 239 241 241 238 243
-9999 -9999 -9999 -9999 -9999 -9999 -9999 -9999 280 -9999 -9999 -9999 -9999 -9999 277 -9999 -9999 -9999 -9999 -9999 -9999 -9999 -9999 279 281 279 277 278 279 278 278 277 277 278 278 277 275 278 277 276 276 275 273 271 270 268 269 270 271 269 267 261 260 257 253 252 250 247 249 248 247 245 247 243 241 243 250 247 245 247 241 245 246 243 244 241 242 244 244
-9999 -9999 -9999 -9999 -9999 -9999 -9999 -9999 282 -9999 -9999 -9999 -9999 284 280 -9999 -9999 -9999 -9999 -9999 281 -9999 -9999 281 282 282 279 278 277 279 281 281 281 278 280 279 278 281 281 278 279 278 276 273 271 270 271 269 271 268 263 259 258 255 257 253 250 251 249 248 246 246 245 248 244 246 246 244 245 247 245 247 246 240 242 242 238 243 245
-9999 -9999 -9999 -9999 -9999 -9999 278 -9999 -9999 -9999 -9999 282 -9999 -9999 -9999 -9999 -9999 -9999 -9999 -9999 -9999 -9999 -9999 -9999 281 281 279 281 280 278 281 282 282 282 281 282 284 283 280 280 278 278 274 277 274 272 272 272 270 268 266 263 258 257 257 251 250 250 248 246 247 248 246 247 247 244 246 247 243 238 240 246 247 247 246 242 242 241 240
-9999 -9999 -9999 -9999 -9999 -9999 -9999 -9999 -9999 -9999 -9999 -9999 -9999 283 -9999 -9999 -9999 288 283 281 -9999 -9999 -9999 -9999 285 286 284 286 282 281 281 282 285 284 283 282 281 284 283 281 279 279 276 279 278 277 278 275 269 270 262 261 256 256 255 251 250 247 248 245 245 245 243 247 246 247 245 243 242 242 247 244 246 244 242 240 240 239 242
-9999 -9999 -9999 -9999 -9999 -9999 -9999 -9999 -9999 -9999 -9999 281 -9999 282 285 -9999 282 287 -9999 -9999 -9999 -9999 -9999 -9999 -9999 287 285 285 287 285 285 283 286 281 284 281 287 283 285 281 282 279 278 277 277 279 278 276 271 268 261 259 258 254 253 249 250 246 246 245 242 244 243 248 242 249 245 243 245 243 242 243 243 242 242 242 241 243 240
-9999 -9999 -9999 -9999 -9999 -9999 -9999 -9999 -9999 -9999 -9999 282 283 -9999 287 -9999 -9999 -9999 -9999 -9999 -9999 -9999 -9999 -9999 -9999 -9999 -9999 288 288 286 287 284 281 281 282 281 280 281 287 284 283 283 280 280 277 279 277 275 272 265 263 258 256 256 251 252 244 247 245 248 246 243 242 242 238 248 247 244 241 240 240 241 239 241 241 244 245 242 242
-9999 -9999 -9999 -9999 -9999 -9999 -9999 -9999 -9999 -9999 -9999 -9999 285 -9999 -9999 -9999 -9999 -9999 -9999 -9999 -9999 -9999 -9999 -9999 -9999 -9999 -9999 -9999 -9999 287 287 287 287 281 285 281 283 283 285 287 283 285 282 281 280 278 275 273 274 268 261 259 254 256 250 251 242 246 245 246 244 242 243 243 243 245 243 240 240 239 239 238 239 242 239 240 242 239 238
-9999 -9999 -9999 -9999 -9999 -9999 -9999 -9999 -9999 -9999 -9999 -9999 281 -9999 -9999 -9999 -9999 -9999 -9999 -9999 -9999 -9999 -9999 -9999 -9999 -9999 -9999 -9999 -9999 -9999 -9999 287 288 288 285 288 284 286 286 282 283 284 285 280 277 277 274 276 270 271 268 258 254 250 249 246 245 242 246 246 245 244 245 245 239 241 240 239 239 238 238 242 240 237 242 239 238 238 239
-9999 -9999 -9999 -9999 -9999 -9999 -9999 -9999 -9999 -9999 -9999 -9999 -9999 -9999 -9999 -9999 -9999 -9999 -9999 -9999 -9999 -9999 -9999 -9999 -9999 -9999 -9999 -9999 -9999 -9999 -9999 -9999 290 289 288 285 285 284 283 284 285 284 284 282 279 274 273 273 272 273 267 261 257 254 250 248 246 247 248 247 245 249 241 246 243 244 243 243 243 244 244 245 242 239 242 239 239 236 238
-9999 -9999 -9999 -9999 -9999 -9999 -9999 -9999 -9999 -9999 -9999 -9999 -9999 -9999 -9999 -9999 -9999 -9999 -9999 -9999 -9999 -9999 -9999 -9999 294 -9999 -9999 -9999 -9999 -9999 -9999 -9999 -9999 -9999 289 289 286 286 286 289 283 281 284 278 281 280 278 274 274 271 270 266 262 -9999 -9999 -9999 -9999 -9999 -9999 -9999 -9999 -9999 249 242 248 245 251 250 249 253 247 246 238 239 237 240 240 241 241
-9999 -9999 -9999 -9999 -9999 -9999 -9999 -9999 -9999 -9999 -9999 288 288 -9999 -9999 -9999 -9999 -9999 -9999 -9999 -9999 -9999 -9999 -9999 -9999 -9999 289 -9999 -9999 -9999 -9999 -9999 -9999 -9999 -9999 287 -9999 289 289 290 284 284 283 283 284 279 275 274 272 271 271 267 258 -9999 -9999 -9999 -9999 -9999 -9999 -9999 -9999 -9999 -9999 -9999 247 251 251 251 250 251 247 244 244 242 242 242 246 246 246
-9999 -9999 -9999 -9999 -9999 -9999 -9999 -9999 -9999 -9999 -9999 -9999 -9999 -9999 -9999 -9999 -9999 -9999 -9999 -9999 -9999 -9999 -9999 -9999 -9999 -9999 -9999 -9999 -9999 -9999 -9999 -9999 -9999 -9999 -9999 -9999 -9999 293 292 290 290 290 292 289 284 -9999 -9999 -9999 273 272 270 263 261 -9999 -9999 -9999 -9999 -9999 -9999 -9999 -9999 -9999 -9999 -9999 -9999 -9999 -9999 -9999 250 250 247 247 243 244 245 245 246 246 244
-9999 -9999 -9999 -9999 -9999 -9999 -9999 -9999 -9999 -9999 -9999 -9999 -9999 -9999 -9999 -9999 -9999 -9999 -9999 -9999 -9999 -9999 -9999 -9999 -9999 -9999 -9999 -9999 -9999 -9999 -9999 -9999 -9999 -9999 -9999 -9999 -9999 -9999 -9999 -9999 -9999 -9999 -9999 -9999 -9999 -9999 -9999 -9999 -9999 -9999 -9999 -9999 -9999 -9999 -9999 -9999 -9999 -9999 -9999 -9999 -9999 -9999 -9999 -9999 -9999 -9999 -9999 -9999 -9999 -9999 -9999 -9999 246 245 245 -9999 245 246 249
-9999 -9999 -9999 -9999 -9999 -9999 -9999 -9999 -9999 -9999 -9999 -9999 -9999 -9999 -9999 -9999 -9999 -9999 -9999 -9999 -9999 -9999 -9999 -9999 -9999 -9999 -9999 -9999 -9999 -9999 -9999 -9999 -9999 -9999 -9999 -9999 -9999 -9999 -9999 -9999 -9999 -9999 -9999 -9999 -9999 -9999 -9999 -9999 -9999 -9999 -9999 -9999 -9999 -9999 -9999 -9999 -9999 -9999 -9999 -9999 -9999 -9999 -9999 -9999 -9999 -9999 -9999 -9999 -9999 -9999 -9999 -9999 -9999 -9999 -9999 -9999 -9999 -9999 -9999
-9999 -9999 -9999 -9999 -9999 -9999 -9999 -9999 -9999 -9999 -9999 -9999 -9999 -9999 -9999 -9999 -9999 -9999 -9999 -9999 -9999 -9999 -9999 -9999 -9999 -9999 -9999 -9999 -9999 -9999 294 -9999 -9999 -9999 -9999 -9999 -9999 -9999 -9999 -9999 -9999 -9999 -9999 -9999 -9999 -9999 -9999 -9999 -9999 -9999 -9999 -9999 -9999 -9999 -9999 -9999 -9999 -9999 -9999 -9999 -9999 -9999 -9999 -9999 -9999 -9999 -9999 -9999 -9999 -9999 -9999 -9999 -9999 -9999 -9999 -9999 -9999 -9999 -9999
-9999 -9999 -9999 -9999 -9999 -9999 282 -9999 -9999 -9999 -9999 -9999 -9999 -9999 -9999 -9999 -9999 -9999 -9999 -9999 -9999 -9999 -9999 -9999 -9999 -9999 -9999 -9999 -9999 -9999 -9999 -9999 -9999 -9999 -9999 -9999 -9999 -9999 -9999 -9999 -9999 -9999 -9999 -9999 -9999 -9999 -9999 -9999 -9999 -9999 -9999 -9999 -9999 -9999 -9999 -9999 -9999 -9999 -9999 -9999 -9999 -9999 -9999 -9999 -9999 -9999 -9999 -9999 -9999 -9999 -9999 -9999 -9999 -9999 -9999 -9999 -9999 -9999 -9999
