ex/pc4.asc
ncols         1535
nrows         418
xllcorner     -86.908090449054
yllcorner     19.808370557989
cellsize      0.0083333333333333
NODATA_value  -9999
[rows 0 to 34 of 418, columns 553 to 631 of 1535]
-9999 -9999 -9999 -9999 -9999 -9999 -9999 -9999 -9999 -9999 -9999 -9999 -9999 -9999 -9999 -9999 -9999 -9999 -9999 -9999 -9999 -9999 -9999 -9999 -9999 -9999 -9999 -9999 -9999 -9999 -9999 -9999 -9999 -9999 -9999 -9999 -9999 -9999 -9999 -9999 -9999 -9999 -9999 -9999 -9999 -9999 -9999 -9999 -9999 -9999 -9999 -9999 -9999 -9999 -9999 -9999 -9999 -9999 -9999 -9999 -9999 -9999 -9999 -9999 -9999 -9999 -9999 -9999 -9999 -9999 -9999 -9999 -9999 -9999 -9999 -9999 -9999 -9999 -9999
-9999 -9999 -9999 -9999 -9999 -9999 -9999 -9999 -9999 -9999 -9999 -9999 -9999 -9999 -9999 -9999 -9999 -9999 -9999 -9999 -9999 -9999 -9999 -9999 -9999 -9999 -9999 -9999 -9999 -9999 -9999 -9999 -9999 -9999 -9999 -9999 -9999 -9999 -9999 -9999 -9999 -9999 -9999 -9999 -9999 -9999 -9999 -9999 -9999 -9999 -9999 -9999 -9999 -9999 -9999 -9999 -9999 -9999 -9999 -9999 -9999 -9999 -9999 -9999 -9999 -9999 -9999 -9999 -9999 -9999 -9999 -9999 -9999 -9999 -9999 -9999 -9999 -9999 -9999
-9999 -9999 -9999 -9999 -9999 -9999 -9999 -9999 -9999 -9999 -9999 -9999 -9999 -9999 -9999 -9999 -9999 -9999 -9999 -9999 -9999 -9999 -9999 -9999 -9999 -9999 -9999 -9999 -9999 -9999 -9999 -9999 -9999 -9999 -9999 -9999 -9999 -9999 -9999 -9999 -9999 -9999 -9999 -9999 -9999 -9999 -9999 -9999 -9999 -9999 -9999 -9999 -9999 -9999 -9999 -9999 -9999 -9999 -9999 -9999 -9999 -9999 -9999 -9999 -9999 -9999 -9999 -9999 -9999 -9999 -9999 -9999 -9999 -9999 -9999 -9999 -9999 -9999 -9999
-9999 -9999 -9999 -9999 -9999 -9999 -9999 -9999 -9999 -9999 -9999 -9999 -9999 -9999 -9999 -9999 -9999 -9999 -9999 -9999 -9999 -9999 -9999 -9999 -9999 -9999 -9999 -9999 -9999 -9999 -9999 -9999 -9999 -9999 -9999 -9999 -9999 -9999 -9999 -9999 -9999 -9999 -9999 -9999 -9999 -9999 -9999 -9999 -9999 -9999 -9999 -9999 -9999 -9999 -9999 -9999 -9999 -9999 -9999 -9999 -9999 -9999 -9999 -9999 -9999 -9999 -9999 -9999 -9999 -9999 -9999 -9999 -9999 -9999 -9999 -9999 -9999 -9999 -9999
-9999 -9999 -9999 -9999 -9999 -9999 -9999 -9999 -9999 -9999 -9999 -9999 -9999 -9999 -9999 -9999 -9999 -9999 -9999 -9999 -9999 -9999 -9999 -9999 -9999 -9999 -9999 -9999 -9999 -9999 -9999 -9999 -9999 -9999 -9999 -9999 -9999 -9999 -9999 -9999 -9999 -9999 -9999 -9999 -9999 -9999 -9999 -9999 -9999 -9999 -9999 -9999 -9999 -9999 -9999 -9999 -9999 -9999 -9999 -9999 -9999 -9999 -9999 -9999 -9999 -9999 -9999 -9999 -9999 -9999 -9999 -9999 -9999 -9999 -9999 -9999 -9999 -9999 -9999
-9999 -9999 -9999 -9999 -9999 -9999 -9999 -9999 -9999 -9999 -9999 -9999 -9999 -9999 -9999 -9999 -9999 -9999 -9999 -9999 -9999 -9999 -9999 -9999 -9999 -9999 -9999 -9999 -9999 -9999 -9999 -9999 -9999 -9999 -9999 -9999 -9999 -9999 -9999 -9999 -9999 -9999 -9999 -9999 -9999 -9999 -9999 -9999 -9999 -9999 -9999 -9999 -9999 -9999 -9999 -9999 -9999 -9999 -9999 -9999 -9999 -9999 -9999 -9999 -9999 -9999 -9999 -9999 -9999 -9999 -9999 -9999 -9999 -9999 -9999 -9999 -9999 -9999 -9999
-9999 -9999 -9999 -9999 -9999 -9999 -9999 -9999 -9999 -9999 -9999 -9999 -9999 -9999 -9999 -9999 -9999 -9999 -9999 -9999 -9999 -9999 -9999 -9999 -9999 -9999 -9999 -9999 -9999 -9999 -9999 -9999 -9999 -9999 -9999 -9999 -9999 -9999 -9999 -9999 -9999 -9999 -9999 -9999 -9999 -9999 -9999 -9999 -9999 -9999 -9999 -9999 -9999 -9999 -9999 -9999 -9999 -9999 -9999 -9999 -9999 -9999 -9999 -9999 -9999 -9999 -9999 -9999 -9999 -9999 -9999 -9999 -9999 -9999 -9999 -9999 -9999 -9999 -9999
-9999 -9999 -9999 -9999 -9999 -9999 -9999 -9999 -9999 -9999 -9999 -9999 -9999 -9999 -9999 -9999 -9999 -9999 -9999 -9999 -9999 -9999 -9999 -9999 -9999 -9999 -9999 -9999 -9999 -9999 -9999 -9999 -9999 -9999 -9999 -9999 -9999 -9999 -9999 -9999 -9999 -9999 -9999 -9999 -9999 -9999 -9999 -9999 -9999 -9999 -9999 -9999 -9999 -9999 -9999 -9999 -9999 -9999 -9999 -9999 -9999 -9999 -9999 -9999 -9999 -9999 -9999 -9999 -9999 -9999 -9999 -9999 -9999 -9999 -9999 -9999 -9999 -9999 -9999
-9999 -9999 -9999 -9999 -9999 -9999 -9999 -9999 -9999 -9999 -9999 -9999 -9999 -9999 -9999 -9999 -9999 -9999 -9999 -9999 -9999 -9999 -9999 -9999 -9999 -9999 -9999 -9999 -9999 -9999 -9999 -9999 -9999 -9999 -9999 -9999 -9999 -9999 -9999 -9999 -9999 -9999 -9999 -9999 -9999 -9999 -9999 -9999 -9999 -9999 -9999 -9999 -9999 -9999 -9999 -9999 -9999 -9999 -9999 -9999 -9999 -9999 -9999 -9999 -9999 -9999 -9999 -9999 -9999 -9999 -9999 -9999 -9999 -9999 -9999 -9999 -9999 -9999 -9999
-9999 -9999 -9999 -9999 -9999 -9999 -9999 -9999 -9999 -9999 -9999 -9999 -9999 -9999 -9999 -9999 -9999 -9999 -9999 -9999 -9999 -9999 -9999 -9999 -9999 -9999 -9999 -9999 -9999 -9999 -9999 -9999 -9999 -9999 -9999 -9999 -9999 -9999 -9999 -9999 -9999 -9999 -9999 -9999 -9999 -9999 -9999 -9999 -9999 -9999 -9999 -9999 -9999 -9999 -9999 -9999 -9999 -9999 -9999 -9999 -9999 -9999 -9999 -9999 -9999 -9999 -9999 -9999 -9999 -9999 -9999 -9999 -9999 -9999 -9999 -9999 -9999 -9999 -9999
-9999 -9999 -9999 -9999 -9999 -9999 -9999 -9999 -9999 -9999 -9999 -9999 -9999 -9999 -9999 -9999 -9999 -9999 -9999 -9999 -9999 -9999 -9999 -9999 -9999 -9999 -9999 -9999 -9999 -9999 -9999 -9999 -9999 -9999 -9999 -9999 -9999 -9999 -9999 -9999 -9999 -9999 -9999 -9999 -9999 -9999 -9999 -9999 -9999 -9999 -9999 -9999 -9999 -9999 -9999 -9999 -9999 -9999 -9999 -9999 -9999 -9999 -9999 -9999 -9999 -9999 -9999 -9999 -9999 -9999 -9999 -9999 -9999 -9999 -9999 -9999 -9999 -9999 -9999
-9999 -9999 -9999 -9999 -9999 -9999 -9999 -9999 -9999 -9999 -9999 -9999 -9999 -9999 -9999 -9999 -9999 -9999 -9999 -9999 -9999 -9999 -9999 -9999 -9999 -9999 -9999 -9999 -9999 -9999 -9999 -9999 -9999 -9999 -9999 -9999 -9999 -9999 -9999 -9999 -9999 -9999 -9999 -9999 -9999 -9999 -9999 -9999 -9999 -9999 -9999 -9999 -9999 -9999 -9999 -9999 -9999 -9999 -9999 -9999 -9999 -9999 -9999 -9999 -9999 -9999 -9999 -9999 -9999 -9999 -9999 -9999 -9999 -9999 -9999 -9999 -9999 -9999 -9999
-9999 -9999 -9999 -9999 -9999 -9999 -9999 -9999 -9999 -9999 -9999 -9999 -9999 -9999 -9999 -9999 -9999 -9999 -9999 -9999 -9999 -9999 -9999 -9999 -9999 -9999 -9999 -9999 -9999 -9999 -9999 477 476 472 -9999 -9999 -9999 -9999 -9999 -9999 -9999 -9999 -9999 -9999 -9999 -9999 -9999 -9999 -9999 -9999 -9999 -9999 -9999 -9999 -9999 -9999 -9999 -9999 -9999 -9999 -9999 -9999 -9999 -9999 -9999 -9999 -9999 -9999 -9999 -9999 -9999 -9999 -9999 -9999 -9999 -9999 -9999 -9999 -9999
-9999 -9999 -9999 -9999 -9999 -9999 493 487 483 484 481 477 482 -9999 -9999 -9999 -9999 -9999 -9999 -9999 -9999 -9999 -9999 -9999 -9999 473 471 471 473 474 475 463 465 470 471 468 475 -9999 -9999 -9999 -9999 -9999 -9999 -9999 -9999 -9999 -9999 -9999 -9999 -9999 -9999 -9999 -9999 -9999 -9999 -9999 -9999 -9999 -9999 -9999 -9999 -9999 -9999 -9999 -9999 -9999 -9999 -9999 -9999 -9999 -9999 -9999 -9999 -9999 -9999 -9999 -9999 -9999 -9999
493 485 484 485 488 486 488 487 483 476 473 474 477 480 477 470 473 472 473 473 473 473 472 470 460 461 457 463 463 462 467 462 463 464 472 462 467 471 -9999 -9999 -9999 -9999 -9999 -9999 -9999 -9999 -9999 -9999 -9999 -9999 -9999 -9999 -9999 -9999 -9999 -9999 -9999 -9999 -9999 -9999 -9999 -9999 -9999 -9999 -9999 -9999 -9999 -9999 -9999 -9999 -9999 -9999 -9999 -9999 -9999 -9999 -9999 -9999 -9999
483 487 482 486 483 477 472 476 470 471 470 468 464 463 466 471 462 458 467 465 466 472 461 451 454 448 455 454 452 454 456 457 454 454 455 458 462 466 459 460 464 470 469 -9999 -9999 -9999 -9999 -9999 -9999 -9999 -9999 -9999 -9999 -9999 -9999 -9999 -9999 -9999 -9999 -9999 -9999 -9999 -9999 -9999 -9999 -9999 -9999 -9999 -9999 -9999 -9999 -9999 -9999 -9999 -9999 -9999 -9999 -9999 -9999
480 475 473 481 470 471 477 479 478 477 475 476 463 462 467 476 468 464 444 466 454 468 461 465 463 445 444 452 440 442 441 453 445 447 457 458 455 452 451 449 464 460 461 458 459 458 455 455 455 458 452 456 -9999 -9999 -9999 -9999 -9999 -9999 -9999 -9999 -9999 -9999 -9999 -9999 -9999 -9999 -9999 -9999 -9999 -9999 425 426 -9999 -9999 -9999 -9999 -9999 -9999 -9999
486 484 478 482 476 476 476 474 476 473 466 465 463 464 463 465 464 458 459 466 460 456 456 455 461 456 453 452 461 459 458 454 455 456 457 460 454 447 444 446 450 445 446 449 446 451 452 455 448 447 445 447 447 445 426 443 422 431 429 435 409 430 434 436 427 396 410 420 421 412 406 408 404 400 416 414 412 409 402
480 476 470 471 472 473 473 472 471 458 459 463 461 462 454 448 461 447 454 457 457 459 457 456 448 451 452 443 450 456 452 454 454 454 455 456 451 455 445 434 438 438 448 446 447 449 451 444 443 446 442 443 443 441 416 415 412 422 426 419 425 423 430 404 410 422 411 421 416 421 393 403 394 396 399 394 393 393 393
472 471 471 464 459 463 469 465 464 459 454 455 448 450 449 446 443 449 438 449 441 441 439 448 448 449 443 439 449 450 449 453 456 454 450 458 448 450 446 450 448 451 432 433 438 428 447 441 443 444 435 442 437 427 421 419 412 417 411 414 417 419 419 417 417 410 417 410 416 409 406 397 404 396 391 386 384 383 387
463 465 461 458 458 455 460 458 455 451 452 449 450 437 438 437 442 446 443 447 447 445 447 444 442 433 435 432 440 440 436 438 442 451 445 443 445 449 448 452 450 443 428 423 430 440 434 427 436 440 437 434 437 425 423 417 415 416 414 404 414 407 412 410 404 403 405 415 407 414 403 390 401 400 399 379 380 376 377
458 459 456 458 457 448 452 453 447 452 443 437 433 442 434 429 433 433 431 435 440 439 436 440 440 435 428 432 440 434 437 438 443 444 441 438 449 445 441 442 434 423 425 419 434 432 421 426 432 432 431 429 430 430 424 418 414 403 405 403 406 412 411 398 392 393 400 391 409 402 396 382 392 395 383 391 384 383 391
452 450 458 446 448 438 446 445 439 442 436 424 420 431 434 431 426 426 424 433 430 434 425 430 428 435 429 427 435 431 437 438 441 435 435 438 431 435 421 412 425 418 416 421 425 423 413 420 420 426 424 422 422 421 420 405 406 403 405 399 398 403 403 398 394 388 394 391 389 395 394 391 383 383 388 378 379 377 384
449 446 442 448 442 428 427 428 430 416 429 431 429 421 421 419 421 421 427 427 430 435 419 422 414 420 408 425 428 418 418 427 420 420 430 419 397 412 411 412 411 409 415 407 401 411 410 406 407 408 415 416 409 410 406 398 390 391 397 391 395 400 400 387 383 386 377 383 388 387 384 381 384 378 381 376 369 376 380
442 431 440 431 427 424 429 421 428 421 428 423 414 409 395 397 415 420 418 419 410 416 406 410 394 410 410 413 412 411 418 416 417 415 426 424 412 396 405 406 405 402 401 405 403 403 401 393 397 396 389 410 402 408 399 397 382 383 390 386 386 375 374 383 376 370 381 384 379 381 381 382 376 371 375 370 365 367 371
429 428 424 427 420 419 409 415 414 414 422 408 408 404 403 395 410 416 394 411 400 401 411 400 395 395 398 412 413 407 416 407 413 417 415 419 412 389 395 394 394 397 397 396 394 394 391 386 383 384 380 380 391 397 384 373 379 375 382 376 384 380 376 365 365 357 367 377 370 373 376 375 381 372 371 369 368 366 369
408 417 421 409 418 399 404 406 401 400 407 387 400 380 395 400 384 403 399 399 393 391 400 400 400 389 393 398 399 390 395 394 398 400 407 401 394 378 378 379 385 385 384 383 382 381 385 382 380 376 371 369 364 375 369 365 378 375 372 372 369 374 365 369 357 356 349 348 357 360 354 363 365 367 368 366 376 367 375
406 403 406 399 402 394 375 370 388 392 387 367 394 376 363 392 393 385 389 389 387 383 391 388 386 377 377 385 384 380 382 380 385 393 379 380 382 375 373 375 375 380 379 375 375 378 371 371 368 370 364 359 356 353 355 350 359 360 366 360 349 356 357 356 355 348 345 336 328 350 342 343 363 361 368 369 372 382 373
395 385 393 395 381 375 379 378 374 369 361 372 374 356 384 367 381 369 383 359 360 361 371 368 359 362 365 369 368 365 366 370 380 387 364 371 373 376 376 378 374 372 370 373 375 368 369 365 363 362 356 350 348 347 346 351 352 350 349 342 333 335 338 329 346 349 348 348 349 348 347 339 343 357 355 362 368 362 382
386 394 390 376 385 365 376 351 354 350 369 361 343 350 355 355 370 343 333 337 340 349 345 318 350 350 343 334 332 324 325 354 368 375 358 363 367 371 363 374 370 368 375 369 364 367 365 361 358 354 352 347 349 346 333 335 333 326 307 339 318 305 295 303 321 340 345 350 350 349 344 345 339 337 351 355 345 354 367
385 389 372 377 377 379 372 367 360 358 365 359 351 348 347 329 327 321 336 328 328 333 325 321 326 328 324 323 323 330 324 337 354 350 358 357 359 356 354 357 360 359 361 359 359 356 357 356 353 347 344 340 338 337 336 328 312 298 298 307 310 300 300 297 308 328 336 337 345 349 347 347 328 322 324 330 322 350 365
371 363 386 379 379 368 342 368 346 346 353 352 326 351 344 339 322 340 326 338 338 333 328 327 329 324 314 317 330 336 334 341 341 337 350 349 348 347 346 350 353 346 350 350 348 344 346 343 340 336 335 333 330 328 325 316 301 291 309 307 302 300 294 303 296 298 299 329 334 345 344 343 308 325 325 327 328 331 346
379 382 379 372 371 362 366 346 355 356 347 352 323 320 339 337 340 338 342 341 336 329 320 324 315 318 317 326 327 328 328 326 334 336 340 343 343 341 339 342 344 343 340 337 335 335 333 332 329 330 324 325 322 318 307 301 301 303 298 295 286 292 291 291 289 296 296 294 301 310 332 339 334 333 329 321 340 339 350
364 367 364 359 360 361 364 357 351 352 347 341 310 335 338 336 332 331 316 319 319 316 307 308 322 319 321 321 322 317 324 328 329 328 331 336 331 337 333 333 339 338 336 333 335 331 333 325 321 321 319 316 308 312 307 299 302 298 295 291 290 291 284 289 285 287 290 296 312 313 319 333 323 332 339 347 361 364 364
361 362 359 359 359 357 357 342 323 341 340 334 336 306 324 319 323 306 305 323 302 310 313 319 310 318 314 321 317 320 315 315 317 327 328 326 328 327 325 330 329 327 324 327 324 325 327 316 317 315 313 311 308 300 301 295 294 296 289 291 289 292 290 284 293 290 294 294 311 316 327 330 333 350 349 354 358 360 365
