ex/pc4.asc
ncols         1535
nrows         418
xllcorner     -86.908090449054
yllcorner     19.808370557989
cellsize      0.0083333333333333
NODATA_value  -9999
[rows 315 to 349 of 418, columns 1422 to 1500 of 1535]
645 647 644 635 634 643 639 664 667 658 648 663 662 680 672 -9999 -9999 689 -9999 -9999 -9999 -9999 -9999 -9999 -9999 -9999 -9999 -9999 -9999 -9999 -9999 -9999 -9999 -9999 -9999 -9999 -9999 -9999 -9999 -9999 -9999 -9999 -9999 -9999 -9999 -9999 -9999 -9999 -9999 -9999 -9999 -9999 -9999 -9999 -9999 -9999 -9999 -9999 -9999 -9999 -9999 -9999 -9999 -9999 -9999 -9999 -9999 -9999 -9999 -9999 -9999 -9999 -9999 -9999 -9999 -9999 -9999 -9999 -9999
654 658 647 625 642 645 658 654 664 665 658 657 670 672 670 677 678 680 683 688 693 695 -9999 -9999 -9999 -9999 -9999 -9999 -9999 -9999 -9999 -9999 -9999 -9999 -9999 -9999 -9999 -9999 -9999 -9999 -9999 -9999 -9999 -9999 -9999 -9999 -9999 -9999 -9999 -9999 -9999 -9999 -9999 -9999 -9999 -9999 -9999 -9999 -9999 -9999 -9999 -9999 -9999 -9999 -9999 -9999 -9999 -9999 -9999 -9999 -9999 -9999 -9999 -9999 -9999 -9999 -9999 -9999 -9999
645 642 631 624 636 644 656 647 657 654 665 669 669 669 669 678 677 677 682 684 695 696 -9999 -9999 -9999 -9999 -9999 -9999 -9999 -9999 -9999 -9999 -9999 -9999 -9999 -9999 -9999 -9999 -9999 -9999 -9999 -9999 -9999 -9999 -9999 -9999 -9999 -9999 -9999 -9999 -9999 -9999 -9999 -9999 -9999 -9999 -9999 -9999 -9999 -9999 -9999 -9999 -9999 -9999 -9999 -9999 -9999 -9999 -9999 -9999 -9999 -9999 -9999 -9999 -9999 -9999 -9999 -9999 -9999
645 641 633 620 649 644 649 643 654 665 671 675 672 673 672 677 672 681 681 684 689 690 687 -9999 -9999 -9999 -9999 -9999 -9999 -9999 -9999 -9999 -9999 -9999 -9999 -9999 -9999 -9999 -9999 -9999 -9999 -9999 -9999 -9999 -9999 -9999 -9999 -9999 -9999 -9999 -9999 -9999 -9999 -9999 -9999 -9999 -9999 -9999 -9999 -9999 -9999 -9999 -9999 -9999 -9999 -9999 -9999 -9999 -9999 -9999 -9999 -9999 -9999 -9999 -9999 -9999 -9999 -9999 -9999
625 608 559 605 646 651 638 646 649 652 651 654 654 656 655 674 681 679 682 677 678 685 691 684 704 -9999 -9999 -9999 -9999 -9999 -9999 -9999 -9999 -9999 -9999 -9999 -9999 -9999 -9999 -9999 -9999 -9999 -9999 -9999 -9999 -9999 -9999 -9999 -9999 -9999 -9999 -9999 -9999 -9999 -9999 -9999 -9999 -9999 -9999 -9999 -9999 -9999 -9999 -9999 -9999 -9999 -9999 -9999 -9999 -9999 -9999 -9999 -9999 -9999 -9999 -9999 -9999 -9999 -9999
629 620 535 604 632 639 639 651 644 635 642 643 643 648 646 666 655 681 681 667 671 680 689 692 692 -9999 713 716 720 726 723 729 -9999 736 -9999 737 736 739 743 -9999 -9999 -9999 -9999 -9999 -9999 -9999 -9999 -9999 -9999 -9999 -9999 -9999 -9999 -9999 -9999 -9999 -9999 -9999 -9999 -9999 -9999 -9999 -9999 -9999 -9999 -9999 -9999 -9999 -9999 -9999 -9999 -9999 -9999 -9999 -9999 -9999 -9999 -9999 -9999
629 605 565 605 629 641 637 643 645 615 608 645 623 643 668 659 640 642 650 652 671 683 690 690 690 710 701 712 722 722 724 727 729 730 738 741 737 741 745 754 -9999 -9999 -9999 -9999 -9999 -9999 -9999 -9999 -9999 -9999 -9999 -9999 -9999 -9999 -9999 -9999 -9999 -9999 -9999 -9999 -9999 -9999 -9999 -9999 -9999 -9999 -9999 -9999 -9999 -9999 -9999 -9999 -9999 -9999 -9999 -9999 -9999 -9999 -9999
607 589 521 617 629 638 638 636 601 597 615 618 622 650 620 621 622 611 635 636 627 629 668 665 691 703 697 701 714 718 719 728 725 737 735 737 737 744 746 754 -9999 -9999 -9999 -9999 -9999 -9999 -9999 -9999 -9999 -9999 -9999 -9999 -9999 -9999 -9999 -9999 -9999 -9999 -9999 -9999 -9999 -9999 -9999 -9999 -9999 -9999 -9999 -9999 -9999 -9999 -9999 -9999 -9999 -9999 -9999 -9999 -9999 -9999 -9999
612 586 613 621 627 629 602 582 576 587 580 619 659 617 625 586 591 597 614 606 603 621 664 643 670 695 700 701 705 711 707 719 712 723 740 741 746 746 -9999 -9999 -9999 -9999 -9999 -9999 -9999 -9999 -9999 -9999 -9999 -9999 -9999 -9999 -9999 -9999 -9999 -9999 -9999 -9999 -9999 -9999 -9999 -9999 -9999 -9999 -9999 -9999 -9999 -9999 -9999 -9999 -9999 -9999 -9999 -9999 -9999 -9999 -9999 -9999 -9999
612 610 603 602 613 560 560 561 587 564 568 586 637 586 587 568 561 573 573 580 583 613 617 654 671 698 674 694 707 706 705 702 710 720 727 740 745 746 758 -9999 -9999 -9999 -9999 -9999 -9999 -9999 -9999 -9999 -9999 -9999 -9999 -9999 -9999 -9999 -9999 -9999 -9999 -9999 -9999 -9999 -9999 -9999 -9999 -9999 -9999 -9999 -9999 -9999 -9999 -9999 -9999 -9999 -9999 -9999 -9999 -9999 -9999 -9999 -9999
608 595 595 585 604 573 577 599 599 564 561 604 628 563 546 557 547 555 560 561 578 584 584 609 670 696 671 703 695 672 677 693 708 715 735 741 739 746 751 -9999 -9999 -9999 -9999 -9999 -9999 -9999 -9999 -9999 -9999 -9999 -9999 -9999 -9999 -9999 -9999 -9999 -9999 -9999 -9999 -9999 -9999 -9999 -9999 -9999 -9999 -9999 -9999 -9999 -9999 -9999 -9999 -9999 -9999 -9999 -9999 -9999 -9999 -9999 -9999
593 599 596 562 584 581 590 595 613 574 593 597 611 559 552 542 535 520 534 521 537 548 559 597 668 642 640 682 707 645 644 674 715 715 666 674 751 752 755 759 -9999 -9999 -9999 -9999 -9999 -9999 -9999 -9999 -9999 -9999 -9999 -9999 -9999 -9999 -9999 -9999 -9999 -9999 -9999 -9999 -9999 -9999 -9999 -9999 -9999 -9999 -9999 -9999 -9999 -9999 -9999 -9999 -9999 -9999 -9999 -9999 -9999 -9999 -9999
578 588 584 583 576 587 590 580 609 591 566 536 581 519 512 512 512 501 495 527 504 512 539 568 608 597 629 697 702 644 635 678 706 714 718 741 753 689 756 763 -9999 -9999 -9999 -9999 -9999 -9999 -9999 -9999 -9999 -9999 -9999 -9999 -9999 -9999 -9999 -9999 -9999 -9999 -9999 -9999 -9999 -9999 -9999 -9999 -9999 -9999 -9999 -9999 -9999 -9999 -9999 -9999 -9999 -9999 -9999 -9999 -9999 -9999 -9999
571 576 575 579 568 577 587 606 603 615 536 507 532 517 489 480 484 494 441 453 465 519 600 640 605 584 564 648 682 676 652 686 658 655 674 723 732 731 756 764 768 773 -9999 -9999 -9999 -9999 -9999 -9999 -9999 -9999 -9999 -9999 -9999 -9999 -9999 -9999 -9999 -9999 -9999 -9999 -9999 -9999 -9999 -9999 -9999 -9999 -9999 -9999 -9999 -9999 -9999 -9999 -9999 -9999 -9999 -9999 -9999 -9999 -9999
557 566 562 566 582 586 581 583 592 585 537 475 485 472 486 449 424 420 408 424 490 517 532 603 640 600 547 604 672 654 648 669 621 606 650 651 695 721 738 763 768 771 782 -9999 -9999 -9999 -9999 -9999 -9999 -9999 -9999 -9999 -9999 -9999 -9999 -9999 -9999 -9999 -9999 -9999 -9999 -9999 -9999 -9999 -9999 -9999 -9999 -9999 -9999 -9999 -9999 -9999 -9999 -9999 -9999 -9999 -9999 -9999 -9999
544 547 559 562 579 583 583 583 600 588 526 457 456 454 427 424 400 377 381 410 452 437 463 476 525 573 509 522 648 605 606 651 636 583 598 587 686 722 735 752 764 770 783 -9999 -9999 -9999 -9999 -9999 -9999 -9999 -9999 -9999 -9999 -9999 -9999 -9999 -9999 -9999 -9999 -9999 -9999 -9999 -9999 -9999 -9999 -9999 -9999 -9999 -9999 -9999 -9999 -9999 -9999 -9999 -9999 -9999 -9999 -9999 -9999
504 547 551 562 573 575 564 577 578 592 531 500 443 412 366 372 373 348 342 379 375 380 398 421 512 515 509 514 590 589 597 620 549 538 573 650 724 735 757 758 771 765 781 789 790 726 -9999 -9999 -9999 -9999 -9999 -9999 -9999 -9999 -9999 -9999 -9999 -9999 -9999 -9999 -9999 -9999 -9999 -9999 -9999 -9999 -9999 -9999 -9999 -9999 -9999 -9999 -9999 -9999 -9999 -9999 -9999 -9999 -9999
498 495 535 548 556 562 563 548 556 576 565 501 495 442 368 382 362 349 333 351 374 376 388 424 452 483 484 490 567 583 607 564 521 552 673 708 718 689 734 756 751 763 780 777 791 805 -9999 -9999 -9999 -9999 -9999 -9999 -9999 -9999 -9999 -9999 -9999 -9999 -9999 -9999 -9999 -9999 -9999 -9999 -9999 -9999 -9999 -9999 -9999 -9999 -9999 -9999 -9999 -9999 -9999 -9999 -9999 -9999 -9999
507 492 494 527 546 549 563 544 520 523 558 517 460 384 349 340 339 334 310 339 352 368 384 382 390 424 477 485 557 571 649 642 550 669 729 709 665 672 742 748 746 766 785 738 774 798 728 734 737 -9999 -9999 -9999 -9999 -9999 -9999 -9999 -9999 -9999 -9999 -9999 -9999 -9999 -9999 -9999 -9999 -9999 -9999 -9999 -9999 -9999 -9999 -9999 -9999 -9999 -9999 -9999 -9999 -9999 -9999
433 475 493 522 527 554 550 542 528 492 540 545 423 354 329 315 332 301 314 314 351 371 378 377 337 362 452 467 570 559 517 608 663 697 715 710 638 717 728 707 726 768 735 705 791 777 789 775 819 741 831 -9999 -9999 -9999 -9999 -9999 -9999 -9999 -9999 -9999 -9999 -9999 -9999 -9999 -9999 -9999 -9999 -9999 -9999 -9999 -9999 -9999 -9999 -9999 -9999 -9999 -9999 -9999 -9999
359 451 460 500 498 504 518 528 531 469 538 552 459 380 334 307 325 321 334 335 362 369 369 375 364 370 404 461 531 519 524 548 609 671 664 647 652 685 609 598 591 634 734 750 768 674 708 818 815 725 747 748 -9999 -9999 -9999 -9999 -9999 -9999 -9999 -9999 -9999 -9999 -9999 -9999 -9999 -9999 -9999 -9999 -9999 -9999 -9999 -9999 -9999 -9999 -9999 -9999 -9999 -9999 -9999
360 386 416 435 432 500 486 512 528 488 467 538 483 379 321 317 331 328 350 347 353 368 369 372 368 372 417 450 523 503 556 608 665 683 655 616 585 583 516 475 499 551 761 709 699 670 758 813 799 807 833 751 844 -9999 -9999 -9999 -9999 -9999 -9999 -9999 -9999 -9999 -9999 -9999 -9999 -9999 -9999 -9999 -9999 -9999 -9999 -9999 -9999 -9999 -9999 -9999 -9999 -9999 -9999
379 333 355 387 367 423 467 496 511 490 442 475 501 454 326 340 348 345 354 357 363 364 376 414 383 369 372 413 544 519 596 616 647 667 650 589 525 491 481 483 489 504 625 655 637 593 792 794 739 788 832 745 760 853 761 869 -9999 -9999 -9999 -9999 -9999 -9999 -9999 -9999 -9999 -9999 -9999 -9999 -9999 -9999 -9999 -9999 -9999 -9999 -9999 -9999 -9999 -9999 -9999
367 338 360 369 347 366 448 482 460 460 437 492 496 439 377 451 382 345 353 358 359 379 377 401 392 426 398 411 492 557 591 571 617 596 589 557 513 505 505 493 493 479 570 637 700 696 707 713 655 663 794 815 843 765 833 872 -9999 -9999 -9999 -9999 -9999 -9999 -9999 -9999 -9999 -9999 -9999 -9999 -9999 -9999 -9999 -9999 -9999 -9999 -9999 -9999 -9999 -9999 -9999
356 339 367 376 381 377 376 419 405 384 420 433 459 467 439 448 367 348 359 363 361 378 382 423 433 391 401 407 476 565 569 592 595 592 584 522 468 468 474 461 464 505 577 660 745 711 712 731 584 548 699 783 741 773 794 861 877 889 -9999 -9999 -9999 -9999 -9999 -9999 -9999 -9999 -9999 -9999 -9999 -9999 -9999 -9999 -9999 -9999 -9999 -9999 -9999 -9999 -9999
363 355 361 379 380 386 382 381 376 389 378 395 441 439 474 472 378 352 362 380 367 409 405 385 480 403 487 479 497 584 601 605 598 612 585 525 524 468 430 437 472 470 550 609 608 607 687 598 519 514 601 729 777 686 788 852 778 788 899 -9999 -9999 -9999 -9999 -9999 -9999 -9999 -9999 -9999 -9999 -9999 -9999 -9999 -9999 -9999 -9999 -9999 -9999 -9999 -9999
392 373 361 380 407 414 392 404 381 423 389 401 425 429 438 493 469 439 366 430 418 362 359 378 509 438 441 533 592 614 634 649 616 644 653 594 564 434 427 434 449 477 575 602 607 606 557 520 516 505 575 670 773 746 764 873 888 896 -9999 -9999 -9999 -9999 -9999 -9999 -9999 -9999 -9999 -9999 -9999 -9999 -9999 -9999 -9999 -9999 -9999 -9999 -9999 -9999 -9999
354 377 375 378 390 405 417 436 382 411 428 432 436 471 457 431 506 517 526 503 531 480 437 455 499 550 520 572 602 630 657 639 641 645 666 664 623 546 485 494 506 538 558 590 614 598 525 490 517 518 626 642 671 723 826 815 841 794 878 -9999 -9999 -9999 -9999 -9999 -9999 -9999 -9999 -9999 -9999 -9999 -9999 -9999 -9999 -9999 -9999 -9999 -9999 -9999 -9999
349 383 375 373 378 420 430 445 414 411 469 416 446 453 458 457 460 429 497 547 545 548 549 545 553 579 563 569 618 593 603 574 613 606 624 680 652 573 588 566 587 628 572 575 602 669 601 540 528 534 644 718 785 787 795 805 825 836 873 921 -9999 -9999 -9999 -9999 -9999 -9999 -9999 -9999 -9999 -9999 -9999 -9999 -9999 -9999 -9999 -9999 -9999 -9999 -9999
348 380 373 387 372 389 442 406 428 469 439 444 416 401 417 436 439 432 518 546 540 548 548 565 581 597 589 592 591 532 479 578 530 537 610 669 696 634 541 684 701 681 573 561 633 679 688 668 601 554 639 695 753 651 652 672 773 843 880 812 811 821 -9999 -9999 -9999 -9999 -9999 -9999 -9999 -9999 -9999 -9999 -9999 -9999 -9999 -9999 -9999 -9999 -9999
349 353 349 352 415 390 395 404 453 441 467 482 415 427 420 431 431 458 522 488 513 516 527 523 592 551 556 558 504 411 535 537 489 529 599 601 622 670 631 692 737 652 608 650 524 690 656 601 600 526 562 632 699 694 666 648 711 839 805 925 916 823 949 -9999 -9999 -9999 -9999 -9999 -9999 -9999 -9999 -9999 -9999 -9999 -9999 -9999 -9999 -9999 -9999
349 348 385 388 371 407 392 428 447 390 420 455 495 441 434 427 449 445 478 409 431 521 448 498 525 495 460 548 501 396 441 528 469 503 591 584 610 631 687 670 678 589 701 732 583 648 596 631 633 500 459 568 608 657 638 641 825 845 751 780 788 832 956 -9999 -9999 -9999 -9999 -9999 -9999 -9999 -9999 -9999 -9999 -9999 -9999 -9999 -9999 -9999 -9999
340 343 383 363 398 386 393 414 448 408 401 448 482 466 432 425 415 473 421 427 423 432 407 471 416 378 381 464 480 414 438 443 439 518 507 568 651 677 619 700 736 676 696 671 555 661 703 655 730 689 515 647 692 701 637 706 743 728 670 811 936 947 961 -9999 -9999 -9999 -9999 -9999 -9999 -9999 -9999 -9999 -9999 -9999 -9999 -9999 -9999 -9999 -9999
344 378 364 369 393 434 437 455 440 420 428 429 456 497 470 449 425 420 409 416 399 375 345 360 366 353 424 422 379 460 472 376 497 551 575 621 606 587 623 627 662 701 732 675 640 697 709 761 784 660 626 648 720 766 697 636 758 780 806 925 933 943 831 971 -9999 -9999 -9999 -9999 -9999 -9999 -9999 -9999 -9999 -9999 -9999 -9999 -9999 -9999 -9999
350 378 378 381 418 427 434 457 460 460 451 455 449 488 485 483 444 391 392 401 372 359 391 365 391 380 442 484 419 419 469 474 488 583 603 593 537 543 559 565 579 605 676 758 768 764 796 695 789 748 681 667 741 799 715 752 885 794 873 774 779 883 830 972 -9999 -9999 -9999 -9999 -9999 -9999 -9999 -9999 -9999 -9999 -9999 -9999 -9999 -9999 -9999
