testdata/Hispaniola_WorldClim/snv_14.asc
ncols         743
nrows         319
xllcorner     -74.500956448335
yllcorner     17.448920549066
cellsize      0.0083333333333333
NODATA_value  -9999
[rows 84 to 125 of 319, columns 190 to 284 of 743]
-9999 -9999 -9999 -9999 -9999 -9999 -9999 -9999 -9999 -9999 -9999 -9999 -9999 -9999 -9999 -9999 -9999 -9999 -9999 -9999 -9999 -9999 6 6 6 -9999 -9999 -9999 6 6 6 9 10 9 8 8 9 9 10 10 10 12 12 11 12 12 13 14 18 21 26 34 42 46 46 46 47 47 42 32 41 34 30 26 25 23 24 23 24 34 42 33 30 27 27 28 29 30 31 34 51 49 44 36 37 39 41 43 44 45 45 46 43 41 45
-9999 -9999 -9999 -9999 -9999 -9999 -9999 -9999 -9999 -9999 -9999 -9999 -9999 -9999 -9999 -9999 -9999 -9999 -9999 -9999 -9999 -9999 -9999 -9999 6 6 6 6 6 6 6 7 9 10 9 8 9 9 9 10 10 10 11 11 11 12 12 14 19 22 23 34 40 43 46 45 45 47 46 29 35 47 29 34 27 22 21 21 22 25 28 31 30 34 26 26 29 28 29 43 43 39 41 32 36 38 40 42 43 44 45 46 47 41 42
-9999 -9999 -9999 -9999 -9999 -9999 -9999 -9999 -9999 -9999 -9999 -9999 -9999 -9999 -9999 -9999 -9999 -9999 -9999 -9999 -9999 -9999 -9999 -9999 6 6 6 6 6 6 6 7 7 7 11 9 8 9 9 9 9 10 10 10 11 11 11 12 13 15 23 27 33 34 45 45 45 46 46 34 24 25 44 44 30 22 22 20 21 21 23 24 23 33 25 26 29 27 28 31 29 29 32 33 35 38 39 40 41 42 43 45 46 47 46
-9999 -9999 -9999 -9999 -9999 -9999 -9999 -9999 -9999 -9999 -9999 -9999 -9999 -9999 -9999 -9999 -9999 -9999 -9999 -9999 -9999 -9999 -9999 -9999 6 6 6 6 6 6 6 7 7 7 8 11 8 8 9 9 9 9 10 10 13 11 11 11 12 12 19 23 27 36 34 44 45 45 46 33 24 21 29 41 31 22 20 21 19 20 21 21 22 23 25 24 25 26 27 28 28 29 30 32 34 37 38 39 40 41 42 43 44 46 47
-9999 -9999 -9999 -9999 -9999 -9999 -9999 -9999 -9999 -9999 -9999 -9999 -9999 -9999 -9999 -9999 -9999 -9999 7 7 7 -9999 -9999 6 6 6 6 6 6 6 6 6 7 7 7 8 8 8 8 8 9 9 9 9 13 11 10 11 11 12 14 24 30 33 31 40 44 45 45 43 28 19 19 20 32 24 21 19 19 19 19 20 21 22 23 24 24 25 26 27 27 29 30 32 34 35 36 38 39 40 41 42 43 44 45
-9999 -9999 -9999 -9999 -9999 -9999 -9999 -9999 -9999 -9999 -9999 -9999 -9999 -9999 -9999 -9999 -9999 7 7 7 7 6 6 6 6 6 6 6 6 6 6 6 7 7 7 8 8 7 8 8 8 9 9 9 10 12 11 11 12 12 13 17 27 21 25 28 32 42 45 42 25 18 18 17 36 21 18 17 18 18 18 19 20 21 22 23 24 25 26 26 28 29 30 31 33 34 35 37 38 39 40 41 42 43 44
-9999 -9999 -9999 -9999 -9999 -9999 -9999 -9999 -9999 -9999 -9999 -9999 -9999 -9999 -9999 -9999 -9999 7 7 7 7 6 6 6 6 6 6 6 6 6 6 6 7 7 7 7 7 7 7 8 8 8 9 9 9 12 18 13 12 15 20 16 18 25 20 20 22 30 42 28 20 16 16 17 16 16 17 17 17 18 18 19 20 21 22 23 24 25 25 26 27 29 30 31 32 33 35 36 37 38 39 39 40 41 42
-9999 -9999 -9999 -9999 -9999 -9999 -9999 -9999 -9999 -9999 -9999 -9999 -9999 -9999 -9999 -9999 -9999 7 7 7 7 6 6 6 6 6 6 6 6 6 6 6 6 7 7 7 7 8 7 8 8 8 8 9 8 10 15 18 14 20 22 23 17 18 17 18 19 22 29 37 16 15 15 15 16 19 27 20 17 18 18 19 20 21 22 23 24 25 25 26 27 28 29 31 32 33 34 35 36 37 37 37 39 40 41
-9999 -9999 -9999 -9999 -9999 -9999 -9999 -9999 -9999 -9999 -9999 -9999 -9999 -9999 -9999 -9999 -9999 -9999 7 7 7 6 6 6 6 6 6 6 6 6 6 6 6 7 7 7 7 7 8 8 8 7 8 8 8 9 9 14 25 24 29 21 14 14 13 16 16 17 19 27 21 15 15 15 15 18 39 27 17 18 19 19 20 21 22 23 24 25 25 26 27 28 29 30 31 32 33 34 35 35 36 36 38 39 40
-9999 -9999 -9999 -9999 -9999 -9999 -9999 -9999 -9999 -9999 -9999 -9999 -9999 -9999 -9999 -9999 -9999 -9999 7 7 7 6 6 6 6 6 6 6 6 6 6 6 6 7 7 7 7 7 7 8 8 7 8 8 10 10 10 26 25 29 29 29 16 13 13 13 17 15 15 15 17 15 14 15 15 16 31 25 17 18 19 20 20 22 22 23 24 25 25 26 27 28 28 29 30 31 32 32 33 34 35 35 37 37 38
-9999 -9999 -9999 -9999 -9999 -9999 -9999 -9999 -9999 -9999 -9999 -9999 -9999 -9999 -9999 -9999 -9999 -9999 -9999 -9999 -9999 -9999 -9999 6 6 6 6 6 6 6 6 6 6 6 7 7 7 7 7 7 8 8 9 10 12 10 9 10 20 26 22 21 14 18 12 12 13 16 16 14 15 17 14 15 15 15 33 20 17 18 19 20 21 22 22 23 24 25 25 26 27 27 28 29 29 30 31 31 32 33 34 35 35 36 37
-9999 -9999 -9999 -9999 -9999 -9999 -9999 -9999 -9999 -9999 -9999 -9999 -9999 -9999 -9999 -9999 -9999 -9999 -9999 -9999 -9999 7 6 6 6 6 6 6 6 6 6 6 6 6 6 7 7 7 7 7 8 8 7 7 12 17 10 9 11 18 23 18 13 13 15 12 12 13 15 15 14 14 14 14 15 15 16 16 17 18 19 19 21 22 23 23 24 25 25 26 26 27 27 28 29 29 30 30 31 32 33 33 34 35 36
-9999 -9999 -9999 -9999 -9999 -9999 -9999 -9999 -9999 -9999 -9999 -9999 -9999 -9999 -9999 -9999 -9999 -9999 -9999 -9999 -9999 -9999 -9999 -9999 6 6 6 6 6 6 6 6 6 6 6 7 7 7 7 7 8 8 8 7 12 17 15 11 8 10 16 10 12 15 16 12 12 12 13 13 16 16 14 14 15 15 16 16 17 18 19 20 21 22 23 23 24 24 25 25 26 26 27 27 28 28 29 29 30 31 31 32 33 33 34
-9999 -9999 -9999 -9999 -9999 -9999 -9999 -9999 -9999 -9999 -9999 -9999 -9999 -9999 -9999 -9999 -9999 -9999 -9999 -9999 -9999 -9999 -9999 -9999 6 6 6 6 6 6 6 6 6 6 6 6 7 7 7 7 8 8 8 7 7 14 17 10 8 8 8 9 9 10 14 16 12 12 12 13 16 18 15 14 15 15 16 16 17 18 19 20 21 22 23 23 24 24 25 25 25 26 26 27 27 28 28 29 29 30 30 31 32 32 33
-9999 -9999 -9999 -9999 -9999 -9999 -9999 -9999 -9999 -9999 -9999 -9999 -9999 -9999 -9999 -9999 -9999 -9999 -9999 -9999 -9999 7 7 -9999 6 6 6 6 6 6 6 6 6 6 6 6 7 7 7 7 7 8 8 8 9 12 16 14 11 8 8 9 10 9 9 17 14 12 12 12 13 14 16 15 15 15 16 16 17 18 19 20 20 22 23 23 23 24 24 24 25 25 25 26 26 27 27 28 28 29 29 30 31 31 32
-9999 -9999 -9999 -9999 -9999 -9999 -9999 -9999 -9999 -9999 -9999 -9999 -9999 -9999 -9999 -9999 -9999 8 7 7 7 7 7 7 6 6 6 6 6 6 6 6 6 6 6 6 7 7 7 7 7 8 8 8 7 8 11 14 12 12 9 8 10 10 10 11 22 16 12 12 13 13 15 14 15 15 15 16 17 18 18 19 20 20 22 22 22 23 23 24 24 24 25 25 26 26 27 27 27 28 29 29 30 31 31
-9999 -9999 -9999 -9999 -9999 -9999 -9999 -9999 -9999 -9999 -9999 -9999 -9999 -9999 -9999 -9999 -9999 8 7 7 7 7 7 7 7 6 6 6 6 6 6 6 6 6 6 6 7 7 7 7 7 7 8 8 8 9 7 7 8 9 9 8 10 10 10 10 14 21 12 12 12 13 15 15 16 15 16 16 17 17 18 19 20 20 20 21 22 22 23 23 23 24 24 24 25 25 25 26 26 27 28 29 29 30 30
-9999 -9999 -9999 -9999 -9999 -9999 -9999 -9999 -9999 -9999 -9999 -9999 -9999 -9999 -9999 -9999 -9999 8 8 7 7 7 7 7 7 7 6 6 6 6 6 6 6 6 6 6 7 7 7 7 7 7 8 8 8 8 9 9 9 8 9 8 8 9 9 11 12 13 22 12 12 13 16 17 15 15 15 16 16 17 18 18 19 20 20 20 21 21 22 22 22 23 23 23 23 24 24 25 25 26 27 28 29 29 30
-9999 -9999 -9999 -9999 -9999 -9999 -9999 -9999 -9999 -9999 -9999 -9999 -9999 -9999 -9999 -9999 -9999 8 8 7 7 7 7 7 7 7 7 6 6 6 6 6 6 6 6 6 7 7 7 7 7 7 8 8 8 8 9 9 9 9 9 10 10 13 11 11 12 13 14 20 12 13 15 20 20 19 16 17 17 17 17 18 19 19 20 20 20 20 21 21 21 21 22 22 22 22 22 24 24 25 26 27 28 29 29
-9999 -9999 -9999 -9999 -9999 -9999 -9999 -9999 -9999 -9999 -9999 -9999 -9999 -9999 -9999 -9999 -9999 8 8 8 7 7 7 7 7 7 7 7 7 6 6 6 6 6 6 7 7 7 7 7 7 7 8 8 8 8 8 9 9 9 9 9 8 8 12 11 12 13 14 15 16 18 16 18 22 17 17 18 18 17 18 18 18 18 19 19 20 19 20 20 20 21 22 22 22 22 22 22 23 24 25 26 27 28 28
-9999 -9999 -9999 -9999 -9999 -9999 -9999 -9999 -9999 -9999 -9999 -9999 -9999 -9999 -9999 -9999 8 8 -9999 8 7 7 7 7 7 7 7 7 7 7 7 7 6 6 7 7 7 7 7 7 7 7 8 8 8 8 8 9 9 9 9 9 10 9 9 12 11 13 14 16 16 22 21 22 24 19 17 17 22 21 20 20 18 18 19 18 18 19 19 19 19 19 20 21 21 22 22 21 21 23 24 25 26 26 27
-9999 -9999 -9999 -9999 -9999 -9999 -9999 -9999 -9999 -9999 -9999 -9999 -9999 -9999 -9999 -9999 8 8 8 8 8 8 7 7 7 7 7 7 7 7 7 7 7 7 7 7 7 7 7 7 7 7 8 8 8 8 8 8 9 7 8 8 9 10 9 9 11 10 11 10 12 14 13 25 28 28 25 28 29 28 24 22 19 18 18 19 19 19 19 18 18 18 20 20 20 21 21 22 21 22 23 24 25 25 26
-9999 -9999 -9999 -9999 -9999 -9999 -9999 -9999 -9999 -9999 -9999 -9999 -9999 -9999 9 9 8 8 8 8 8 8 8 7 7 7 7 7 7 7 7 7 7 7 7 7 7 7 7 7 7 7 8 8 8 8 8 8 9 8 9 9 9 9 10 10 9 9 11 12 12 12 12 14 17 33 31 30 32 35 29 21 18 18 18 19 19 18 18 18 19 18 18 18 19 20 20 21 20 21 22 23 24 24 25
-9999 -9999 -9999 -9999 -9999 -9999 -9999 -9999 -9999 -9999 -9999 -9999 -9999 -9999 -9999 9 9 8 8 8 8 8 8 8 7 7 7 7 7 7 7 7 7 7 7 7 7 7 7 7 7 8 8 8 8 8 8 8 8 9 9 9 9 9 9 10 9 10 10 11 15 21 15 15 17 17 25 32 29 31 27 27 21 19 20 19 18 18 19 19 18 18 18 18 18 18 19 20 19 20 21 22 23 23 24
-9999 -9999 -9999 -9999 -9999 -9999 -9999 -9999 -9999 -9999 -9999 -9999 -9999 -9999 -9999 9 9 9 8 8 8 8 8 8 8 7 7 7 7 7 7 7 7 7 7 7 7 7 7 7 7 8 8 8 8 8 8 8 8 9 9 9 9 9 9 10 9 9 10 12 15 28 31 24 20 18 22 26 29 30 31 31 25 20 20 19 19 19 18 19 19 19 19 19 19 18 18 19 19 20 20 21 22 22 22
-9999 -9999 -9999 -9999 -9999 -9999 -9999 -9999 -9999 -9999 -9999 -9999 -9999 -9999 -9999 -9999 9 9 8 8 8 8 8 8 8 8 7 7 7 7 7 7 7 7 7 7 7 7 7 7 8 8 8 8 8 8 8 8 8 9 9 9 9 9 9 9 9 10 10 12 16 23 33 34 29 20 19 24 30 32 33 27 24 20 22 20 19 19 18 18 18 18 18 18 18 19 18 18 18 19 19 19 21 21 21
-9999 -9999 -9999 -9999 -9999 -9999 -9999 -9999 -9999 -9999 -9999 -9999 -9999 -9999 -9999 -9999 -9999 9 8 8 8 8 8 8 8 8 8 7 7 7 7 7 7 7 7 7 7 7 7 8 8 8 8 8 8 8 8 8 8 8 9 9 9 9 9 9 9 9 10 9 12 17 31 34 33 31 25 27 27 29 30 30 29 24 22 19 21 20 18 19 18 18 18 17 18 18 19 19 18 20 19 20 20 20 20
-9999 -9999 -9999 -9999 -9999 -9999 -9999 -9999 -9999 -9999 -9999 -9999 -9999 -9999 -9999 -9999 -9999 -9999 8 8 8 8 8 8 8 8 8 8 8 8 7 7 7 7 7 7 8 8 8 8 8 8 8 8 8 8 8 8 8 8 9 8 8 9 9 9 9 9 9 9 10 16 22 30 34 34 31 28 26 26 28 26 30 27 26 22 21 22 18 19 18 17 17 17 17 18 17 19 19 19 19 20 20 20 20
-9999 -9999 -9999 -9999 -9999 -9999 -9999 -9999 -9999 -9999 -9999 -9999 -9999 -9999 -9999 -9999 -9999 -9999 9 8 8 8 8 7 7 7 8 8 7 7 7 7 8 8 8 8 8 8 8 8 8 8 8 8 8 8 8 8 8 8 9 8 9 9 8 9 9 9 9 9 12 13 17 24 33 34 34 33 27 26 25 27 29 26 26 26 20 19 18 19 17 17 17 17 18 18 18 19 19 19 19 19 19 19 19
-9999 -9999 -9999 -9999 -9999 -9999 -9999 -9999 -9999 -9999 -9999 -9999 -9999 -9999 -9999 -9999 -9999 -9999 -9999 8 8 8 8 8 7 7 7 7 7 7 7 8 8 8 8 8 8 8 8 8 8 8 8 8 8 8 8 8 8 8 8 9 9 9 9 8 9 9 9 9 10 12 16 26 30 32 34 34 27 28 27 26 27 28 23 21 22 19 18 18 20 18 17 17 17 18 19 19 18 19 19 19 19 20 20
-9999 -9999 -9999 -9999 -9999 -9999 -9999 -9999 -9999 -9999 -9999 -9999 -9999 -9999 -9999 -9999 -9999 -9999 -9999 -9999 9 8 8 8 8 8 7 7 7 7 7 8 8 8 8 8 8 8 8 8 8 8 8 8 8 8 8 8 8 8 8 9 9 9 9 9 9 9 9 9 9 11 16 23 29 27 30 33 32 26 25 25 26 22 20 19 19 19 22 31 24 21 20 18 18 17 18 19 18 18 18 18 19 20 21
-9999 -9999 -9999 -9999 -9999 -9999 -9999 -9999 -9999 -9999 -9999 -9999 -9999 -9999 -9999 -9999 -9999 -9999 -9999 -9999 -9999 9 8 8 9 8 8 8 7 7 7 7 8 8 8 8 8 8 8 8 8 8 8 8 8 8 8 8 8 8 8 8 8 9 9 8 9 9 9 9 9 10 11 17 23 18 23 32 34 28 28 26 26 21 23 22 21 24 26 31 33 29 24 23 18 18 18 19 18 18 18 18 19 20 20
-9999 -9999 -9999 -9999 -9999 -9999 -9999 -9999 -9999 -9999 -9999 -9999 -9999 -9999 -9999 -9999 -9999 -9999 -9999 -9999 -9999 -9999 -9999 9 8 8 8 8 8 8 7 7 7 7 7 7 7 7 8 8 8 8 8 8 8 8 8 8 8 8 8 8 8 9 9 8 9 9 9 10 11 13 12 11 11 19 27 30 33 33 29 26 24 20 26 28 27 26 23 22 30 29 23 21 20 20 19 18 18 18 18 18 20 20 20
-9999 -9999 -9999 -9999 -9999 -9999 -9999 -9999 -9999 -9999 -9999 -9999 -9999 -9999 -9999 -9999 -9999 -9999 -9999 -9999 -9999 -9999 -9999 -9999 -9999 -9999 8 8 8 8 8 8 8 8 7 8 8 8 8 7 8 8 8 8 8 8 8 8 8 8 8 8 8 8 8 9 9 9 10 12 13 12 11 14 11 14 22 28 30 31 29 25 23 23 27 31 29 26 22 23 21 27 24 21 20 22 21 19 19 18 18 18 20 20 20
-9999 -9999 -9999 -9999 -9999 -9999 -9999 -9999 -9999 -9999 -9999 -9999 -9999 -9999 -9999 -9999 -9999 -9999 -9999 -9999 -9999 -9999 -9999 -9999 -9999 -9999 9 8 8 8 8 8 8 8 8 8 8 9 9 8 8 8 8 8 8 8 8 8 8 8 8 8 8 8 8 8 9 9 9 10 12 11 11 12 12 12 15 21 26 21 26 28 23 23 26 31 28 26 25 27 26 26 30 28 26 20 23 22 21 20 19 19 20 21 20
-9999 -9999 -9999 -9999 -9999 -9999 -9999 -9999 -9999 -9999 -9999 -9999 -9999 -9999 -9999 -9999 -9999 -9999 -9999 -9999 -9999 -9999 -9999 -9999 -9999 -9999 9 8 8 8 8 8 8 8 8 8 8 9 10 9 9 8 8 8 8 8 8 8 8 8 8 8 8 8 8 8 9 9 9 9 9 9 13 14 12 11 13 16 27 18 23 27 27 25 26 29 29 30 28 29 29 27 32 33 32 30 26 25 24 22 19 22 21 22 21
-9999 -9999 -9999 -9999 -9999 -9999 -9999 -9999 -9999 -9999 -9999 -9999 -9999 -9999 -9999 -9999 -9999 -9999 -9999 -9999 -9999 -9999 -9999 -9999 -9999 9 9 9 8 8 8 8 8 8 8 8 8 9 10 10 10 9 9 8 8 8 8 8 8 8 8 8 8 8 8 8 8 9 9 10 11 12 10 11 12 14 13 13 13 15 20 27 30 29 30 27 30 32 32 33 33 31 31 31 30 28 27 26 23 22 20 22 25 25 24
-9999 -9999 -9999 -9999 -9999 -9999 -9999 -9999 -9999 -9999 -9999 -9999 -9999 -9999 -9999 -9999 -9999 -9999 -9999 -9999 -9999 -9999 -9999 -9999 9 9 9 9 9 9 8 8 8 8 8 8 8 9 9 9 10 10 9 8 8 8 8 8 8 8 8 8 8 8 8 8 8 9 9 9 10 12 12 12 10 12 11 12 14 13 14 19 22 28 30 31 31 33 33 33 33 33 32 32 26 25 24 23 24 24 22 22 24 24 26
-9999 -9999 -9999 -9999 -9999 -9999 -9999 -9999 -9999 -9999 -9999 -9999 -9999 -9999 -9999 -9999 10 10 10 10 10 10 10 9 9 9 9 9 9 9 9 8 8 8 8 9 9 9 9 9 9 9 9 9 9 9 9 8 8 8 9 8 8 8 8 8 8 8 9 9 9 11 13 15 12 11 13 13 15 16 14 18 25 32 32 32 33 33 33 33 33 33 33 32 30 30 29 30 29 26 22 23 23 24 23
-9999 -9999 -9999 -9999 -9999 -9999 -9999 -9999 -9999 -9999 -9999 -9999 -9999 11 11 11 10 10 10 10 10 10 9 9 9 9 9 9 9 9 9 9 9 9 9 9 10 10 10 11 10 10 9 10 10 11 11 10 9 8 8 8 9 9 8 8 9 9 9 9 9 10 11 13 13 12 14 16 14 16 17 19 25 31 32 32 33 33 33 33 34 33 33 33 32 33 33 31 31 29 24 24 25 24 25
-9999 -9999 -9999 -9999 -9999 -9999 -9999 -9999 -9999 -9999 -9999 -9999 11 11 11 11 11 12 12 12 11 10 10 10 9 9 9 9 10 9 10 10 10 10 11 10 10 11 10 11 11 11 11 9 10 12 11 10 9 9 8 9 9 9 9 8 9 9 9 9 9 9 10 11 14 15 12 14 17 19 22 17 22 25 26 29 32 32 33 33 34 33 33 32 32 33 32 32 32 28 28 26 28 27 28
-9999 -9999 -9999 -9999 -9999 -9999 -9999 -9999 -9999 -9999 -9999 12 12 12 12 12 13 12 13 13 11 10 10 10 10 10 10 10 11 10 10 12 12 13 13 10 10 10 11 11 11 10 10 10 10 11 10 10 10 9 9 9 9 9 9 9 9 9 9 9 9 9 9 10 11 12 14 16 18 24 23 20 18 20 23 28 32 32 32 32 32 32 32 32 32 32 32 32 32 30 30 29 29 29 29
