testdata/Hispaniola_WorldClim/snv_17.asc
ncols         743
nrows         319
xllcorner     -74.500956448335
yllcorner     17.448920549066
cellsize      0.0083333333333333
NODATA_value  -9999
[rows 80 to 119 of 319, columns 450 to 539 of 743]
154 152 151 150 150 151 150 153 156 161 168 171 174 180 183 188 192 197 199 205 209 212 217 221 226 230 234 237 240 243 247 248 253 257 260 266 265 277 281 277 281 284 284 284 284 284 284 284 282 281 280 280 280 280 280 279 278 280 280 279 278 278 278 277 277 277 277 276 276 276 274 276 280 276 272 271 280 282 290 292 294 290 287 294 296 294 295 295 296 295
153 155 153 151 150 149 152 158 161 164 170 171 172 175 181 184 190 193 196 201 205 209 213 216 221 225 229 230 234 237 240 243 245 248 253 257 260 269 272 273 272 279 274 282 276 284 282 282 280 280 279 279 279 278 278 276 277 279 280 279 279 276 277 276 276 275 275 274 273 274 273 272 274 277 283 285 274 282 286 290 291 280 281 287 294 294 294 294 295 294
155 168 163 153 149 149 156 165 165 168 173 173 169 174 178 182 186 190 194 197 201 205 209 213 218 221 224 227 230 234 235 238 239 243 244 247 251 259 262 269 266 271 273 273 273 275 274 278 279 279 279 278 278 276 276 277 275 278 277 277 279 279 279 276 275 272 272 271 271 271 272 270 270 269 274 272 275 281 282 285 287 277 278 289 288 290 293 294 294 294
164 162 156 153 147 160 167 169 172 172 172 170 171 173 176 179 185 188 191 195 198 202 205 209 213 216 219 222 226 228 231 233 236 239 240 243 246 249 250 253 256 261 265 270 267 268 272 275 281 280 279 277 275 274 275 274 275 275 276 277 277 278 278 276 274 272 273 277 272 273 273 270 272 268 266 267 272 277 278 282 282 276 273 277 285 288 289 290 290 292
161 159 160 152 148 184 172 174 171 170 168 168 170 172 175 179 182 186 189 192 195 200 203 206 209 212 215 219 221 224 227 229 232 235 238 238 241 243 245 246 246 250 253 256 257 270 268 264 273 267 275 277 275 277 275 275 276 274 276 277 277 277 277 272 271 270 276 275 275 274 269 269 269 265 267 268 265 267 275 276 278 274 272 273 279 283 285 287 289 290
163 157 155 150 149 185 176 179 178 171 170 170 169 172 175 177 180 183 187 190 194 197 200 204 207 210 214 217 219 222 225 227 228 231 233 236 236 240 240 242 243 244 245 246 250 251 253 254 263 265 273 275 275 274 274 268 274 275 275 275 273 275 276 272 272 271 274 274 273 272 272 270 266 266 267 267 266 262 269 271 274 275 275 275 275 276 280 282 284 285
164 159 157 148 152 165 181 179 188 179 174 172 170 172 175 177 179 182 185 189 192 195 198 201 203 207 210 214 215 219 222 223 226 229 230 233 234 235 238 238 238 240 241 242 245 246 248 249 252 255 257 264 268 272 264 269 274 272 274 273 268 273 274 273 274 272 271 273 273 271 271 268 267 265 268 269 267 261 263 269 270 274 275 279 275 274 282 286 284 286
169 160 166 169 154 169 188 186 198 192 180 175 172 173 174 177 179 182 185 189 193 196 198 199 202 205 208 212 214 216 219 222 223 226 228 230 231 232 233 235 236 235 238 240 242 244 246 248 248 250 251 253 257 260 260 263 263 267 266 268 264 267 272 272 272 273 272 269 271 270 271 271 270 265 265 269 266 263 260 262 269 272 272 274 273 275 274 281 285 286
171 182 185 181 158 188 226 203 200 202 198 178 178 175 174 177 179 183 186 189 196 198 199 200 202 203 207 210 213 215 217 219 221 224 226 227 229 231 232 232 233 234 236 237 239 241 243 245 246 247 249 249 251 252 252 254 260 261 267 263 260 268 268 264 265 270 270 268 269 271 265 266 267 268 267 265 264 264 259 258 260 264 270 272 274 276 276 274 281 281
172 182 189 177 187 199 230 212 197 198 177 180 177 177 177 179 182 186 188 192 198 196 198 198 200 203 206 208 211 214 216 218 220 222 224 225 227 228 230 230 233 232 236 236 238 240 242 242 244 245 246 247 248 249 250 251 253 253 254 255 257 259 262 259 258 261 265 265 260 270 267 262 267 267 268 267 267 266 262 265 257 265 268 272 276 280 279 280 273 285
196 203 195 156 169 187 195 206 197 185 184 188 184 186 184 182 184 188 187 195 194 195 196 198 200 201 204 207 210 212 215 217 218 221 222 224 225 227 229 230 232 233 235 236 237 239 240 242 243 245 245 246 246 248 248 250 250 250 251 251 252 253 255 256 256 258 257 258 261 264 268 268 265 268 265 266 267 266 266 261 255 256 265 267 271 274 279 276 268 277
190 178 176 166 159 188 213 217 192 195 191 189 187 187 183 182 185 188 191 193 193 194 195 196 199 201 204 206 209 211 214 216 217 220 222 224 226 227 227 229 231 231 233 235 237 238 239 241 242 243 244 244 245 246 246 247 248 248 249 249 250 251 251 252 253 253 256 256 255 258 261 264 264 263 263 260 262 263 264 264 261 254 257 263 271 270 274 275 271 263
180 177 174 161 162 185 205 221 220 199 191 190 184 187 184 182 183 186 190 192 192 194 194 196 199 201 203 205 208 210 212 215 218 218 221 223 224 226 228 230 231 232 234 234 236 238 239 241 241 242 243 242 244 244 244 244 245 245 246 247 249 248 249 250 250 251 252 252 253 254 255 257 257 258 256 257 256 258 259 259 261 259 253 257 268 266 270 271 264 262
157 158 163 163 161 172 199 226 209 206 199 194 190 185 181 184 182 185 189 191 192 193 195 197 199 202 203 205 208 211 212 214 217 219 221 223 224 226 227 229 230 231 232 234 235 236 237 239 240 241 241 241 242 241 243 243 243 243 245 245 246 245 247 249 250 251 251 251 251 252 253 254 253 254 254 255 255 254 255 254 254 254 255 258 254 252 253 250 250 249
160 173 180 180 163 172 184 206 219 219 200 192 192 191 202 188 185 185 186 189 194 193 196 198 200 202 204 206 209 211 213 215 217 218 221 223 224 226 228 229 230 231 233 233 235 236 236 238 239 240 239 241 241 242 241 240 241 242 242 243 243 243 244 248 249 249 250 249 250 250 251 253 253 256 254 253 255 255 257 259 258 257 256 257 252 256 252 251 251 251
174 189 191 178 178 194 206 196 216 226 208 200 202 196 187 193 197 189 187 189 191 193 195 198 200 202 204 206 209 211 214 215 217 220 221 223 224 226 227 229 231 232 232 234 234 236 236 237 239 239 238 239 240 239 239 240 240 240 240 241 241 243 244 244 246 249 250 247 249 250 251 251 252 256 257 254 253 256 256 256 261 259 262 266 267 260 253 250 249 249
187 185 193 175 180 198 204 201 206 222 223 212 203 192 191 194 201 195 190 191 193 214 206 199 201 204 205 207 210 212 215 216 219 220 222 224 226 226 228 230 230 232 234 234 236 235 236 237 238 238 238 238 239 238 238 239 237 238 238 238 240 240 240 242 245 244 248 250 247 248 249 249 251 252 252 252 253 253 254 254 255 257 256 258 262 270 265 260 257 252
188 202 193 179 184 201 216 215 210 217 220 209 205 197 196 198 205 196 194 192 194 198 224 207 202 204 206 208 210 213 215 217 219 221 223 223 226 228 228 230 232 232 234 234 235 235 237 236 237 237 237 238 237 237 238 237 237 237 236 236 236 237 239 240 242 242 244 250 250 246 247 249 250 251 252 252 252 252 253 254 254 254 252 252 252 255 273 273 263 260
181 199 186 187 193 213 220 223 224 228 218 218 214 208 204 204 211 203 201 197 198 202 221 213 204 205 207 210 212 214 216 218 221 221 223 225 226 228 230 231 232 233 233 234 235 236 236 236 237 237 237 238 238 237 237 236 235 235 235 234 235 236 236 238 241 240 242 243 244 245 247 247 250 251 251 252 252 253 252 255 253 254 255 252 251 251 251 253 256 266
185 207 194 187 186 195 202 213 215 227 222 216 207 203 212 211 207 207 201 200 200 200 214 217 210 205 208 211 213 216 218 219 221 223 224 226 227 229 230 231 233 232 234 234 235 236 235 236 237 236 236 237 237 236 236 235 234 233 233 233 234 234 236 237 239 240 240 242 244 246 246 248 248 248 250 251 252 254 255 255 254 255 253 253 252 251 251 250 250 249
204 189 207 209 190 190 193 199 205 220 230 223 213 212 218 216 215 216 210 203 200 201 211 208 212 208 210 211 213 216 218 221 222 224 225 226 229 230 231 232 233 233 234 234 236 236 235 237 237 237 236 236 237 237 236 235 234 233 233 233 233 234 236 236 236 239 241 242 243 244 246 248 248 249 251 251 253 253 253 257 256 255 254 254 252 251 250 251 250 250
227 197 227 224 213 206 208 193 197 209 225 224 225 221 215 217 205 202 204 211 206 201 209 208 206 208 211 213 216 218 220 222 224 224 226 229 229 231 231 233 233 234 234 234 236 236 235 237 237 237 236 236 236 236 236 235 235 234 233 233 234 234 236 237 237 239 241 243 243 245 247 247 249 250 250 252 254 254 255 257 256 256 255 255 253 251 253 253 251 250
224 218 218 231 229 223 223 196 205 222 236 233 217 211 200 202 194 195 200 199 201 200 203 204 208 210 212 214 217 219 222 224 224 227 228 229 231 231 233 233 234 235 234 235 236 236 236 237 237 237 237 236 236 236 236 235 235 235 233 234 234 236 236 238 238 239 241 241 243 245 247 248 249 251 252 253 254 255 256 257 256 258 257 257 255 255 256 256 256 254
220 226 227 223 230 231 235 230 205 208 223 231 232 217 214 211 199 192 201 199 202 201 204 206 209 211 214 217 219 222 222 224 227 228 229 230 231 232 233 234 235 235 236 236 236 236 237 238 237 237 237 237 237 236 236 235 235 236 236 235 235 236 237 238 239 240 241 242 244 245 247 247 249 251 252 253 254 255 256 258 256 259 259 260 259 260 260 258 260 260
213 222 226 227 228 229 229 230 212 236 224 236 238 242 228 223 202 208 203 198 200 201 204 208 210 213 215 217 220 222 224 226 228 229 230 231 232 233 234 234 235 236 237 237 236 237 237 238 238 237 237 237 237 237 237 236 236 236 236 236 237 237 238 238 239 241 242 244 244 245 247 247 249 250 252 253 255 256 257 258 258 259 259 261 263 263 262 264 262 272
208 219 225 226 225 220 230 234 225 235 237 240 241 241 243 241 225 218 221 197 207 203 205 209 212 215 217 220 222 224 226 228 228 230 230 232 233 234 234 235 236 236 237 237 238 237 238 238 238 238 238 237 237 237 237 237 236 236 237 237 237 239 239 240 241 242 242 243 244 245 247 247 249 251 252 253 255 256 257 259 260 261 262 263 265 262 266 265 265 272
220 215 218 225 222 218 227 228 218 236 237 237 241 238 244 243 245 231 209 222 203 216 222 210 212 215 219 222 224 226 229 229 231 231 233 233 235 235 236 236 236 237 237 238 238 239 239 238 238 238 238 238 238 238 238 238 239 238 237 238 239 239 239 241 241 242 243 244 245 245 247 247 249 251 252 253 255 257 257 259 261 263 264 265 267 268 270 266 265 275
208 215 221 223 218 214 218 229 227 236 231 227 238 241 239 243 245 234 219 233 227 209 219 229 214 216 219 222 225 228 229 231 231 233 233 235 235 235 237 237 238 238 238 238 239 239 239 239 239 238 238 239 239 239 239 239 239 239 239 239 239 240 240 241 242 242 244 244 245 245 247 248 249 251 252 253 255 256 257 259 261 264 266 267 268 270 272 274 274 280
203 213 222 222 218 211 219 227 211 234 228 237 235 234 244 244 212 234 248 244 246 227 216 224 215 219 221 224 227 229 230 231 232 233 234 235 235 237 237 237 239 239 239 240 240 239 240 240 240 241 241 241 240 240 240 240 240 240 240 240 240 240 241 242 242 243 243 245 245 247 247 248 248 251 251 253 254 255 257 259 261 264 265 268 271 273 275 277 279 284
191 204 216 216 220 223 219 228 233 219 229 238 240 241 243 241 242 246 247 251 247 228 220 238 228 221 221 224 230 229 231 232 233 233 235 235 237 237 237 239 239 239 240 240 241 241 241 241 241 241 241 241 241 241 240 240 240 240 241 242 242 242 242 242 242 244 244 245 245 247 247 248 250 251 252 253 254 255 257 259 261 264 266 269 271 273 276 279 282 283
191 209 217 208 208 223 228 229 227 233 236 237 238 240 242 242 241 247 247 247 251 231 225 229 236 225 225 227 230 230 231 232 233 234 235 237 238 238 240 240 240 241 241 241 241 241 242 242 242 242 242 242 242 242 242 241 241 241 242 242 243 243 243 243 245 245 246 246 247 248 249 249 251 251 252 253 254 255 257 259 261 264 267 270 272 275 279 279 283 286
186 210 212 211 199 206 226 228 219 220 234 233 237 240 242 242 247 246 241 246 242 239 239 232 241 239 227 229 232 233 231 232 234 236 236 238 238 239 240 240 241 242 242 242 243 243 242 242 242 242 242 242 242 242 243 243 243 242 243 243 243 243 244 245 245 246 246 248 248 248 249 250 251 251 252 253 254 254 257 260 261 265 269 272 274 276 279 282 285 287
191 206 192 199 205 204 203 220 231 230 224 237 238 241 243 244 245 248 245 238 249 223 226 233 246 232 238 241 237 234 236 234 235 237 237 239 239 240 240 240 242 242 242 243 243 244 244 244 244 244 244 244 244 244 244 244 244 244 243 243 243 244 245 245 246 246 246 248 248 249 249 251 251 252 253 254 254 254 256 259 262 266 269 272 275 277 280 283 287 290
201 202 203 204 199 210 203 211 228 227 225 236 239 241 243 243 246 247 248 250 252 224 232 231 241 251 250 243 239 235 238 238 238 238 239 240 241 241 242 243 243 243 244 245 245 244 244 245 245 245 245 245 245 244 244 244 244 244 244 245 245 245 245 246 246 246 248 248 249 249 250 251 252 253 254 255 255 257 258 261 263 266 269 273 276 278 283 286 287 290
192 190 198 203 209 214 217 205 222 228 233 233 233 241 243 245 247 249 249 252 249 244 235 235 241 248 256 238 234 236 239 237 239 241 241 243 243 242 243 243 243 245 245 245 245 246 246 246 246 246 246 246 246 246 246 246 246 246 245 246 246 247 246 246 246 247 248 249 249 249 252 252 253 253 255 255 257 258 259 262 265 267 270 273 277 280 283 285 288 291
192 191 192 194 203 214 219 221 225 224 225 235 236 240 242 244 247 248 250 251 250 243 237 244 246 256 255 252 254 240 251 246 241 242 244 244 243 244 244 245 245 246 246 247 248 248 247 247 247 247 247 247 247 247 247 247 247 246 246 247 247 247 247 248 249 249 250 250 250 251 252 253 253 254 256 257 258 260 261 264 267 269 272 275 276 279 282 285 288 290
184 189 190 196 204 214 215 222 224 223 214 233 235 241 241 244 247 248 250 250 253 251 251 253 256 255 257 246 246 257 253 246 247 247 246 249 251 246 247 246 246 246 248 248 248 248 249 249 249 249 249 249 248 248 248 248 248 248 247 247 247 248 248 248 248 250 250 250 251 252 253 253 255 256 257 258 260 262 262 265 268 270 272 275 278 280 283 286 289 292
181 182 187 197 198 204 212 221 220 204 210 233 239 240 243 244 245 245 245 250 251 251 253 253 254 255 254 226 221 232 258 259 255 255 250 251 252 251 253 248 249 249 249 249 250 250 250 249 249 249 249 249 249 250 249 249 249 249 249 250 249 249 248 249 250 250 250 251 252 252 253 254 255 257 258 259 261 263 265 267 269 269 271 276 277 279 281 285 289 292
173 177 185 184 198 206 210 212 213 208 225 233 239 241 242 244 246 244 243 244 252 253 250 231 237 246 253 234 204 209 224 256 253 257 251 253 254 256 256 259 255 252 252 251 251 251 251 252 252 252 251 251 251 251 251 251 251 250 250 250 250 249 250 250 250 250 251 252 252 253 254 255 256 258 259 261 263 265 266 267 269 267 268 274 274 279 274 276 276 279
164 168 175 178 189 198 205 205 206 200 225 233 238 239 241 243 247 243 239 237 241 245 238 223 193 213 224 224 214 178 194 259 257 248 260 260 257 259 260 260 262 254 254 255 254 253 253 253 254 253 252 252 252 251 252 252 252 252 251 251 251 251 251 250 250 252 252 252 253 254 255 255 258 258 260 262 263 267 268 268 266 266 269 272 271 273 275 275 273 272
