testdata/Hispaniola_WorldClim/snv_7.asc
ncols         743
nrows         319
xllcorner     -74.500956448335
yllcorner     17.448920549066
cellsize      0.0083333333333333
NODATA_value  -9999
[rows 117 to 155 of 319, columns 528 to 615 of 743]
142 142 142 144 142 141 141 141 141 140 140 139 139 139 139 138 138 138 138 138 137 137 136 135 135 135 135 134 134 134 134 134 134 134 134 133 132 132 132 132 132 132 131 129 129 129 129 129 129 129 129 129 128 128 127 127 -9999 -9999 -9999 -9999 -9999 -9999 -9999 -9999 -9999 -9999 -9999 -9999 -9999 -9999 -9999 -9999 -9999 -9999 -9999 -9999 -9999 -9999 -9999 -9999 -9999 -9999 -9999 -9999 -9999 -9999 -9999 -9999
144 144 143 144 144 142 143 142 143 143 143 142 143 141 142 142 141 140 139 138 138 137 137 136 135 135 135 136 135 134 134 134 134 134 134 134 132 132 132 132 132 132 131 129 129 129 129 129 129 129 129 130 128 128 128 127 -9999 -9999 -9999 -9999 -9999 -9999 -9999 -9999 -9999 -9999 -9999 -9999 -9999 -9999 -9999 -9999 -9999 -9999 -9999 -9999 -9999 -9999 -9999 -9999 -9999 -9999 -9999 -9999 -9999 -9999 -9999 -9999
144 144 144 144 144 143 143 143 143 143 143 143 142 142 142 141 141 141 141 138 138 139 140 139 140 139 140 137 136 135 134 134 134 134 134 134 133 133 132 132 132 132 132 131 131 129 129 129 129 129 129 129 128 127 130 -9999 -9999 -9999 -9999 -9999 -9999 -9999 -9999 -9999 -9999 -9999 -9999 -9999 -9999 -9999 -9999 -9999 -9999 -9999 -9999 -9999 -9999 -9999 -9999 -9999 -9999 -9999 -9999 -9999 -9999 -9999 -9999 -9999
143 144 144 144 143 144 143 143 143 143 143 142 142 142 141 142 142 142 142 141 138 137 137 140 140 139 140 138 139 139 136 137 136 135 134 136 135 135 135 132 132 132 132 131 131 131 131 129 129 129 129 129 128 130 129 -9999 -9999 -9999 -9999 -9999 -9999 -9999 -9999 -9999 -9999 -9999 -9999 -9999 -9999 -9999 -9999 -9999 -9999 -9999 -9999 -9999 -9999 -9999 -9999 -9999 -9999 123 124 -9999 -9999 -9999 -9999 -9999
143 144 144 144 145 144 144 143 143 143 144 144 143 142 142 142 142 143 142 141 141 142 137 137 137 140 140 139 140 140 139 139 139 139 139 138 136 137 137 136 135 135 133 132 132 131 132 131 131 129 131 132 130 130 131 -9999 -9999 -9999 -9999 -9999 -9999 -9999 -9999 -9999 -9999 -9999 -9999 -9999 -9999 -9999 -9999 -9999 -9999 -9999 -9999 -9999 -9999 -9999 -9999 124 124 124 124 124 124 -9999 -9999 -9999
144 143 144 145 144 143 144 144 143 143 143 143 142 142 142 142 142 142 142 142 143 141 142 139 140 141 141 139 140 139 139 139 139 139 140 138 138 138 138 138 137 138 136 135 135 135 135 135 135 135 132 133 133 133 131 130 -9999 -9999 -9999 -9999 -9999 -9999 -9999 127 127 127 -9999 -9999 -9999 -9999 126 125 124 -9999 -9999 -9999 -9999 -9999 -9999 123 124 124 124 124 124 124 -9999 -9999
144 143 145 145 145 144 145 145 144 143 142 142 141 140 142 143 142 141 142 142 143 143 143 138 142 142 141 141 141 140 139 139 139 140 139 139 139 139 139 138 139 138 138 138 138 137 137 137 135 135 134 135 134 134 133 133 128 130 130 129 127 130 130 130 130 129 130 128 127 130 130 128 126 125 126 124 124 -9999 -9999 124 124 124 124 124 124 124 -9999 -9999
143 143 145 145 144 145 145 145 144 144 143 141 142 143 142 141 141 141 143 142 141 143 142 138 143 142 142 142 142 139 142 141 140 140 140 139 139 140 139 139 139 139 139 139 137 137 137 138 137 137 137 136 134 134 133 134 134 132 133 134 134 133 133 133 132 132 131 132 128 129 131 129 129 127 127 127 127 125 124 124 124 124 124 124 124 124 -9999 -9999
144 144 143 142 145 145 145 145 144 144 142 142 142 143 143 141 141 141 142 142 141 141 141 137 142 142 142 142 142 142 142 142 141 140 141 141 141 141 141 139 139 139 140 139 138 138 137 137 137 137 137 137 135 134 135 134 135 134 134 134 135 134 133 133 133 134 133 133 133 134 133 133 133 132 131 132 129 125 125 124 124 124 125 124 124 123 124 -9999
144 144 143 143 144 145 144 145 145 144 143 143 142 142 142 142 141 141 142 142 142 142 139 139 143 143 144 142 143 142 142 142 142 142 141 142 142 142 142 141 141 140 140 140 140 139 137 138 137 137 137 137 137 137 137 136 137 137 137 135 137 135 135 134 133 134 134 135 134 134 134 133 133 133 132 130 130 127 125 124 124 125 124 124 124 124 124 124
144 144 144 144 144 144 144 144 145 143 143 143 143 142 142 143 143 143 143 142 144 142 139 139 142 142 142 143 143 142 142 142 142 141 141 142 141 142 142 142 141 141 141 141 140 140 139 137 139 140 137 137 137 137 137 137 137 137 137 137 137 137 136 135 136 135 134 134 135 134 135 135 134 134 133 130 132 132 132 132 126 124 124 124 124 124 124 124
145 145 145 144 144 145 144 145 144 144 143 143 143 143 142 142 142 142 142 143 143 139 139 139 143 144 143 144 143 143 144 142 142 141 143 143 142 142 142 143 142 142 141 141 141 140 140 140 140 140 138 140 137 137 137 138 138 138 137 137 138 137 137 137 136 135 135 136 135 136 136 135 134 134 132 130 132 133 131 131 129 126 126 124 125 125 124 125
144 144 144 144 144 144 144 144 144 144 144 144 143 143 142 142 143 142 145 143 142 139 139 139 143 144 143 144 143 144 144 144 144 143 143 141 142 142 141 144 143 142 141 141 141 141 141 140 140 140 140 139 139 138 138 140 138 139 139 139 138 137 137 137 137 137 138 137 135 136 136 136 136 135 134 133 133 132 130 130 130 127 127 127 127 125 126 128
144 144 144 145 144 144 144 146 146 144 143 144 144 143 143 142 143 143 145 143 140 140 140 140 142 143 143 144 144 144 143 144 144 144 144 144 143 143 144 143 143 142 142 142 142 141 142 141 141 141 140 140 140 139 139 140 140 140 139 140 138 139 139 137 138 137 137 137 135 136 136 137 136 136 135 133 132 132 134 133 131 130 129 126 127 127 126 128
145 145 145 145 144 144 144 144 146 146 146 143 144 144 142 142 143 144 145 142 141 140 139 139 141 142 143 143 144 143 143 144 143 144 143 144 143 144 144 143 144 144 143 143 142 142 142 142 141 141 141 143 141 139 141 141 140 140 140 140 140 140 138 139 139 139 139 137 137 137 136 136 136 136 136 135 134 133 133 133 132 131 132 126 127 127 127 129
145 145 145 144 144 144 144 144 146 147 145 143 143 143 143 143 144 144 142 142 141 139 141 141 141 143 144 143 144 144 144 144 144 144 144 144 144 144 144 144 144 144 143 143 143 142 143 143 143 143 143 142 141 141 142 142 142 141 142 140 140 140 140 140 140 139 139 139 138 139 137 136 136 136 136 136 135 137 136 135 132 129 129 128 127 127 126 126
145 146 144 144 144 143 145 146 145 150 146 145 144 143 144 144 144 144 141 142 141 141 141 142 142 141 143 144 144 144 143 144 144 144 144 144 143 144 144 144 144 143 144 143 143 142 142 144 143 142 142 143 143 142 142 142 143 142 143 141 143 140 140 141 140 140 140 140 140 139 138 137 137 137 137 136 136 138 139 133 129 129 127 127 127 127 128 128
146 146 146 145 145 145 143 144 149 151 150 145 145 145 143 144 143 144 143 142 142 141 141 143 142 142 143 143 144 144 144 145 145 144 143 144 144 144 144 144 143 144 145 144 143 143 142 144 144 144 144 143 142 143 143 143 143 143 143 142 143 143 143 143 143 140 140 141 140 140 140 138 137 138 138 138 137 138 137 135 130 129 128 127 128 128 129 129
145 145 146 143 146 145 145 145 146 149 151 147 145 144 146 145 144 141 144 144 141 141 142 143 144 144 144 144 143 145 144 145 143 144 144 143 145 145 144 144 144 144 144 144 143 142 142 143 142 143 144 142 143 142 143 143 143 143 143 143 143 142 141 141 142 143 141 142 142 140 140 140 140 138 138 140 139 138 136 132 130 130 129 129 129 129 129 129
145 146 145 145 149 150 145 145 150 154 149 145 145 145 145 145 144 143 141 143 141 142 141 141 142 144 144 144 144 146 146 145 144 145 143 144 144 145 145 145 145 144 145 144 144 144 144 143 144 143 144 144 144 143 144 143 144 143 144 143 143 143 142 143 142 142 142 140 141 142 140 140 140 140 141 141 140 135 132 132 130 130 133 131 130 130 130 130
145 145 146 145 148 150 151 146 152 158 152 147 145 144 146 145 145 144 141 141 141 141 141 141 142 144 143 144 146 144 146 145 145 143 144 145 144 145 145 145 145 145 144 145 144 144 144 144 145 144 143 144 145 143 143 144 144 144 143 144 143 143 142 143 143 143 143 142 143 142 141 141 140 140 140 140 140 134 140 134 131 131 138 131 131 133 131 132
145 146 145 145 146 145 149 148 150 152 155 150 146 146 146 146 145 144 143 142 141 141 141 142 141 146 144 145 144 145 145 145 146 146 144 146 145 145 146 145 144 144 144 145 144 145 144 144 143 143 145 144 144 144 143 145 144 144 144 145 144 144 143 143 143 143 143 143 143 143 142 141 142 142 142 141 141 135 140 136 132 132 136 133 132 131 133 131
145 145 145 145 145 146 147 151 150 152 153 152 150 147 145 147 146 145 144 141 141 141 143 141 140 146 145 143 144 144 144 144 146 146 146 146 145 146 146 145 145 145 145 145 144 145 145 143 143 143 144 144 144 145 144 145 145 144 145 144 145 144 144 144 144 144 143 143 143 143 142 142 141 141 142 142 141 141 141 141 135 134 137 134 132 132 133 133
146 146 144 145 146 145 147 151 152 150 150 150 147 148 147 144 146 145 142 142 141 143 145 142 143 145 144 144 143 145 146 146 146 145 146 146 146 145 146 144 143 144 144 145 144 145 144 145 145 145 144 144 145 144 145 145 145 145 145 145 145 144 144 144 145 145 143 143 144 142 143 143 143 142 143 142 142 142 142 142 141 142 142 135 132 134 133 135
147 146 146 145 145 147 146 147 149 150 152 150 147 147 144 144 144 143 143 142 145 146 146 144 146 146 145 144 144 144 146 146 143 143 145 144 146 146 143 144 144 144 145 144 144 144 143 145 145 144 145 144 143 144 145 145 145 144 145 145 145 145 145 145 144 144 144 144 144 143 144 143 144 143 143 143 143 142 143 142 142 143 143 140 136 136 135 135
146 146 146 145 145 145 147 147 149 152 152 146 145 144 145 143 143 143 142 143 145 148 146 147 145 146 146 146 144 143 143 145 143 143 143 143 146 146 145 143 143 144 144 143 145 143 145 145 145 145 144 144 142 142 143 144 144 145 145 146 145 144 143 142 144 144 144 144 145 144 145 144 145 144 144 143 143 143 142 142 143 143 143 143 142 141 135 138
147 148 145 145 147 145 147 147 147 149 150 149 145 144 144 143 143 143 143 143 144 146 146 145 143 143 144 144 144 145 143 144 143 143 144 144 146 143 145 144 143 143 144 143 145 143 143 144 145 144 144 144 142 142 142 142 142 145 144 143 142 141 142 144 144 145 145 145 145 144 145 144 145 145 144 145 144 145 145 145 145 145 144 145 145 145 140 139
147 145 146 148 146 145 147 145 146 146 147 149 146 144 145 144 144 143 144 144 147 149 148 147 145 143 143 144 143 143 143 143 145 144 145 146 146 145 144 144 142 141 144 144 145 144 144 144 145 144 142 142 142 143 142 142 142 142 142 141 142 141 145 144 145 145 145 146 145 145 145 146 146 144 145 145 144 145 146 144 145 146 145 146 145 145 143 142
146 147 147 147 146 146 147 147 147 145 145 147 147 144 145 144 144 144 143 144 146 148 146 146 141 142 146 143 145 143 143 143 144 145 145 146 148 147 146 143 144 142 145 145 143 143 143 142 144 142 143 142 142 142 142 142 142 142 142 142 142 143 143 145 144 145 145 146 147 145 145 145 144 145 146 144 146 146 145 145 145 145 145 145 145 146 145 145
148 149 149 149 148 146 148 148 148 145 145 146 146 144 144 144 144 144 144 145 147 148 146 146 143 142 145 146 148 144 145 145 147 145 145 146 148 147 146 144 144 142 143 145 143 143 143 142 142 143 143 142 142 142 141 142 142 142 142 142 142 143 144 143 144 144 144 144 145 145 144 144 145 145 145 145 145 146 145 145 146 145 145 146 146 145 146 146
149 148 148 146 147 146 145 144 146 146 144 144 144 144 144 144 144 146 146 145 146 147 144 143 142 142 143 145 148 145 145 148 150 148 149 146 145 144 145 145 142 140 142 142 142 142 142 142 142 142 142 142 142 142 142 142 143 142 142 142 143 144 142 143 145 144 144 144 144 145 145 144 145 145 146 145 145 146 146 145 145 146 145 144 145 145 146 145
149 148 147 148 147 145 146 144 146 144 144 144 143 144 143 144 144 147 145 144 144 146 144 143 143 141 143 144 145 148 145 148 145 148 150 148 146 144 142 142 142 140 140 141 142 141 141 141 143 143 141 142 142 142 142 143 145 142 141 142 143 142 143 143 144 144 143 144 144 145 144 145 144 145 145 145 146 145 145 146 148 146 145 145 145 145 145 146
151 151 148 150 150 148 144 144 144 144 143 143 143 143 143 144 146 145 144 145 143 143 143 144 143 143 142 145 145 145 145 148 143 143 145 146 145 143 141 141 140 140 140 140 141 142 140 140 142 143 142 142 142 142 142 143 143 142 142 142 142 142 142 142 142 143 144 143 145 144 144 144 145 145 145 145 145 145 145 145 146 147 145 145 145 146 146 146
148 147 148 148 149 146 144 144 143 144 143 142 142 142 143 143 144 144 144 143 144 144 142 143 142 143 142 142 145 143 143 146 143 143 142 143 143 142 140 140 140 140 140 141 142 142 140 140 142 141 143 141 140 142 142 142 142 141 142 142 142 142 142 143 143 144 145 143 144 144 143 143 145 145 144 145 145 145 145 143 146 148 146 145 145 145 146 145
147 147 147 146 146 143 144 143 144 142 143 144 143 144 143 142 142 144 144 142 142 143 143 142 142 143 142 143 142 142 142 143 143 142 142 142 141 142 142 141 140 140 139 141 141 140 140 140 141 141 142 141 141 142 142 141 143 142 142 141 141 141 141 143 143 143 144 143 143 142 143 144 144 144 144 144 145 145 145 145 143 145 145 145 145 146 145 145
145 146 144 143 144 145 144 143 143 143 144 144 143 143 143 141 144 143 142 142 142 142 142 142 142 143 142 142 141 142 143 142 143 141 142 141 141 143 141 142 139 140 141 142 142 140 141 141 141 142 141 140 141 142 140 141 142 142 141 141 141 140 142 143 142 142 142 143 143 142 143 143 143 143 143 144 143 145 146 145 144 145 146 147 147 146 146 147
144 144 144 144 145 144 144 143 143 144 144 145 144 146 143 141 141 142 142 142 141 142 142 141 142 141 141 141 142 141 142 142 142 141 140 142 142 141 141 142 140 140 142 140 141 142 141 141 141 141 141 141 140 140 141 143 145 143 139 140 141 140 141 141 142 143 144 142 143 143 143 142 142 143 142 144 144 145 143 145 145 147 147 146 146 147 148 148
146 147 145 143 146 144 143 143 144 143 144 143 143 143 144 144 141 142 141 142 142 141 142 141 142 141 142 142 141 142 141 141 141 141 141 140 141 141 141 140 141 140 140 140 140 142 142 140 141 139 140 141 140 139 139 141 142 144 140 141 140 141 142 141 140 142 142 143 144 144 143 144 142 144 144 143 145 145 144 145 146 145 146 145 146 146 147 146
146 144 144 144 146 146 143 144 144 144 145 144 141 143 142 141 140 141 142 140 141 141 142 142 141 142 142 142 142 141 141 140 142 142 142 142 141 140 140 141 141 141 139 140 141 141 141 142 140 139 139 140 139 140 139 139 142 139 140 140 140 140 141 141 140 143 144 145 145 144 143 143 142 145 146 145 145 143 143 145 146 146 146 145 146 146 146 146
