testdata/Hispaniola_WorldClim/snv_9.asc
ncols         743
nrows         319
xllcorner     -74.500956448335
yllcorner     17.448920549066
cellsize      0.0083333333333333
NODATA_value  -9999
[rows 195 to 233 of 319, columns 0 to 87 of 743]
-9999 -9999 -9999 -9999 -9999 -9999 252 252 246 247 246 239 233 229 236 232 232 238 245 239 239 239 234 230 235 241 238 230 209 193 204 211 202 189 201 198 197 189 188 184 201 214 232 229 213 185 178 192 203 198 203 203 198 203 214 226 223 207 207 207 208 203 203 206 203 201 205 204 206 201 201 204 209 212 212 208 219 221 217 214 213 214 216 221 213 210 211 215
-9999 -9999 -9999 -9999 -9999 254 253 249 246 245 245 242 237 224 224 225 229 235 229 240 228 228 224 220 224 234 238 235 220 209 195 190 187 192 198 198 201 211 218 233 222 233 228 218 214 193 185 196 187 193 188 188 192 194 212 230 203 200 196 199 199 200 199 198 197 201 207 208 210 203 199 208 208 221 220 221 216 213 210 212 208 210 214 215 215 216 216 219
-9999 -9999 -9999 -9999 -9999 253 249 245 244 242 245 232 228 233 220 220 217 225 226 230 244 233 231 223 233 238 232 219 212 191 179 172 189 187 190 218 225 232 227 221 221 228 215 195 200 190 184 195 193 186 180 168 179 197 219 210 189 191 195 201 189 193 193 194 191 197 196 201 201 206 209 212 216 220 221 220 221 221 221 213 211 209 215 215 212 212 216 219
-9999 -9999 -9999 -9999 254 252 243 243 241 237 237 237 232 226 230 225 227 230 241 235 232 226 224 222 231 240 230 218 196 189 179 178 188 206 216 218 226 223 219 208 202 225 213 187 184 179 177 180 192 177 168 165 186 202 219 226 195 203 203 199 193 183 181 183 184 194 192 195 200 207 204 205 214 213 213 217 217 214 212 209 206 204 203 199 201 200 202 197
-9999 -9999 -9999 -9999 253 250 244 248 243 240 226 225 232 222 232 236 227 234 239 232 224 216 227 234 236 238 232 212 191 180 173 181 193 214 226 225 223 215 218 215 203 215 222 202 181 173 172 171 188 177 179 190 206 214 215 206 204 205 199 202 201 193 189 194 195 200 199 203 206 203 201 206 202 212 209 213 212 213 210 201 199 195 208 200 196 194 192 191
-9999 -9999 -9999 254 250 250 249 247 241 233 229 237 233 223 226 234 238 243 243 225 226 227 218 214 213 232 234 218 209 210 182 189 196 199 215 221 209 201 203 210 204 199 221 213 189 168 159 157 166 186 189 191 196 190 195 193 192 197 198 206 199 199 200 198 196 192 195 193 197 194 194 197 200 207 201 197 203 215 211 208 207 204 183 183 182 180 177 200
-9999 -9999 -9999 250 246 243 244 248 239 237 238 238 236 234 230 227 236 232 222 219 217 211 212 202 208 222 232 219 223 208 193 184 188 206 216 218 218 197 193 198 200 179 191 203 194 171 156 164 172 172 170 164 186 197 210 186 181 182 180 179 195 184 175 189 194 193 188 181 182 189 192 197 197 193 191 192 192 194 192 190 195 190 178 178 181 178 177 183
-9999 -9999 -9999 252 244 247 250 252 246 235 240 240 241 236 236 238 241 235 234 234 229 228 224 212 201 205 232 224 229 215 194 193 190 210 199 207 216 202 183 188 181 174 180 197 189 172 158 154 156 160 149 157 172 186 211 192 168 189 185 188 170 176 176 175 179 181 179 183 178 182 187 194 189 193 192 196 188 188 192 190 191 184 176 179 178 173 169 173
-9999 -9999 -9999 -9999 254 253 253 251 246 236 240 240 233 225 229 233 239 239 241 239 235 232 230 222 211 221 231 235 230 226 222 210 197 192 188 200 217 201 200 199 191 176 159 186 185 178 166 142 148 165 174 173 188 189 198 201 201 200 199 182 175 169 169 169 164 173 175 175 178 182 189 195 196 195 195 197 198 185 186 182 175 178 181 180 188 188 174 181
-9999 -9999 -9999 -9999 -9999 254 253 250 239 229 235 241 234 227 224 230 236 233 229 235 224 226 221 219 221 223 231 228 217 219 219 222 218 205 195 214 216 213 199 198 191 176 163 169 162 159 153 136 134 155 174 183 194 189 189 182 178 184 185 187 176 160 166 162 163 167 169 173 176 179 187 193 189 189 193 193 188 195 180 199 188 189 205 205 207 201 181 185
-9999 -9999 -9999 -9999 -9999 -9999 253 251 234 234 236 240 232 236 225 217 216 223 220 223 229 218 218 201 214 226 229 217 205 193 194 191 193 187 198 200 200 197 181 164 181 167 168 165 147 132 134 138 141 155 172 182 185 161 159 154 156 151 154 168 168 154 163 162 164 167 170 175 180 182 191 191 192 196 197 196 197 188 200 193 190 196 197 219 217 201 201 186
-9999 -9999 -9999 -9999 -9999 -9999 251 230 230 231 234 229 238 230 235 231 220 215 205 217 222 206 207 203 200 218 226 225 207 193 185 185 182 192 202 178 190 189 174 161 157 167 182 169 151 151 140 138 139 139 172 167 158 143 125 119 111 124 138 134 133 138 156 166 168 169 170 177 179 182 185 188 192 195 198 200 201 197 210 209 214 201 199 222 225 209 218 205
-9999 -9999 -9999 -9999 -9999 -9999 244 237 223 230 233 225 219 214 224 225 227 208 202 207 220 218 206 188 187 209 220 223 219 211 198 189 188 190 189 179 178 188 183 183 185 173 185 192 179 166 144 145 135 159 171 167 158 152 143 135 118 122 132 139 158 170 163 162 170 177 189 192 177 180 186 192 192 195 197 215 206 210 225 220 213 221 216 221 237 232 226 232
-9999 -9999 -9999 -9999 -9999 -9999 253 248 243 225 226 225 211 204 214 213 219 216 204 199 215 208 193 181 184 200 212 206 206 206 193 201 200 197 211 197 190 206 205 194 200 196 207 193 175 184 180 177 186 175 171 163 162 156 149 147 132 153 162 166 180 192 187 190 191 197 200 199 190 191 195 198 193 199 211 227 228 228 234 227 222 219 228 231 235 239 241 236
-9999 -9999 -9999 -9999 -9999 -9999 249 241 233 221 213 218 212 192 195 196 195 199 196 197 197 201 191 193 197 190 192 187 189 189 192 204 217 208 216 207 210 221 215 217 219 216 224 214 202 202 196 202 198 197 186 163 156 146 135 126 121 131 146 157 163 161 166 179 187 183 180 198 211 205 209 212 215 217 228 220 222 229 230 234 234 238 235 242 242 244 244 243
-9999 -9999 -9999 -9999 -9999 -9999 247 238 228 209 218 207 203 199 205 204 219 205 218 216 215 221 223 216 211 209 205 207 207 210 215 223 224 224 226 226 228 225 226 231 229 228 233 227 226 226 218 221 217 206 192 179 179 175 158 156 136 124 128 136 136 136 140 146 152 152 154 166 184 181 189 201 199 205 231 224 226 230 233 235 237 241 238 241 243 245 245 245
-9999 -9999 -9999 -9999 -9999 -9999 -9999 253 237 246 236 230 229 229 231 230 232 230 241 236 236 239 239 226 243 240 234 226 222 218 212 218 223 230 228 226 235 228 226 224 215 207 228 237 224 218 212 210 207 200 193 192 203 192 188 159 151 157 154 154 143 154 158 140 139 155 156 162 165 174 197 201 211 219 222 230 228 230 233 235 236 237 237 241 244 244 245 245
-9999 -9999 -9999 -9999 -9999 -9999 -9999 -9999 -9999 -9999 253 254 252 245 248 247 246 250 246 246 248 246 246 245 241 228 220 219 209 212 223 236 246 241 236 235 246 240 233 228 223 227 242 210 198 202 204 201 204 209 208 210 208 201 184 165 166 167 171 173 170 173 180 164 172 168 177 173 181 193 205 214 221 229 231 232 230 232 233 234 234 236 239 240 240 241 241 242
-9999 -9999 -9999 -9999 -9999 -9999 -9999 -9999 -9999 -9999 -9999 -9999 252 250 252 246 246 244 243 242 238 242 240 243 238 226 211 219 222 233 236 247 244 240 239 247 248 246 246 244 242 241 234 233 219 216 223 205 209 229 223 220 211 204 196 178 170 174 177 186 182 181 189 189 187 196 198 196 188 191 203 216 226 229 232 234 233 234 235 236 237 233 231 233 232 233 234 234
-9999 -9999 -9999 -9999 -9999 -9999 -9999 -9999 -9999 -9999 -9999 -9999 245 244 240 244 239 241 240 235 232 235 240 239 238 239 239 243 240 245 250 248 239 237 247 249 248 246 243 239 233 232 225 221 207 220 229 227 227 229 220 213 201 205 200 190 173 178 183 187 195 196 194 202 197 205 213 212 212 214 213 215 226 230 234 236 230 233 233 233 230 234 232 233 234 230 237 236
-9999 -9999 -9999 -9999 -9999 -9999 -9999 -9999 -9999 -9999 -9999 -9999 -9999 -9999 249 251 248 248 244 242 241 235 245 250 246 248 247 246 249 251 251 248 252 248 250 250 250 241 231 227 218 202 201 207 203 223 232 237 236 232 223 220 210 207 207 202 200 193 184 187 194 202 201 203 205 209 212 214 221 223 225 225 224 231 233 236 236 235 239 232 239 239 238 239 244 239 244 243
-9999 -9999 -9999 -9999 -9999 -9999 -9999 -9999 -9999 -9999 -9999 -9999 -9999 -9999 -9999 252 251 249 244 251 248 249 250 251 250 251 251 -9999 -9999 -9999 -9999 -9999 -9999 -9999 251 251 251 234 228 225 216 219 213 218 223 233 237 240 233 231 224 209 210 217 211 207 206 198 190 188 191 199 208 209 213 217 217 215 216 224 227 230 228 227 236 232 236 238 239 237 239 243 243 244 244 244 244 244
-9999 -9999 -9999 -9999 -9999 -9999 -9999 -9999 -9999 -9999 -9999 -9999 -9999 -9999 -9999 -9999 253 253 253 253 253 252 251 252 251 -9999 -9999 -9999 -9999 -9999 -9999 -9999 -9999 -9999 -9999 -9999 -9999 251 244 238 239 240 234 241 241 243 238 240 240 223 229 231 237 224 231 219 210 207 203 191 193 199 205 214 218 217 216 217 222 223 232 230 232 234 236 237 237 238 239 240 241 243 244 243 243 243 245 245
-9999 -9999 -9999 -9999 -9999 -9999 -9999 -9999 -9999 -9999 -9999 -9999 -9999 -9999 -9999 -9999 -9999 -9999 -9999 -9999 253 252 252 251 -9999 -9999 -9999 -9999 -9999 -9999 -9999 -9999 -9999 -9999 -9999 -9999 -9999 -9999 250 248 249 248 245 242 244 243 236 240 239 228 231 240 239 236 232 229 222 221 215 206 194 198 202 206 214 223 213 216 231 233 234 242 240 235 237 238 239 240 240 241 242 243 242 243 244 245 246 246
-9999 -9999 -9999 -9999 -9999 -9999 -9999 -9999 -9999 -9999 -9999 -9999 -9999 -9999 -9999 -9999 -9999 -9999 -9999 -9999 -9999 -9999 -9999 -9999 -9999 -9999 -9999 -9999 -9999 -9999 -9999 -9999 -9999 -9999 -9999 -9999 -9999 -9999 -9999 -9999 250 249 244 243 247 238 237 236 240 234 240 243 224 224 226 224 230 219 207 205 197 197 199 203 206 225 217 220 232 239 241 241 241 237 237 239 240 241 241 241 242 242 243 243 244 245 246 246
-9999 -9999 -9999 -9999 -9999 -9999 -9999 -9999 -9999 -9999 -9999 -9999 -9999 -9999 -9999 -9999 -9999 -9999 -9999 -9999 -9999 -9999 -9999 -9999 -9999 -9999 -9999 -9999 -9999 -9999 -9999 -9999 -9999 -9999 -9999 -9999 -9999 -9999 -9999 -9999 -9999 250 249 249 245 241 241 235 247 245 246 236 216 205 204 205 209 215 214 201 195 206 203 204 210 228 236 221 231 233 241 241 241 239 238 238 240 241 240 242 242 243 243 244 244 246 246 247
-9999 -9999 -9999 -9999 -9999 -9999 -9999 -9999 -9999 -9999 -9999 -9999 -9999 -9999 -9999 -9999 -9999 -9999 -9999 -9999 -9999 -9999 -9999 -9999 -9999 -9999 -9999 -9999 -9999 -9999 -9999 -9999 -9999 -9999 -9999 -9999 -9999 -9999 -9999 -9999 -9999 -9999 -9999 -9999 250 247 246 244 248 243 239 229 220 199 225 205 195 204 199 196 205 214 221 223 219 227 233 237 226 230 238 241 241 240 240 241 241 242 241 243 243 244 244 245 246 246 247 247
-9999 -9999 -9999 -9999 -9999 -9999 -9999 -9999 -9999 -9999 -9999 -9999 -9999 -9999 -9999 -9999 -9999 -9999 -9999 -9999 -9999 -9999 -9999 -9999 -9999 -9999 -9999 -9999 -9999 -9999 -9999 -9999 -9999 -9999 -9999 -9999 -9999 -9999 -9999 -9999 -9999 -9999 -9999 -9999 -9999 -9999 -9999 249 249 241 236 239 231 233 229 219 203 185 197 206 209 206 217 230 237 231 234 231 236 234 237 235 238 241 241 241 242 242 243 243 244 244 245 246 246 246 248 248
-9999 -9999 -9999 -9999 -9999 -9999 -9999 -9999 -9999 -9999 -9999 -9999 -9999 -9999 -9999 -9999 -9999 -9999 -9999 -9999 -9999 -9999 -9999 -9999 -9999 -9999 -9999 -9999 -9999 -9999 -9999 -9999 -9999 -9999 -9999 -9999 -9999 -9999 -9999 -9999 -9999 -9999 -9999 -9999 -9999 -9999 -9999 -9999 -9999 247 243 240 244 242 238 230 211 200 187 204 217 212 206 219 232 237 234 225 224 233 240 241 242 242 242 242 242 243 244 244 244 245 245 246 247 248 248 249
-9999 -9999 -9999 -9999 -9999 -9999 -9999 -9999 -9999 -9999 -9999 -9999 -9999 -9999 -9999 -9999 -9999 -9999 -9999 -9999 -9999 -9999 -9999 -9999 -9999 -9999 -9999 -9999 -9999 -9999 -9999 -9999 -9999 -9999 -9999 -9999 -9999 -9999 -9999 -9999 -9999 -9999 -9999 -9999 -9999 -9999 -9999 -9999 -9999 -9999 245 249 248 241 242 233 228 226 198 193 203 223 212 204 218 235 241 235 224 229 235 239 243 242 244 244 244 245 244 244 244 246 246 247 248 248 249 249
-9999 -9999 -9999 -9999 -9999 -9999 -9999 -9999 -9999 -9999 -9999 -9999 -9999 -9999 -9999 -9999 -9999 -9999 -9999 -9999 -9999 -9999 -9999 -9999 -9999 -9999 -9999 -9999 -9999 -9999 -9999 -9999 -9999 -9999 -9999 -9999 -9999 -9999 -9999 -9999 -9999 -9999 -9999 -9999 -9999 -9999 -9999 -9999 -9999 -9999 -9999 -9999 248 245 241 240 237 234 222 217 225 233 214 202 209 223 236 242 238 227 235 241 241 243 244 244 245 245 245 245 245 246 247 247 248 249 249 249
-9999 -9999 -9999 -9999 -9999 -9999 -9999 -9999 -9999 -9999 -9999 -9999 -9999 -9999 -9999 -9999 -9999 -9999 -9999 -9999 -9999 -9999 -9999 -9999 -9999 -9999 -9999 -9999 -9999 -9999 -9999 -9999 -9999 -9999 -9999 -9999 -9999 -9999 -9999 -9999 -9999 -9999 -9999 -9999 -9999 -9999 -9999 -9999 -9999 -9999 -9999 -9999 -9999 246 245 246 243 242 235 230 235 239 227 222 217 215 226 242 243 243 240 241 245 244 245 245 246 246 246 246 247 247 247 248 248 249 250 250
-9999 -9999 -9999 -9999 -9999 -9999 -9999 -9999 -9999 -9999 -9999 -9999 -9999 -9999 -9999 -9999 -9999 -9999 -9999 -9999 -9999 -9999 -9999 -9999 -9999 -9999 -9999 -9999 -9999 -9999 -9999 -9999 -9999 -9999 -9999 -9999 -9999 -9999 -9999 -9999 -9999 -9999 -9999 -9999 -9999 -9999 -9999 -9999 -9999 -9999 -9999 -9999 -9999 -9999 248 245 236 236 236 235 237 240 235 230 230 222 222 230 237 244 245 242 250 245 250 250 251 251 251 247 248 247 248 249 250 250 250 251
-9999 -9999 -9999 -9999 -9999 -9999 -9999 -9999 -9999 -9999 -9999 -9999 -9999 -9999 -9999 -9999 -9999 -9999 -9999 -9999 -9999 -9999 -9999 -9999 -9999 -9999 -9999 -9999 -9999 -9999 -9999 -9999 -9999 -9999 -9999 -9999 -9999 -9999 -9999 -9999 -9999 -9999 -9999 -9999 -9999 -9999 -9999 -9999 -9999 -9999 -9999 -9999 -9999 -9999 -9999 248 240 242 236 238 240 238 237 238 233 231 227 233 227 237 245 245 250 250 251 251 251 251 252 248 248 248 249 249 250 250 251 252
-9999 -9999 -9999 -9999 -9999 -9999 -9999 -9999 -9999 -9999 -9999 -9999 -9999 -9999 -9999 -9999 -9999 -9999 -9999 -9999 -9999 -9999 -9999 -9999 -9999 -9999 -9999 -9999 -9999 -9999 -9999 -9999 -9999 -9999 -9999 -9999 -9999 -9999 -9999 -9999 -9999 -9999 -9999 -9999 -9999 -9999 -9999 -9999 -9999 -9999 -9999 -9999 -9999 -9999 -9999 -9999 248 248 246 244 245 235 238 231 226 228 236 234 230 234 235 246 250 250 251 252 251 251 252 249 249 249 250 250 250 251 252 252
-9999 -9999 -9999 -9999 -9999 -9999 -9999 -9999 -9999 -9999 -9999 -9999 -9999 -9999 -9999 -9999 -9999 -9999 -9999 -9999 -9999 -9999 -9999 -9999 -9999 -9999 -9999 -9999 -9999 -9999 -9999 -9999 -9999 -9999 -9999 -9999 -9999 -9999 -9999 -9999 -9999 -9999 -9999 -9999 -9999 -9999 -9999 -9999 -9999 -9999 -9999 -9999 -9999 -9999 -9999 -9999 -9999 -9999 248 248 248 241 245 238 233 230 235 228 232 239 241 250 252 252 252 251 252 252 253 248 249 250 250 251 251 252 252 253
-9999 -9999 -9999 -9999 -9999 -9999 -9999 -9999 -9999 -9999 -9999 -9999 -9999 -9999 -9999 -9999 -9999 -9999 -9999 -9999 -9999 -9999 -9999 -9999 -9999 -9999 -9999 -9999 -9999 -9999 -9999 -9999 -9999 -9999 -9999 -9999 -9999 -9999 -9999 -9999 -9999 -9999 -9999 -9999 -9999 -9999 -9999 -9999 -9999 -9999 -9999 -9999 -9999 -9999 -9999 -9999 -9999 -9999 -9999 248 246 242 244 242 234 236 238 231 232 231 242 244 251 252 252 252 252 253 253 250 250 250 250 251 251 252 253 253
-9999 -9999 -9999 -9999 -9999 -9999 -9999 -9999 -9999 -9999 -9999 -9999 -9999 -9999 -9999 -9999 -9999 -9999 -9999 -9999 -9999 -9999 -9999 -9999 -9999 -9999 -9999 -9999 -9999 -9999 -9999 -9999 -9999 -9999 -9999 -9999 -9999 -9999 -9999 -9999 -9999 -9999 -9999 -9999 -9999 -9999 -9999 -9999 -9999 -9999 -9999 -9999 -9999 -9999 -9999 -9999 -9999 -9999 -9999 -9999 246 246 248 244 240 238 240 238 234 233 235 240 251 252 253 252 253 254 249 249 250 251 251 252 251 253 -9999 -9999
-9999 -9999 -9999 -9999 -9999 -9999 -9999 -9999 -9999 -9999 -9999 -9999 -9999 -9999 -9999 -9999 -9999 -9999 -9999 -9999 -9999 -9999 -9999 -9999 -9999 -9999 -9999 -9999 -9999 -9999 -9999 -9999 -9999 -9999 -9999 -9999 -9999 -9999 -9999 -9999 -9999 -9999 -9999 -9999 -9999 -9999 -9999 -9999 -9999 -9999 -9999 -9999 -9999 -9999 -9999 -9999 -9999 -9999 -9999 -9999 -9999 -9999 250 242 243 240 242 238 234 231 235 238 243 252 252 253 254 254 250 250 250 251 252 251 -9999 -9999 -9999 -9999
