testdata/Hispaniola_WorldClim/snv_17.asc
ncols         743
nrows         319
xllcorner     -74.500956448335
yllcorner     17.448920549066
cellsize      0.0083333333333333
NODATA_value  -9999
[rows 80 to 119 of 319, columns 360 to 449 of 743]
138 137 137 137 134 137 133 131 128 133 138 141 146 142 138 137 135 140 140 132 133 131 132 130 133 134 137 137 131 133 136 142 150 154 159 155 130 144 149 164 163 152 146 137 135 133 128 122 117 108 129 127 134 151 151 140 134 132 128 135 155 136 136 130 126 133 138 147 170 198 205 216 221 225 231 234 229 228 219 220 201 188 174 166 160 154 152 151 149 151
139 140 139 135 134 134 133 131 132 134 134 135 137 145 141 140 139 141 138 135 135 130 137 135 137 138 140 134 132 137 140 141 141 150 156 151 148 132 149 159 165 148 146 140 154 155 138 141 122 110 122 132 132 143 148 141 138 138 127 135 145 136 127 126 133 137 139 148 157 177 204 208 208 218 216 223 228 227 219 216 226 230 197 166 159 155 151 152 152 150
153 141 139 135 135 138 134 133 133 134 132 139 137 144 142 144 148 147 140 139 143 141 143 140 143 145 143 134 136 140 150 151 158 150 158 157 152 152 147 159 167 145 159 156 158 149 149 141 126 124 112 123 143 147 156 164 152 141 128 142 142 138 131 123 136 137 143 149 164 183 179 199 190 198 218 221 223 223 223 214 219 217 211 194 160 157 152 151 151 151
139 138 135 130 132 137 134 137 136 138 133 133 137 137 147 152 165 154 144 141 145 154 149 144 147 145 139 135 136 142 144 156 158 163 163 162 157 162 159 162 168 167 164 161 158 155 137 130 128 133 119 123 150 171 166 159 153 163 148 154 152 140 131 123 130 141 144 151 151 173 170 173 178 190 199 213 224 220 215 210 201 205 205 203 167 163 159 155 150 157
141 141 138 135 137 136 134 136 137 140 132 133 139 136 142 164 162 155 153 152 147 160 156 147 147 146 141 143 135 143 150 162 156 167 165 162 162 162 166 164 166 171 166 158 150 136 145 146 145 152 135 167 162 171 163 153 162 169 181 176 167 159 142 129 135 128 131 134 154 158 161 170 181 184 193 199 221 213 215 208 202 198 190 191 165 159 151 149 156 162
148 148 139 133 140 136 135 135 137 137 131 134 140 139 139 140 158 161 161 151 158 160 159 159 156 150 143 147 145 143 151 160 167 167 168 164 165 168 169 159 168 166 165 144 137 129 155 150 174 161 155 174 179 174 170 172 181 184 190 195 185 178 166 158 162 138 131 135 150 151 167 167 174 192 194 209 214 210 213 212 212 214 219 223 212 201 151 155 169 168
149 146 141 130 142 139 136 138 138 138 134 140 153 150 148 150 152 152 149 148 158 161 159 151 146 143 150 155 160 159 159 161 170 171 170 166 175 147 141 146 159 143 132 126 120 127 141 146 144 172 177 184 184 187 186 190 192 196 202 203 190 192 191 185 179 162 172 175 172 166 172 178 180 181 199 202 218 216 216 222 218 222 214 203 223 178 162 173 178 169
143 136 138 132 145 142 146 141 145 139 135 141 155 156 153 153 160 158 154 155 161 158 151 151 151 148 152 152 160 159 159 171 176 171 150 145 145 132 155 153 154 134 143 151 137 127 149 151 160 160 184 189 193 194 193 195 197 199 199 199 198 199 198 199 165 172 195 189 192 186 191 190 195 185 200 213 220 224 224 215 212 211 220 219 183 163 182 180 174 177
140 134 131 133 149 148 145 145 145 135 132 132 151 159 161 157 160 159 156 158 161 158 156 162 162 166 161 160 160 160 163 168 167 152 145 148 168 173 173 142 132 146 161 169 154 140 138 166 155 168 187 191 190 193 194 193 191 195 199 195 198 199 200 199 202 199 199 203 205 201 204 199 204 208 189 220 223 215 211 205 205 191 196 187 165 179 210 181 177 172
138 134 138 135 146 148 145 143 141 137 145 147 138 158 159 160 160 160 152 163 168 166 169 172 168 171 170 165 166 167 167 172 159 140 165 174 178 174 156 159 150 156 173 177 160 129 177 178 171 158 177 187 188 189 184 180 178 181 177 169 174 202 192 204 202 202 203 203 208 212 209 202 207 216 208 223 223 215 218 207 205 199 194 171 181 201 204 210 186 175
141 142 132 134 146 147 147 142 140 150 147 154 152 141 157 157 155 153 152 161 172 172 171 169 169 168 169 168 169 171 168 171 162 170 170 173 176 177 173 168 169 159 174 180 180 148 153 181 179 184 185 185 183 176 177 177 174 172 166 178 171 167 163 201 200 204 205 205 208 212 212 215 216 222 215 223 221 208 216 208 210 202 182 200 199 221 224 211 179 177
154 137 137 137 147 147 146 146 144 151 149 158 146 138 151 154 155 153 151 157 165 162 166 166 166 167 168 166 166 167 166 167 159 148 171 175 178 176 175 175 170 172 173 177 177 161 151 183 185 185 184 187 186 187 181 172 179 171 175 169 165 159 167 174 194 200 203 205 209 211 214 215 216 218 223 222 220 217 220 210 210 211 196 214 215 211 217 210 199 189
154 137 139 137 142 148 147 144 147 147 149 154 148 139 153 156 155 155 155 151 154 157 164 166 166 165 165 165 164 164 161 156 148 162 171 174 177 176 173 173 175 178 175 175 174 166 163 179 185 184 183 185 187 188 186 178 186 184 179 185 175 166 166 165 189 191 203 204 208 209 213 215 217 219 220 223 218 223 221 219 217 208 209 213 218 218 203 215 212 192
152 149 141 144 147 148 144 144 147 147 149 150 147 147 150 155 157 158 151 155 158 157 162 165 164 164 164 166 161 155 154 162 154 167 172 173 175 172 173 169 174 178 178 177 174 144 173 172 184 184 184 186 187 181 178 181 189 193 190 187 172 180 192 194 182 179 182 188 201 208 212 214 216 218 218 220 216 215 218 211 208 203 200 207 196 196 191 189 178 169
158 155 142 152 146 144 143 141 143 151 148 150 150 146 150 156 160 162 155 158 163 162 168 168 167 165 164 159 156 156 155 165 165 160 165 169 172 172 173 174 174 174 176 177 162 156 176 179 179 182 183 183 186 177 188 182 189 191 192 187 194 193 196 196 192 198 202 205 201 207 211 213 214 216 214 214 210 209 197 200 196 192 188 204 199 202 196 179 179 162
165 162 145 155 147 141 142 142 151 151 148 154 148 146 145 149 165 163 159 161 165 164 165 162 164 159 162 158 157 153 156 162 162 163 166 169 172 170 171 173 173 171 171 170 161 176 178 178 178 178 182 182 184 180 186 187 188 189 187 192 193 193 194 192 195 191 202 205 205 207 209 212 213 215 215 218 213 212 208 210 202 212 206 188 176 186 189 178 183 182
166 162 152 155 149 145 142 144 147 146 149 151 147 147 150 156 162 163 163 160 159 157 159 158 158 156 156 150 155 159 157 160 165 164 167 168 169 168 170 169 168 169 171 170 157 174 174 176 177 178 179 180 182 182 180 185 181 182 188 190 191 193 192 194 195 192 198 202 204 206 207 210 210 213 214 215 218 217 220 219 222 211 188 176 187 193 176 178 178 185
164 163 161 160 156 154 145 145 147 146 149 152 148 151 157 157 160 159 156 156 156 154 155 155 154 155 154 150 158 161 157 162 165 165 164 167 167 168 168 167 167 169 169 163 172 171 173 173 176 175 177 178 177 180 177 182 181 178 185 185 188 191 192 194 195 191 198 200 202 203 205 207 209 210 211 213 215 210 206 206 198 195 197 175 197 198 176 183 185 179
161 161 158 159 159 160 155 154 149 149 149 155 155 157 158 157 156 153 151 151 154 156 152 150 151 149 149 152 159 161 154 161 163 164 165 164 166 166 166 167 168 167 165 165 170 170 172 170 173 174 175 173 177 177 179 177 180 176 180 179 185 188 190 191 192 193 197 198 198 200 201 204 208 208 211 209 193 206 209 217 218 216 215 213 175 193 177 197 190 181
156 154 156 157 157 159 158 155 157 156 156 157 156 157 157 155 152 151 153 151 151 150 150 150 156 152 155 156 161 158 156 160 162 163 162 164 164 164 165 165 165 163 166 168 167 167 168 170 171 172 173 173 173 174 175 170 170 171 176 176 182 185 187 189 191 193 195 195 196 197 200 202 205 202 206 200 210 212 213 216 215 196 211 220 222 222 224 213 210 205
152 152 156 156 157 158 159 159 159 157 156 157 155 152 155 152 148 153 157 155 155 150 151 155 153 156 157 158 158 157 155 159 161 162 165 162 163 163 163 163 163 162 165 164 164 164 166 166 164 167 170 172 173 174 173 167 167 168 168 168 169 174 184 186 187 189 192 191 192 193 197 199 203 205 206 205 209 207 210 212 216 191 217 217 219 207 220 222 226 205
149 152 156 156 156 157 159 159 159 155 152 152 152 149 150 149 148 151 154 152 150 148 148 152 153 155 158 156 155 155 153 157 159 160 165 169 165 162 160 161 161 162 163 162 162 163 163 163 163 164 163 166 170 170 172 171 168 165 166 168 171 178 180 181 185 188 189 189 188 190 193 197 200 202 200 201 205 203 207 209 203 209 215 214 214 221 206 218 216 224
147 150 151 151 153 156 158 159 157 154 152 152 150 149 150 146 148 152 154 153 152 148 147 149 154 156 156 154 155 155 157 156 157 159 160 168 165 163 162 161 159 160 160 161 160 161 160 162 163 161 162 162 166 167 169 170 169 163 164 165 171 172 168 175 181 183 184 186 184 186 190 193 199 194 195 194 197 200 208 208 199 212 209 209 211 217 220 220 216 219
151 149 151 150 151 152 156 159 159 156 155 154 151 149 149 152 147 149 152 149 148 145 149 149 153 155 155 153 155 152 155 155 156 158 162 165 164 160 157 157 158 158 159 158 164 161 160 161 161 160 161 164 161 163 166 164 165 163 162 162 163 165 165 169 174 178 181 184 183 183 188 192 194 187 180 184 191 203 195 208 207 206 200 196 208 213 218 217 220 211
153 148 151 154 153 153 154 154 154 158 156 154 149 149 151 151 149 150 152 149 145 147 147 150 152 153 152 153 154 153 153 152 154 156 158 162 162 157 157 156 155 156 156 156 160 164 161 164 163 159 159 158 159 163 162 161 162 161 162 160 163 166 165 162 164 174 177 179 178 180 185 191 187 185 177 181 191 202 202 204 205 210 200 188 188 206 214 218 220 208
149 149 151 153 153 153 150 151 151 153 155 154 150 151 152 151 147 150 152 146 144 144 149 148 152 152 152 152 153 153 154 152 152 153 156 166 168 163 160 157 154 154 155 155 162 167 167 162 158 157 158 157 158 158 159 158 159 159 160 159 162 162 163 161 163 171 174 176 175 179 185 187 184 182 181 176 180 187 201 198 188 198 198 187 185 199 206 207 218 220
153 153 151 153 151 151 149 148 149 149 152 154 154 154 151 149 146 152 149 144 145 146 146 151 153 153 152 151 153 153 153 152 151 153 157 165 169 165 159 154 154 157 153 154 157 167 167 158 154 156 155 157 160 156 156 158 159 158 158 157 159 161 159 161 166 168 174 176 175 178 183 182 179 180 180 177 185 187 200 195 182 178 183 184 184 183 189 199 212 218
151 155 162 159 153 152 147 148 149 149 150 149 150 151 152 150 146 152 146 147 149 148 145 145 148 152 152 153 153 155 156 153 150 153 157 165 164 162 155 154 156 156 152 151 158 170 158 155 155 154 154 161 161 158 158 158 162 157 155 156 157 157 157 163 169 168 171 175 176 173 176 176 174 177 176 183 186 193 195 190 183 176 166 173 185 189 195 206 207 218
161 155 158 157 152 146 138 150 153 151 146 146 146 147 147 151 150 149 149 149 152 149 147 144 144 147 153 155 155 156 158 152 150 153 157 166 169 162 159 154 157 155 151 151 163 169 158 161 159 152 153 159 168 168 161 162 165 162 156 154 154 162 163 165 164 163 166 169 171 167 170 171 172 173 175 182 176 183 192 168 166 172 163 162 174 180 189 194 202 208
153 151 148 150 147 141 135 148 151 146 146 142 141 144 144 148 151 151 152 155 152 147 146 144 143 145 147 149 156 162 160 151 153 153 157 174 177 161 155 155 163 161 152 151 163 172 167 174 160 152 154 161 173 175 164 175 167 159 156 153 154 159 157 156 157 158 163 165 164 164 163 165 167 170 178 169 164 171 186 174 161 162 159 160 163 170 189 198 199 197
144 143 140 138 136 131 133 131 140 140 146 143 139 143 144 147 152 152 152 152 154 152 150 146 144 146 145 147 150 156 159 153 156 156 162 169 163 161 158 159 167 160 154 150 154 175 176 169 161 159 155 165 177 173 178 180 171 156 153 151 154 154 154 152 152 153 154 163 161 156 154 154 156 167 174 166 157 161 172 180 178 162 162 159 163 173 181 184 168 176
141 136 132 129 124 126 126 127 130 138 142 141 138 143 149 149 151 154 157 157 160 159 156 152 148 150 149 152 156 159 161 159 162 165 171 173 169 164 163 161 167 158 157 154 158 170 193 179 174 175 162 167 185 169 161 168 177 170 163 153 151 150 154 151 152 153 152 158 154 152 155 155 153 163 168 157 154 155 158 170 169 164 160 164 170 179 181 172 162 164
130 130 122 122 122 126 136 130 126 131 134 130 136 144 149 145 146 155 161 157 159 163 162 156 150 150 153 158 166 169 165 162 162 164 166 167 175 172 168 169 172 167 164 163 166 176 200 191 183 177 171 182 192 176 160 153 153 156 159 153 149 150 148 159 155 151 150 150 152 152 153 151 154 162 160 160 153 154 153 159 156 157 159 167 173 174 175 178 181 170
122 118 116 121 127 133 138 133 138 138 127 132 138 142 145 143 146 149 155 152 151 158 156 150 148 147 150 155 161 163 156 156 157 165 172 175 184 184 173 184 190 179 179 172 170 185 184 188 194 186 181 191 191 174 157 154 148 148 154 147 147 147 151 156 163 154 148 149 154 149 150 151 154 163 151 151 151 153 151 153 151 154 153 158 165 165 171 178 181 190
112 110 122 130 136 143 138 135 139 140 134 130 142 143 141 144 148 150 155 152 147 149 156 149 144 146 147 152 154 159 153 153 157 161 168 183 186 196 196 191 187 185 182 179 174 180 170 175 176 162 174 176 177 174 162 155 149 145 145 147 148 154 147 157 163 158 150 151 151 147 147 151 150 150 151 149 150 153 149 150 151 152 154 154 151 157 168 181 188 193
116 119 120 123 133 141 137 143 142 137 135 136 141 139 142 141 143 150 158 150 147 143 148 146 142 139 145 147 147 147 148 151 159 162 161 170 173 181 188 191 189 187 179 172 170 164 162 159 153 158 157 162 167 171 167 155 153 146 142 144 154 155 154 163 159 153 148 151 151 146 147 147 147 147 149 148 150 155 151 148 150 153 148 150 155 163 170 184 182 188
131 132 123 135 133 137 140 143 143 138 134 130 132 137 146 146 141 150 155 150 144 142 144 146 141 137 141 142 142 144 145 145 149 151 154 157 164 182 185 178 183 194 191 182 174 170 170 161 158 153 147 151 155 156 166 156 146 142 141 147 162 162 160 167 157 151 148 151 146 144 146 147 149 145 146 145 146 152 158 152 151 147 147 150 157 168 174 174 178 183
131 140 135 140 140 142 145 146 146 143 136 131 135 140 149 146 143 147 150 154 147 140 138 138 139 136 139 144 145 148 145 147 149 147 150 150 157 164 166 170 184 199 202 191 189 177 177 171 170 167 158 149 146 144 144 141 145 140 145 154 163 171 171 172 164 158 155 154 148 147 149 160 146 143 144 144 147 147 155 158 151 150 148 146 146 155 159 162 171 177
124 135 138 142 140 140 142 146 143 143 140 137 140 146 147 147 144 147 150 151 146 138 138 131 133 135 141 148 150 157 150 148 154 153 155 152 154 156 156 163 183 197 194 206 212 199 194 195 180 165 153 150 153 149 149 143 140 143 141 143 151 162 159 162 172 170 167 163 158 163 164 152 148 143 146 145 147 147 155 162 155 151 153 150 145 145 145 150 160 169
124 132 129 133 135 135 136 140 137 143 143 143 146 144 144 149 146 148 147 144 141 141 141 130 130 138 144 153 157 159 157 151 156 159 158 154 157 158 157 160 167 180 183 194 207 186 182 180 175 165 156 163 175 164 149 142 140 154 144 144 145 148 150 157 160 163 176 172 168 167 160 152 146 153 158 151 150 150 152 162 157 158 156 150 147 145 148 143 147 158
