testdata/Hispaniola_WorldClim/snv_14.asc
ncols         743
nrows         319
xllcorner     -74.500956448335
yllcorner     17.448920549066
cellsize      0.0083333333333333
NODATA_value  -9999
[rows 126 to 167 of 319, columns 285 to 379 of 743]
31 31 29 27 26 27 28 28 28 28 28 28 28 25 21 20 20 19 18 18 19 19 18 18 19 19 19 19 20 20 20 20 21 21 21 21 22 22 22 22 22 22 22 22 22 23 23 23 23 22 23 23 22 22 22 22 22 21 21 21 21 21 22 22 22 22 24 24 23 26 25 26 27 27 28 28 25 25 26 28 30 32 34 31 30 31 32 35 36 37 41 39 36 32 28
30 29 29 28 28 27 27 27 26 25 26 26 26 23 22 20 20 19 19 18 19 19 19 19 18 19 19 19 20 20 20 20 20 21 21 21 21 22 22 22 22 22 22 22 22 22 22 22 22 22 22 22 22 22 22 22 21 21 21 21 21 21 21 21 21 21 21 21 21 22 22 24 23 24 25 25 23 24 24 27 29 35 37 33 30 30 30 31 35 35 37 42 40 39 37
25 27 28 29 28 28 28 27 26 25 24 24 23 23 22 21 20 19 19 19 19 19 19 19 19 19 19 19 19 19 20 20 20 20 21 21 21 21 21 22 21 22 22 22 22 22 22 22 22 22 22 22 21 21 21 21 21 21 21 21 20 20 20 20 21 21 21 21 21 21 21 21 22 22 23 23 22 23 26 30 33 38 39 39 36 31 29 33 37 40 41 42 41 41 39
25 27 29 30 28 27 28 26 26 24 24 24 24 22 21 20 19 19 19 19 19 19 19 19 19 20 20 19 20 20 20 20 20 20 21 21 21 21 21 21 21 21 21 21 21 21 21 21 21 21 21 21 21 21 21 21 21 20 20 20 20 20 20 20 20 20 20 20 20 20 20 21 20 21 22 23 22 23 26 32 36 37 40 39 39 34 29 33 30 33 37 39 40 41 39
24 26 27 28 27 26 28 25 24 25 23 23 23 21 21 20 19 19 19 19 19 19 19 20 20 19 19 20 20 20 20 20 20 20 20 21 21 21 21 21 21 21 21 21 21 21 21 21 21 21 21 21 21 21 20 20 20 20 20 20 20 20 20 20 20 20 20 20 20 20 20 21 20 20 21 22 20 19 24 27 29 30 32 33 34 32 27 32 26 28 30 35 37 37 35
25 24 26 25 29 29 28 26 23 23 22 22 22 22 20 19 19 19 19 19 19 19 19 19 20 20 19 19 19 20 20 20 20 20 20 20 20 20 20 21 21 21 21 21 21 21 21 21 21 21 21 21 21 21 20 20 20 20 20 20 20 20 20 19 19 19 19 19 19 19 20 19 19 19 20 20 20 20 20 23 23 22 22 24 26 25 23 35 33 31 31 32 32 31 37
24 25 23 24 25 27 27 25 23 22 21 19 21 21 20 19 19 20 19 19 19 19 20 19 20 20 20 20 19 20 19 20 20 20 20 20 20 20 20 20 20 20 20 20 20 21 20 21 21 21 21 21 21 20 21 20 20 20 20 20 19 20 20 19 19 19 19 19 19 19 19 18 18 19 19 19 18 19 19 21 21 20 21 22 23 22 22 26 30 31 29 28 28 25 26
21 24 26 24 23 23 23 23 22 21 20 22 20 20 19 19 19 21 20 20 20 20 20 20 19 20 20 20 20 20 19 20 20 20 20 20 20 20 20 20 20 20 20 20 20 20 20 20 20 20 20 20 20 20 20 20 20 20 20 20 19 19 19 19 19 19 19 19 19 18 18 18 18 18 18 18 18 18 19 20 19 19 19 20 20 20 21 23 25 27 26 31 33 31 29
20 22 25 26 24 27 26 25 23 23 22 21 21 22 21 21 21 21 20 20 20 19 19 20 19 19 20 20 20 20 19 20 20 20 20 20 20 20 20 20 20 20 20 20 20 20 20 20 20 20 20 20 20 20 20 20 20 19 19 19 19 19 18 18 18 18 18 18 18 18 17 17 18 17 17 18 20 20 19 18 18 18 19 19 18 21 21 21 21 23 23 33 31 30 28
22 22 24 26 26 26 25 25 24 24 23 23 21 21 20 20 20 19 20 19 19 19 19 20 19 19 20 20 20 20 19 20 20 20 20 20 20 20 20 20 20 20 20 20 20 20 19 19 19 19 19 19 19 19 19 19 19 19 19 19 19 18 18 18 18 18 18 18 17 17 17 17 17 17 17 19 19 19 19 18 18 17 18 18 18 19 21 19 20 20 23 23 23 22 22
25 27 27 26 26 25 24 24 24 23 23 23 22 22 20 19 19 19 19 19 19 19 19 20 20 20 20 20 20 20 20 20 20 20 20 20 20 20 20 20 20 20 20 19 19 19 19 19 20 19 19 20 20 19 19 19 19 19 19 19 18 18 18 18 18 18 17 17 17 17 17 17 17 16 16 17 17 19 18 17 17 17 17 17 17 17 18 18 17 19 21 23 24 22 21
23 25 26 26 25 25 24 24 25 24 23 23 21 22 21 22 21 21 20 20 20 20 20 20 20 20 20 20 20 20 20 20 20 20 20 20 20 20 19 19 19 19 19 19 19 19 19 19 19 19 19 19 19 19 19 19 19 18 18 18 18 18 18 18 17 17 17 17 17 16 16 16 16 16 16 16 16 16 17 16 16 16 16 16 16 16 17 17 17 18 19 20 19 20 19
20 21 23 24 24 22 24 25 25 24 24 23 23 21 22 22 22 22 21 21 20 20 20 20 20 20 20 20 20 20 20 20 20 20 20 20 20 20 19 19 19 19 19 19 19 19 19 19 19 18 18 18 18 18 18 18 18 18 18 17 17 18 17 17 17 17 17 16 16 16 16 16 16 16 16 16 16 16 17 16 16 16 16 16 16 16 16 17 17 17 19 20 19 19 18
18 18 20 19 21 22 24 25 25 25 25 25 24 23 22 22 21 21 21 21 21 20 20 20 20 20 20 20 20 20 20 20 20 20 20 20 20 20 20 19 19 19 19 19 19 19 19 18 18 18 18 18 18 18 18 18 18 17 17 17 17 17 17 17 17 17 16 16 16 16 16 16 15 15 15 15 15 15 15 15 15 15 15 15 16 16 17 17 17 18 19 20 19 18 18
18 18 18 18 18 20 23 24 25 25 25 25 25 24 22 22 21 21 21 20 20 20 20 20 20 20 20 20 20 20 20 20 20 20 20 20 20 20 20 20 20 19 19 19 19 19 18 18 18 18 18 18 18 18 17 17 17 17 17 17 17 17 17 16 16 16 16 16 16 15 15 15 15 15 15 15 15 15 15 15 15 15 15 15 15 16 16 16 18 18 19 19 19 18 18
17 18 18 18 18 19 21 22 24 25 25 25 25 24 23 21 22 21 20 21 21 20 21 20 21 21 21 21 20 20 20 20 20 20 20 20 20 20 20 20 20 20 21 19 19 18 18 18 18 18 18 18 18 17 18 18 17 17 17 17 17 16 16 16 16 16 16 16 15 15 15 15 15 15 14 14 14 14 14 14 14 14 14 15 15 15 15 17 18 18 18 19 18 18 17
17 18 18 18 18 18 19 21 21 24 24 24 24 23 20 20 21 21 21 20 21 21 21 20 21 21 21 21 20 20 20 20 20 20 20 20 20 20 20 20 19 20 20 20 20 18 18 18 18 18 18 18 18 17 18 18 17 17 17 17 17 16 17 16 16 16 16 15 15 15 15 15 14 14 14 14 14 14 14 14 14 14 14 14 15 15 16 17 17 19 18 18 17 17 16
17 17 18 18 18 18 18 20 21 22 23 23 22 20 20 20 20 21 21 21 21 21 21 21 21 21 21 21 20 21 20 20 20 20 20 20 19 19 19 19 19 19 19 19 20 18 18 18 17 17 17 18 18 18 18 18 18 18 17 17 17 16 16 17 16 16 15 15 15 15 15 14 14 14 14 14 14 14 14 14 14 14 14 14 15 15 15 16 17 17 17 17 16 16 16
18 18 18 18 18 18 18 18 19 20 19 20 20 20 20 21 21 21 21 21 21 21 21 22 21 21 21 21 21 21 21 20 20 20 20 20 19 19 19 19 18 19 20 20 20 20 18 18 18 17 17 18 17 18 18 18 18 18 19 17 18 16 16 16 16 16 16 15 15 15 14 14 14 14 14 13 13 13 13 13 13 13 14 14 14 15 15 16 16 16 16 17 16 15 15
18 18 18 18 18 18 19 20 20 21 20 20 20 21 22 22 22 22 21 22 21 22 22 22 21 21 21 21 21 21 21 21 20 20 20 20 19 19 19 19 19 19 18 19 20 21 19 18 18 18 17 18 18 18 19 19 19 20 19 18 17 16 16 17 16 16 16 15 15 15 14 14 14 14 13 13 13 13 13 13 13 13 13 14 14 14 15 15 16 16 16 16 15 14 15
18 19 18 18 18 19 19 21 23 24 24 21 20 22 22 22 22 21 21 22 21 22 22 22 22 21 22 22 21 21 21 21 20 20 20 20 19 19 19 19 19 20 20 20 20 21 23 19 18 18 18 18 18 17 19 20 21 21 19 17 17 16 16 17 17 16 16 15 15 15 14 14 14 13 13 13 13 13 13 13 13 13 13 13 13 13 14 14 15 15 15 15 15 14 14
19 19 18 18 19 19 19 20 23 26 26 22 21 21 22 23 22 21 21 22 22 22 22 22 22 22 22 21 21 21 21 21 20 20 20 20 19 19 19 19 19 20 21 21 23 22 21 19 19 18 19 19 18 18 18 19 21 20 18 17 17 17 17 16 16 17 16 16 15 15 14 14 14 14 13 13 13 13 13 13 13 13 13 13 13 13 13 14 15 15 15 14 14 14 14
18 19 19 19 19 20 20 20 23 26 26 24 22 22 22 22 22 23 23 23 23 23 22 22 22 22 22 22 22 21 21 21 21 20 20 20 19 19 19 18 20 19 18 19 19 20 21 19 19 19 21 20 19 19 18 18 19 19 18 18 18 18 17 17 16 16 16 16 15 15 15 14 14 14 14 14 14 14 13 13 13 13 13 13 13 13 13 14 14 14 14 14 14 13 13
18 19 19 19 19 20 20 20 22 26 27 26 26 24 23 23 23 23 23 23 23 22 22 23 22 22 22 23 22 22 22 21 21 21 20 20 19 19 19 18 18 17 17 18 19 21 23 23 22 22 24 22 20 20 19 19 19 19 20 20 20 19 18 18 17 16 17 17 16 16 16 15 14 14 14 15 15 14 14 14 14 13 13 13 13 13 13 14 14 14 13 13 13 13 13
19 19 19 20 19 20 20 20 21 22 27 27 27 27 26 24 24 23 23 24 24 24 23 23 23 24 23 23 23 22 22 21 21 21 20 20 19 19 19 18 19 17 17 20 24 27 30 30 30 30 28 26 23 22 20 19 19 20 20 20 21 21 20 19 17 17 16 17 17 17 17 15 15 14 15 14 15 15 15 14 14 14 13 13 14 13 14 14 13 13 13 13 13 13 13
18 19 19 19 19 19 20 20 21 22 26 27 26 26 26 27 25 25 24 24 24 23 24 24 24 24 24 23 23 22 22 21 21 21 20 20 20 19 19 18 19 21 19 19 30 29 27 29 26 27 29 31 31 24 23 20 21 21 20 20 21 21 20 17 17 17 16 16 16 17 16 16 16 15 15 15 15 15 15 15 15 14 14 14 14 14 14 14 13 13 13 13 13 13 13
19 19 19 20 20 20 20 20 20 22 23 25 27 26 26 26 27 27 26 24 24 24 24 25 25 24 23 23 22 22 22 22 21 21 21 20 21 19 20 21 22 21 22 22 26 31 23 21 21 21 22 26 24 31 28 23 22 22 21 21 21 20 19 18 17 17 17 17 17 17 17 16 16 16 16 16 16 16 16 15 15 15 15 14 14 14 14 14 14 13 13 13 13 13 13
19 20 20 20 20 21 20 20 21 23 23 24 24 26 26 26 26 26 27 25 24 24 25 25 24 24 23 23 23 22 22 22 22 21 21 21 22 20 20 20 20 22 24 28 27 29 29 25 31 20 21 19 20 25 33 27 24 23 22 23 21 20 19 19 19 18 18 17 17 19 19 17 17 17 16 16 16 16 16 16 15 15 15 15 14 14 14 14 14 13 13 13 13 13 13
20 20 19 21 21 20 20 21 20 22 24 24 24 25 26 27 26 26 27 27 24 24 25 25 24 23 23 23 25 25 26 28 28 26 26 28 28 28 24 26 28 26 30 27 22 27 24 21 27 23 21 21 26 27 27 27 25 24 27 23 21 23 21 20 20 20 19 19 18 18 20 19 17 17 17 17 17 16 16 16 16 15 15 15 15 15 14 14 14 14 14 13 13 13 13
19 19 20 20 21 21 21 21 21 21 22 23 23 25 24 25 27 27 27 25 24 24 25 24 24 26 28 28 26 28 28 27 27 28 25 24 22 23 26 26 22 21 22 21 21 20 20 21 20 20 20 20 23 30 34 28 26 26 26 25 22 24 24 25 24 21 21 21 20 20 20 19 18 18 17 17 16 16 16 16 16 16 15 15 15 15 15 15 14 14 14 14 13 13 13
20 20 20 20 20 21 21 21 21 21 22 22 23 23 24 24 26 27 25 24 24 25 27 25 27 25 24 25 25 27 28 26 26 28 28 23 22 22 22 22 22 21 21 21 20 20 20 21 22 21 20 20 20 23 21 28 28 31 29 24 23 18 18 18 19 23 22 22 21 18 18 19 19 18 16 17 19 22 21 19 16 16 15 15 15 15 15 15 15 14 14 14 14 13 13
19 20 20 20 20 20 21 22 21 21 21 22 22 23 23 24 24 24 24 24 24 25 27 27 26 25 24 24 24 24 28 28 25 28 29 23 22 22 22 22 22 22 21 21 22 21 21 22 23 22 21 21 21 21 20 19 19 18 21 25 28 23 17 18 17 17 18 19 17 18 17 17 18 18 18 16 17 19 27 27 24 18 18 17 15 15 15 15 15 15 14 14 14 14 13
20 20 20 20 20 21 21 22 22 21 21 22 22 22 23 23 24 24 24 24 26 28 26 25 25 25 24 24 24 24 26 24 25 29 29 25 22 23 22 22 22 23 23 23 23 24 24 23 24 23 22 21 22 21 20 21 21 20 21 17 20 21 19 17 17 17 17 17 17 17 17 16 16 17 17 16 15 16 21 21 23 25 26 26 19 15 15 15 15 15 14 14 14 14 14
20 20 20 21 21 21 21 22 22 22 22 22 22 22 23 23 24 24 24 24 27 28 27 26 25 24 24 24 25 24 24 24 23 23 23 24 22 23 23 22 22 24 24 25 25 25 26 25 25 25 25 23 24 24 24 24 24 23 21 18 17 18 26 25 23 19 17 18 20 22 22 18 16 16 16 15 15 15 15 17 18 20 24 23 21 18 17 19 16 15 15 15 15 14 14
21 21 21 21 21 21 21 22 22 22 22 22 24 24 24 24 25 25 24 24 24 27 26 28 27 25 26 24 25 24 23 23 23 23 23 23 23 23 24 24 23 23 24 25 25 27 27 28 27 27 27 26 25 26 27 26 25 25 24 22 21 18 17 21 24 23 22 17 16 19 16 16 16 15 15 15 16 17 19 19 21 20 22 21 21 21 23 23 20 20 22 17 15 15 14
21 21 21 22 21 22 21 22 22 22 22 23 25 26 27 28 28 27 27 26 24 25 25 28 28 28 29 29 27 24 23 23 23 23 22 23 22 22 23 23 23 21 20 21 23 25 26 28 28 28 29 28 28 27 28 27 26 25 25 25 22 20 18 17 18 23 22 20 20 19 18 16 15 15 15 16 19 24 24 24 23 20 24 25 25 24 26 26 25 23 24 21 21 19 16
22 22 23 22 22 23 22 23 23 23 22 23 24 25 26 26 28 28 28 28 28 26 27 26 25 26 25 25 25 25 29 27 29 26 26 27 25 25 22 21 22 22 23 21 21 23 24 27 27 27 28 29 28 28 28 27 27 27 25 24 22 21 20 17 17 20 21 21 20 18 18 16 15 15 15 17 21 26 28 28 28 28 28 30 29 27 28 29 29 28 29 25 23 22 19
24 23 24 24 22 23 23 23 24 24 23 23 24 24 24 25 27 28 26 26 26 26 27 27 28 25 28 28 28 27 27 27 27 28 27 28 28 29 24 29 22 21 21 20 20 20 23 24 25 23 24 24 26 27 28 27 28 27 27 25 23 21 17 17 22 22 20 19 18 16 17 16 15 14 15 20 25 28 32 32 31 29 29 32 30 30 29 30 31 30 29 29 26 24 21
25 25 25 24 24 24 26 26 27 25 25 26 25 25 24 26 28 29 27 26 26 25 25 24 24 25 25 26 28 29 29 30 30 26 29 30 30 29 30 30 30 24 21 23 20 22 22 21 22 21 22 22 23 23 26 25 25 26 23 23 21 20 18 18 19 18 17 16 16 16 16 15 15 14 17 22 26 28 29 29 29 28 27 28 27 26 28 31 31 31 31 31 28 26 24
28 27 26 25 26 28 28 28 27 29 27 27 26 25 26 25 26 26 29 29 29 26 25 24 24 24 24 24 24 23 24 25 23 23 24 23 23 23 29 30 30 30 28 29 24 19 19 19 19 19 21 20 20 21 23 22 21 21 20 20 19 17 21 17 18 18 16 16 16 15 15 15 14 14 16 18 24 24 25 25 27 28 28 25 23 21 25 28 29 29 30 32 31 27 27
29 28 27 28 28 28 26 27 26 26 27 28 26 28 29 29 28 28 29 27 28 29 28 25 24 24 24 24 24 24 24 23 23 23 23 23 22 22 24 22 21 26 22 23 22 23 20 19 18 19 18 18 18 18 19 18 18 17 18 17 17 17 17 17 17 16 17 16 16 16 16 15 15 14 15 16 17 18 20 21 22 22 21 21 19 19 20 24 25 24 26 30 32 29 26
29 29 28 29 29 28 28 27 26 25 24 25 28 29 29 27 26 25 26 28 29 29 29 29 27 25 24 23 24 24 24 25 25 25 25 26 25 24 22 23 23 23 21 22 22 22 20 23 21 19 18 18 17 17 17 18 18 19 18 17 17 17 18 17 17 17 17 17 16 16 15 16 16 15 15 15 16 17 17 18 18 18 17 17 17 18 18 19 20 22 24 28 29 29 27
