testdata/Hispaniola_WorldClim/snv_9.asc
ncols         743
nrows         319
xllcorner     -74.500956448335
yllcorner     17.448920549066
cellsize      0.0083333333333333
NODATA_value  -9999
[rows 39 to 77 of 319, columns 264 to 351 of 743]
-9999 -9999 -9999 -9999 -9999 -9999 -9999 260 269 263 264 261 261 -9999 -9999 -9999 -9999 -9999 -9999 -9999 -9999 -9999 -9999 -9999 -9999 -9999 -9999 -9999 -9999 -9999 -9999 -9999 -9999 -9999 -9999 -9999 -9999 -9999 -9999 -9999 -9999 -9999 -9999 -9999 -9999 -9999 -9999 -9999 -9999 -9999 -9999 -9999 -9999 -9999 -9999 -9999 -9999 -9999 -9999 -9999 -9999 -9999 -9999 279 279 -9999 280 244 244 244 243 244 245 245 245 245 244 245 245 246 246 246 245 245 246 247 246 246
-9999 -9999 -9999 -9999 -9999 262 269 258 218 218 260 261 259 -9999 -9999 -9999 -9999 -9999 -9999 -9999 -9999 -9999 -9999 -9999 -9999 -9999 -9999 -9999 -9999 -9999 -9999 -9999 -9999 -9999 -9999 -9999 -9999 -9999 -9999 -9999 -9999 -9999 -9999 -9999 -9999 -9999 -9999 -9999 -9999 -9999 -9999 -9999 -9999 -9999 -9999 -9999 -9999 -9999 -9999 -9999 -9999 -9999 -9999 279 -9999 -9999 244 244 244 244 245 245 245 245 245 244 245 246 246 246 246 245 246 246 247 247 246 246
269 266 270 270 268 222 221 221 206 212 258 267 269 -9999 -9999 -9999 -9999 -9999 -9999 -9999 -9999 -9999 -9999 -9999 -9999 -9999 -9999 -9999 -9999 -9999 -9999 -9999 -9999 -9999 -9999 -9999 -9999 -9999 -9999 -9999 -9999 -9999 -9999 -9999 -9999 -9999 -9999 -9999 -9999 -9999 -9999 -9999 -9999 -9999 -9999 -9999 -9999 -9999 -9999 -9999 -9999 -9999 -9999 -9999 -9999 -9999 -9999 244 245 245 245 245 245 245 244 245 246 246 246 246 245 245 246 247 247 246 246 247
226 225 218 226 225 220 210 212 214 224 264 269 -9999 -9999 -9999 -9999 -9999 -9999 -9999 -9999 -9999 -9999 -9999 -9999 -9999 -9999 -9999 -9999 -9999 -9999 -9999 -9999 -9999 -9999 -9999 -9999 -9999 -9999 -9999 -9999 -9999 -9999 -9999 -9999 -9999 -9999 -9999 -9999 -9999 -9999 -9999 -9999 -9999 -9999 -9999 -9999 -9999 -9999 -9999 -9999 -9999 -9999 -9999 -9999 -9999 -9999 -9999 245 245 245 245 245 245 245 245 246 246 246 246 245 246 247 247 247 246 246 247 247
224 218 209 205 203 200 198 211 218 266 268 269 -9999 -9999 -9999 270 270 -9999 269 269 269 -9999 -9999 -9999 -9999 -9999 -9999 -9999 -9999 -9999 -9999 -9999 -9999 -9999 -9999 -9999 -9999 -9999 -9999 -9999 -9999 -9999 -9999 -9999 -9999 -9999 -9999 -9999 -9999 -9999 -9999 -9999 -9999 -9999 -9999 -9999 -9999 -9999 -9999 -9999 -9999 -9999 -9999 -9999 -9999 -9999 -9999 -9999 244 245 245 245 245 245 245 246 246 246 245 246 247 247 247 246 246 247 247 247
265 226 221 214 200 198 214 222 226 269 269 269 269 270 270 269 269 269 269 268 268 -9999 -9999 -9999 -9999 -9999 -9999 -9999 -9999 -9999 -9999 -9999 -9999 -9999 -9999 -9999 -9999 -9999 -9999 -9999 -9999 -9999 -9999 -9999 -9999 -9999 -9999 -9999 -9999 -9999 -9999 -9999 -9999 -9999 -9999 -9999 -9999 -9999 -9999 -9999 -9999 -9999 -9999 -9999 -9999 -9999 -9999 -9999 245 245 245 246 245 246 246 246 246 246 246 246 247 247 246 247 247 248 248 247
268 267 263 261 227 227 261 266 267 269 269 270 270 270 269 269 269 269 269 269 269 269 269 -9999 -9999 -9999 268 268 270 270 270 270 -9999 -9999 -9999 -9999 -9999 -9999 273 273 273 273 273 274 274 -9999 -9999 -9999 -9999 -9999 -9999 -9999 -9999 -9999 -9999 -9999 -9999 -9999 -9999 -9999 -9999 -9999 -9999 -9999 -9999 -9999 -9999 -9999 -9999 245 246 245 245 246 246 246 246 246 246 247 247 247 247 247 248 248 247 248
269 267 268 267 266 268 268 270 269 269 270 269 269 269 269 269 269 269 269 269 269 269 268 269 269 268 268 269 269 270 270 270 -9999 -9999 -9999 -9999 -9999 272 273 273 273 273 273 274 274 275 276 276 276 276 277 -9999 -9999 -9999 -9999 -9999 -9999 -9999 -9999 -9999 -9999 -9999 -9999 -9999 -9999 -9999 -9999 -9999 -9999 245 246 246 246 246 246 246 246 246 247 246 247 247 247 248 248 248 248 248
269 268 269 268 268 270 269 269 269 269 269 269 269 269 269 269 269 268 269 268 268 269 269 269 268 268 269 268 270 270 270 270 -9999 -9999 -9999 -9999 -9999 -9999 272 273 273 273 273 274 274 275 276 276 275 242 242 243 243 243 243 243 243 244 244 244 244 -9999 -9999 -9999 -9999 -9999 -9999 -9999 -9999 246 246 245 246 246 247 247 246 246 247 248 247 247 247 248 248 248 249 248
270 269 270 270 270 269 270 269 269 269 269 269 269 269 269 269 268 268 268 268 268 268 268 268 269 268 268 -9999 270 270 270 270 -9999 -9999 -9999 -9999 -9999 272 273 273 273 273 274 274 275 275 276 276 242 242 243 243 243 243 243 243 243 244 244 244 244 244 245 245 245 245 245 246 246 -9999 246 246 246 246 247 246 246 246 247 248 248 247 248 248 248 249 248 248
270 270 270 270 270 269 270 269 269 269 269 269 269 269 268 268 268 268 268 268 268 268 268 268 269 269 269 269 270 -9999 -9999 270 271 271 272 272 272 272 273 273 273 273 274 274 241 241 242 242 242 242 243 242 243 243 -9999 243 244 244 244 244 244 244 244 244 245 244 245 245 246 245 246 246 246 247 246 246 246 247 248 248 248 247 247 248 249 249 248 248
269 269 270 270 270 269 269 269 269 269 269 269 268 268 268 268 268 268 268 268 268 268 268 268 268 269 269 269 270 269 270 270 271 271 271 271 272 272 273 273 240 241 241 241 241 242 241 242 242 243 243 243 -9999 -9999 -9999 -9999 -9999 244 244 244 244 244 244 245 245 245 245 245 245 246 246 246 245 246 246 246 247 247 248 248 247 247 247 248 249 248 248 248
270 270 270 270 269 269 269 269 269 269 269 268 267 268 268 268 268 268 268 268 268 268 268 268 268 269 269 269 270 269 270 271 271 271 271 271 272 240 240 239 239 240 241 241 242 242 242 242 243 243 -9999 -9999 -9999 -9999 -9999 -9999 -9999 -9999 -9999 243 244 245 245 245 245 246 244 246 246 246 246 246 246 247 246 247 247 248 248 248 247 248 247 248 248 248 248 248
269 269 270 269 269 269 269 269 269 268 269 268 268 268 268 267 267 267 267 268 267 268 267 268 268 269 269 269 270 269 269 271 271 271 238 239 239 240 240 240 240 240 241 241 241 242 242 242 243 244 -9999 -9999 244 244 244 244 -9999 -9999 244 245 245 245 245 244 245 246 245 245 245 246 246 245 246 247 247 247 248 248 248 247 248 248 247 247 248 248 248 248
268 269 269 269 269 269 269 269 269 269 269 268 268 268 267 267 267 268 267 267 267 267 267 267 268 268 268 269 269 270 269 237 237 238 239 239 239 239 240 239 241 240 241 241 241 241 242 243 243 243 244 244 244 244 244 244 245 -9999 245 245 244 245 245 244 245 246 246 246 246 246 246 246 245 245 247 246 247 248 247 248 248 248 247 247 248 248 248 248
236 269 269 269 269 269 269 269 268 268 268 268 268 267 267 268 268 267 267 267 267 267 266 266 234 268 268 268 236 236 238 237 238 238 238 238 239 240 239 240 240 240 240 241 242 242 242 242 242 243 243 244 243 244 244 244 244 245 244 244 245 245 245 245 246 246 246 246 246 246 247 246 246 246 246 246 246 245 246 247 247 247 247 247 247 248 249 249
236 236 236 237 269 269 269 268 268 268 268 267 268 267 268 267 267 267 267 267 232 232 232 232 232 234 235 236 237 236 238 238 238 238 238 239 239 239 239 240 240 241 241 241 241 241 242 242 242 242 243 244 243 244 245 245 244 245 245 244 245 245 246 245 245 245 246 246 246 247 247 246 245 246 246 246 245 246 247 245 245 246 247 248 248 245 247 247
236 236 236 236 236 236 236 235 234 234 234 267 267 267 267 267 267 267 267 234 234 227 231 228 232 235 235 235 237 236 238 237 238 239 239 239 238 237 239 240 240 241 241 241 241 241 241 241 241 241 242 243 244 244 245 244 244 245 245 244 245 245 245 246 245 245 246 246 246 247 246 247 247 246 245 246 246 246 246 245 245 245 247 248 246 246 244 245
236 237 237 235 235 235 235 234 235 232 234 235 234 234 234 234 234 234 235 234 232 229 227 226 228 234 235 236 236 237 238 238 238 239 239 239 238 236 239 239 240 241 241 240 241 241 240 240 240 241 241 242 244 243 244 244 244 245 244 244 245 245 245 245 245 245 246 246 246 246 246 246 246 246 246 245 245 246 246 245 245 245 245 246 246 246 245 245
235 236 236 236 236 235 234 234 233 231 233 234 234 234 234 234 234 235 234 234 234 234 234 230 225 231 235 235 236 237 238 238 238 239 239 239 238 235 237 239 240 241 240 240 241 241 239 235 235 240 241 243 243 244 245 245 244 244 244 244 244 245 246 246 245 245 245 246 245 246 246 246 246 246 246 245 245 245 246 246 246 245 245 246 247 245 245 245
235 236 236 236 236 235 232 229 227 230 233 234 234 233 230 234 233 234 234 235 235 233 230 225 226 227 233 236 235 236 237 238 238 239 239 239 237 233 236 238 239 241 241 241 238 239 236 234 229 238 240 241 244 244 244 244 244 244 245 244 244 245 246 246 245 245 245 246 246 245 245 246 246 247 246 246 246 245 245 245 245 245 246 247 247 246 242 244
235 233 235 235 235 235 227 219 224 231 230 230 228 229 235 235 233 228 230 231 232 231 222 220 226 223 229 232 235 235 237 237 238 239 239 239 239 238 233 238 240 239 241 241 231 231 238 238 238 239 240 241 244 243 244 244 244 244 244 244 243 244 246 245 245 246 245 245 245 246 245 246 246 246 246 247 246 246 246 245 245 245 246 247 248 247 245 244
234 230 231 233 234 233 222 213 209 229 230 219 229 235 236 233 223 226 217 223 225 228 221 223 226 225 223 227 233 235 236 237 238 239 239 239 239 238 234 236 238 239 241 240 238 236 238 239 239 241 242 242 243 244 244 245 244 244 243 244 244 246 245 246 246 246 245 246 245 246 245 245 246 246 246 246 246 245 241 245 245 245 246 247 247 247 247 246
230 223 219 228 231 229 226 207 209 223 222 233 231 232 235 236 233 232 224 222 225 226 224 224 225 226 226 224 223 234 236 237 239 239 239 239 240 239 233 230 238 239 241 240 241 239 240 241 241 242 243 243 244 244 245 244 243 244 243 245 246 246 246 245 246 245 246 245 245 244 245 246 246 246 246 246 246 247 245 244 243 245 246 247 247 247 247 248
227 213 208 214 219 220 212 204 211 218 226 214 220 230 233 235 236 234 227 225 231 226 225 225 225 227 224 223 219 233 234 236 238 238 239 239 239 239 238 235 238 240 239 241 240 240 241 240 240 242 243 244 243 245 244 243 243 243 242 245 245 246 245 245 245 245 246 246 246 245 246 246 246 246 246 246 247 246 246 245 246 246 246 247 247 247 247 247
216 205 209 213 212 211 195 214 217 213 220 223 226 227 232 233 235 233 232 224 230 230 227 224 222 223 224 217 217 218 230 233 237 238 239 240 239 239 239 239 237 238 240 239 240 237 240 240 238 240 242 244 243 243 243 244 242 243 244 244 244 245 246 245 246 246 246 246 246 246 245 245 245 246 246 246 246 246 246 246 246 245 246 247 247 246 247 247
211 212 212 214 219 218 206 216 220 220 215 227 230 233 232 231 236 234 231 232 233 232 229 227 227 224 220 210 214 213 218 229 236 236 239 239 239 240 239 239 238 235 230 237 239 240 240 241 242 241 242 243 243 242 243 243 243 244 244 244 245 245 245 244 245 245 245 246 246 246 246 245 245 246 246 245 245 245 246 245 247 246 246 246 247 247 247 247
206 212 203 200 201 209 212 221 216 220 217 225 228 232 233 233 236 235 235 235 235 236 231 229 228 226 223 220 221 219 218 233 236 238 239 238 238 237 239 239 237 237 231 232 238 240 241 241 241 242 243 244 242 241 242 243 243 244 245 245 245 244 244 245 245 245 245 245 245 246 246 246 245 246 245 244 244 244 244 244 245 245 246 246 246 246 247 247
201 208 207 204 200 214 221 222 214 205 214 225 228 234 234 234 234 233 237 236 232 232 227 229 226 227 228 227 227 226 219 221 227 229 236 238 234 237 237 239 238 235 236 233 235 240 241 242 243 243 241 241 241 242 243 243 243 244 244 245 244 245 245 246 246 246 245 245 246 245 246 245 245 245 246 246 245 244 244 242 243 245 246 246 246 246 246 247
202 208 215 210 199 204 211 222 219 203 208 224 232 233 232 232 226 229 230 235 233 224 226 225 229 228 228 226 226 218 212 199 214 228 232 232 231 228 232 236 233 237 238 238 238 238 239 240 242 242 241 241 242 242 243 244 243 243 243 244 245 245 245 245 245 245 245 245 246 245 245 245 245 245 246 246 245 245 244 242 242 243 244 245 246 246 247 247
209 212 217 209 215 199 217 220 216 210 211 227 232 232 233 228 227 232 235 236 235 218 217 218 221 225 225 223 219 223 211 208 201 203 220 217 211 222 231 236 232 235 237 238 239 240 240 240 242 242 242 242 242 243 243 243 243 244 243 244 243 244 244 244 245 245 245 245 246 245 245 246 246 246 245 245 245 246 243 242 243 244 244 245 246 246 246 247
209 205 218 221 219 220 222 222 221 209 210 223 229 231 234 227 227 222 234 237 225 219 212 214 215 218 217 217 219 222 221 213 215 205 212 209 199 208 226 224 225 227 233 239 239 240 241 242 241 242 241 242 242 243 243 242 243 242 243 243 243 244 244 244 245 245 245 245 245 245 246 246 246 245 245 245 245 244 244 245 242 243 244 245 245 245 245 246
211 213 214 207 220 221 222 223 223 216 199 217 227 231 233 229 232 232 235 237 233 226 220 216 207 209 207 216 223 223 222 221 222 214 216 217 210 208 196 206 208 222 230 237 238 241 240 241 242 241 241 242 242 241 242 242 242 242 243 242 244 242 243 244 245 245 245 245 246 245 244 245 246 247 246 245 244 244 241 243 242 242 240 240 244 244 245 246
206 205 206 210 218 221 219 223 224 216 205 212 228 227 226 226 222 227 235 237 235 231 225 222 211 216 218 219 224 226 224 222 218 213 219 219 218 214 204 192 197 213 229 231 239 240 240 241 242 242 241 239 241 241 240 241 241 242 242 241 243 242 243 244 244 245 245 245 245 245 244 245 245 246 246 246 245 244 242 242 239 238 239 241 241 243 245 246
194 195 199 207 216 216 212 217 223 222 214 218 205 206 212 222 225 226 233 237 237 235 229 223 218 217 222 223 226 224 217 216 215 219 222 220 219 215 206 204 199 208 216 232 238 240 241 241 241 241 241 241 237 239 232 232 239 241 241 242 243 243 243 244 244 245 243 245 245 244 243 244 245 246 246 245 245 243 242 242 241 236 239 240 241 244 244 244
197 198 209 213 214 206 199 198 209 225 223 226 209 214 208 207 213 225 233 235 237 236 234 227 225 222 224 224 225 225 219 220 216 220 222 219 221 217 217 212 199 205 213 227 235 238 240 241 239 240 241 240 239 227 225 227 237 241 241 244 243 239 243 243 243 243 244 245 245 243 243 244 245 245 245 245 244 243 243 241 241 235 239 240 241 240 240 243
194 193 197 203 193 181 190 200 206 217 223 226 218 200 179 183 203 222 229 235 236 238 236 230 229 226 223 225 229 226 224 217 206 211 220 223 222 221 220 219 200 200 214 216 225 236 239 240 237 240 240 238 240 239 228 234 238 241 242 242 240 236 235 242 243 244 244 243 243 242 243 244 245 245 245 245 244 244 243 240 240 239 239 236 238 238 238 240
198 190 185 186 182 184 179 200 208 212 211 226 221 196 185 188 187 211 226 233 235 235 237 235 233 228 227 228 231 227 222 217 203 207 212 220 224 222 218 217 206 209 215 210 211 221 234 236 233 232 237 237 237 232 232 228 239 241 241 243 241 222 233 237 242 243 244 244 243 243 245 245 246 246 244 245 244 243 243 241 240 239 238 235 229 233 237 238
199 201 193 190 183 186 183 184 206 212 219 225 216 200 187 198 194 200 217 227 232 235 237 238 236 229 229 234 229 220 218 217 212 214 220 220 224 219 219 221 215 216 216 207 213 213 216 215 220 223 228 232 231 222 224 233 238 240 242 241 238 237 234 233 235 240 242 243 243 243 244 245 245 245 244 245 245 244 243 243 241 239 232 235 219 224 235 236
