testdata/Hispaniola_WorldClim/snv_7.asc
ncols         743
nrows         319
xllcorner     -74.500956448335
yllcorner     17.448920549066
cellsize      0.0083333333333333
NODATA_value  -9999
[rows 234 to 272 of 319, columns 352 to 439 of 743]
158 159 158 160 158 160 159 160 162 161 160 159 157 157 157 159 158 159 160 161 156 158 158 159 156 158 148 149 157 159 158 160 159 160 159 159 156 151 152 154 157 160 156 154 155 153 150 152 151 150 149 153 152 148 146 145 139 137 132 128 127 -9999 -9999 -9999 -9999 -9999 -9999 -9999 -9999 -9999 -9999 -9999 -9999 -9999 -9999 -9999 -9999 -9999 -9999 -9999 -9999 -9999 -9999 -9999 -9999 -9999 -9999 -9999
158 158 160 159 160 161 159 162 161 160 160 160 161 158 159 158 158 160 160 158 155 154 153 153 152 154 150 150 157 159 160 160 160 160 160 159 156 155 155 157 159 159 159 158 158 158 153 156 156 154 153 152 150 146 145 143 140 137 133 130 125 -9999 -9999 -9999 -9999 -9999 -9999 -9999 -9999 -9999 -9999 -9999 -9999 -9999 -9999 -9999 -9999 -9999 -9999 -9999 -9999 -9999 -9999 -9999 -9999 -9999 -9999 -9999
158 160 161 159 161 160 160 161 160 158 159 159 160 161 159 158 158 159 160 158 157 154 153 152 154 151 152 150 155 158 160 160 159 160 159 159 158 157 158 158 160 159 159 158 158 156 156 158 159 158 156 155 153 145 144 140 137 134 130 127 124 -9999 -9999 -9999 -9999 -9999 -9999 -9999 -9999 -9999 -9999 -9999 -9999 -9999 -9999 -9999 -9999 -9999 -9999 -9999 -9999 -9999 -9999 -9999 -9999 -9999 -9999 -9999
159 159 159 158 159 161 160 160 159 159 159 159 157 158 159 160 159 159 159 160 160 157 154 153 158 159 154 151 153 157 160 158 160 159 158 158 159 158 159 158 159 159 159 159 159 159 159 160 160 159 158 155 152 144 142 141 140 136 132 127 -9999 -9999 -9999 -9999 -9999 -9999 -9999 -9999 -9999 -9999 -9999 -9999 -9999 -9999 -9999 -9999 -9999 -9999 -9999 -9999 -9999 -9999 -9999 -9999 -9999 -9999 -9999 -9999
159 160 159 159 159 159 160 155 153 152 155 156 158 158 156 154 156 158 158 158 160 158 155 158 159 159 156 153 159 156 160 160 158 158 158 156 157 158 159 159 159 159 159 159 159 158 159 159 159 158 156 151 146 147 144 141 136 131 127 125 -9999 -9999 -9999 -9999 -9999 -9999 -9999 -9999 -9999 -9999 -9999 -9999 -9999 -9999 -9999 -9999 -9999 -9999 -9999 -9999 -9999 -9999 -9999 -9999 -9999 -9999 -9999 -9999
159 159 159 159 159 160 159 155 150 150 152 153 155 158 158 158 155 155 156 154 153 158 159 159 158 158 159 159 159 159 159 159 157 156 154 155 157 158 159 159 159 159 159 157 158 157 158 156 154 154 151 147 145 142 141 137 132 128 127 124 -9999 -9999 -9999 -9999 -9999 -9999 -9999 -9999 -9999 -9999 -9999 -9999 -9999 -9999 -9999 -9999 -9999 -9999 -9999 -9999 -9999 -9999 -9999 -9999 -9999 -9999 -9999 -9999
160 159 159 160 159 159 159 158 153 150 149 149 150 153 151 155 157 156 156 156 153 155 156 156 158 158 158 159 159 159 159 159 158 155 154 156 156 157 157 157 158 159 159 157 158 158 157 153 147 145 146 145 142 139 139 135 132 128 124 -9999 -9999 -9999 -9999 -9999 -9999 -9999 -9999 -9999 -9999 -9999 -9999 -9999 -9999 -9999 -9999 -9999 -9999 -9999 -9999 -9999 -9999 -9999 -9999 -9999 -9999 -9999 -9999 -9999
160 159 159 159 159 160 159 158 157 149 149 150 148 149 148 148 151 152 154 153 154 154 154 156 154 156 155 159 159 159 159 159 158 155 151 154 156 155 154 154 158 157 156 151 156 157 156 154 152 148 142 135 140 137 132 132 130 126 124 -9999 -9999 -9999 -9999 -9999 -9999 -9999 -9999 -9999 -9999 -9999 -9999 -9999 -9999 -9999 -9999 -9999 -9999 -9999 -9999 -9999 -9999 -9999 -9999 -9999 -9999 -9999 -9999 -9999
159 160 159 159 159 159 160 159 158 156 148 150 148 147 148 150 153 155 154 154 153 151 153 153 153 153 156 157 158 157 159 157 156 153 149 148 150 153 153 153 153 154 149 150 157 157 155 150 146 144 141 134 130 137 139 129 127 124 -9999 -9999 -9999 -9999 -9999 -9999 -9999 -9999 -9999 -9999 -9999 -9999 -9999 -9999 -9999 -9999 -9999 -9999 -9999 -9999 -9999 -9999 -9999 -9999 -9999 -9999 -9999 -9999 -9999 -9999
157 158 159 160 159 159 159 159 158 158 156 152 147 148 148 149 154 154 151 152 153 151 152 153 153 154 154 154 155 157 157 155 154 150 148 148 149 146 152 150 152 153 146 146 152 156 155 150 145 142 141 136 132 128 129 127 125 124 -9999 -9999 -9999 -9999 -9999 -9999 -9999 -9999 -9999 -9999 -9999 -9999 -9999 -9999 -9999 -9999 -9999 -9999 -9999 -9999 -9999 -9999 -9999 -9999 -9999 -9999 -9999 -9999 -9999 -9999
157 157 157 157 160 159 158 158 158 158 157 157 153 149 148 148 150 151 153 154 155 152 150 151 153 152 155 154 153 156 155 153 151 151 156 153 150 147 143 146 146 144 143 140 145 152 153 152 147 144 144 139 139 134 128 126 124 -9999 -9999 -9999 -9999 -9999 -9999 -9999 -9999 -9999 -9999 -9999 -9999 -9999 -9999 -9999 -9999 -9999 -9999 -9999 -9999 -9999 -9999 -9999 -9999 -9999 -9999 -9999 -9999 -9999 -9999 -9999
155 156 156 157 157 158 159 159 158 158 158 158 156 153 150 149 148 151 149 154 156 153 151 150 151 151 152 154 151 153 154 153 153 153 156 155 150 147 148 143 142 137 139 138 142 149 153 153 151 149 148 141 140 134 124 -9999 -9999 -9999 -9999 -9999 -9999 -9999 -9999 -9999 -9999 -9999 -9999 -9999 -9999 -9999 -9999 -9999 -9999 -9999 -9999 -9999 -9999 -9999 -9999 -9999 -9999 -9999 -9999 -9999 -9999 -9999 -9999 -9999
153 154 155 156 157 157 157 158 157 158 157 158 157 155 151 149 148 148 148 151 153 154 154 153 151 151 151 151 152 153 154 155 155 155 156 157 156 156 153 148 143 138 135 137 142 144 148 153 153 151 148 144 142 136 123 -9999 -9999 -9999 -9999 -9999 -9999 -9999 -9999 -9999 -9999 -9999 -9999 -9999 -9999 -9999 -9999 -9999 -9999 -9999 -9999 -9999 -9999 -9999 -9999 -9999 -9999 -9999 -9999 -9999 -9999 -9999 -9999 -9999
153 153 154 154 156 156 156 157 157 157 157 157 157 156 154 151 147 147 147 150 152 153 154 153 152 151 149 151 151 151 153 153 155 156 156 156 156 156 155 149 144 139 135 133 139 142 146 148 152 148 144 140 139 126 -9999 -9999 -9999 -9999 -9999 -9999 -9999 -9999 -9999 -9999 -9999 -9999 -9999 -9999 -9999 -9999 -9999 -9999 -9999 -9999 -9999 -9999 -9999 -9999 -9999 -9999 -9999 -9999 -9999 -9999 -9999 -9999 -9999 -9999
151 152 153 155 154 155 155 155 155 156 156 156 157 156 155 151 148 147 146 146 148 151 152 152 151 149 149 146 146 147 148 153 155 157 156 157 157 155 151 147 146 141 137 133 136 140 142 146 146 142 141 131 130 -9999 -9999 -9999 -9999 -9999 -9999 -9999 -9999 -9999 -9999 -9999 -9999 -9999 -9999 -9999 -9999 -9999 -9999 -9999 -9999 -9999 -9999 -9999 -9999 -9999 -9999 -9999 -9999 -9999 -9999 -9999 -9999 -9999 -9999 -9999
151 151 153 153 153 154 153 155 154 154 154 156 156 156 153 153 151 148 146 146 146 148 149 148 149 149 147 143 146 145 147 148 154 157 157 157 156 157 155 153 146 144 144 137 130 134 145 146 146 140 132 124 -9999 -9999 -9999 -9999 -9999 -9999 -9999 -9999 -9999 -9999 -9999 -9999 -9999 -9999 -9999 -9999 -9999 -9999 -9999 -9999 -9999 -9999 -9999 -9999 -9999 -9999 -9999 -9999 -9999 -9999 -9999 -9999 -9999 -9999 -9999 -9999
150 151 150 151 152 154 153 153 154 154 154 153 154 154 154 153 153 150 148 146 146 145 145 144 146 146 144 144 144 144 147 149 151 155 155 157 157 157 156 156 148 140 141 139 133 129 138 145 146 144 129 123 -9999 -9999 -9999 -9999 -9999 -9999 -9999 -9999 -9999 -9999 -9999 -9999 -9999 -9999 -9999 -9999 -9999 -9999 -9999 -9999 -9999 -9999 -9999 -9999 -9999 -9999 -9999 -9999 -9999 -9999 -9999 -9999 -9999 -9999 -9999 -9999
150 149 150 150 151 151 151 151 150 151 151 153 153 152 151 153 153 152 148 146 145 144 144 144 143 143 142 142 141 143 144 148 153 155 155 156 157 157 157 153 146 147 136 137 133 131 127 135 139 138 127 124 -9999 -9999 -9999 -9999 -9999 -9999 -9999 -9999 -9999 -9999 -9999 -9999 -9999 -9999 -9999 -9999 -9999 -9999 -9999 -9999 -9999 -9999 -9999 -9999 -9999 -9999 -9999 -9999 -9999 -9999 -9999 -9999 -9999 -9999 -9999 -9999
149 148 149 148 150 150 150 149 150 150 151 150 151 150 150 151 153 151 148 146 145 144 143 144 142 143 144 141 141 140 143 145 151 151 153 155 154 156 156 156 153 150 143 139 131 130 128 126 131 130 124 -9999 -9999 -9999 -9999 -9999 -9999 -9999 -9999 -9999 -9999 -9999 -9999 -9999 -9999 -9999 -9999 -9999 -9999 -9999 -9999 -9999 -9999 -9999 -9999 -9999 -9999 -9999 -9999 -9999 -9999 -9999 -9999 -9999 -9999 -9999 -9999 -9999
148 148 148 149 149 148 150 149 150 149 149 149 149 149 150 150 149 150 148 146 145 145 145 143 144 143 142 141 138 140 141 142 145 146 151 150 153 153 154 153 151 148 148 139 134 130 126 124 124 123 -9999 -9999 -9999 -9999 -9999 -9999 -9999 -9999 -9999 -9999 -9999 -9999 -9999 -9999 -9999 -9999 -9999 -9999 -9999 -9999 -9999 -9999 -9999 -9999 -9999 -9999 -9999 -9999 -9999 -9999 -9999 -9999 -9999 -9999 -9999 -9999 -9999 -9999
148 148 147 147 148 148 148 148 149 148 148 149 148 148 150 149 148 147 146 146 145 144 145 144 144 144 144 139 139 138 141 141 144 145 149 148 152 153 151 151 150 146 146 142 138 130 128 124 123 -9999 -9999 -9999 -9999 -9999 -9999 -9999 -9999 -9999 -9999 -9999 -9999 -9999 -9999 -9999 -9999 -9999 -9999 -9999 -9999 -9999 -9999 -9999 -9999 -9999 -9999 -9999 -9999 -9999 -9999 -9999 -9999 -9999 -9999 -9999 -9999 -9999 -9999 -9999
147 148 148 147 148 147 148 148 148 147 148 149 148 149 149 147 146 146 146 144 144 143 143 142 142 141 143 140 137 138 138 139 142 144 145 146 149 149 148 149 146 142 141 142 142 139 126 124 -9999 -9999 -9999 -9999 -9999 -9999 -9999 -9999 -9999 -9999 -9999 -9999 -9999 -9999 -9999 -9999 -9999 -9999 -9999 -9999 -9999 -9999 -9999 -9999 -9999 -9999 -9999 -9999 -9999 -9999 -9999 -9999 -9999 -9999 -9999 -9999 -9999 -9999 -9999 -9999
147 147 147 148 148 147 147 147 148 148 148 147 147 145 147 147 147 145 146 142 144 143 143 141 141 143 140 141 139 137 136 137 140 141 142 144 147 148 146 144 143 140 139 138 136 132 125 -9999 -9999 -9999 -9999 -9999 -9999 -9999 -9999 -9999 -9999 -9999 -9999 -9999 -9999 -9999 -9999 -9999 -9999 -9999 -9999 -9999 -9999 -9999 -9999 -9999 -9999 -9999 -9999 -9999 -9999 -9999 -9999 -9999 -9999 -9999 -9999 -9999 -9999 -9999 -9999 -9999
146 146 146 145 146 146 147 147 147 148 147 146 145 145 145 146 147 146 144 144 144 143 143 141 139 139 141 142 138 136 135 136 137 139 141 141 144 144 149 143 138 139 134 134 132 130 124 -9999 -9999 -9999 -9999 -9999 -9999 -9999 -9999 -9999 -9999 -9999 -9999 -9999 -9999 -9999 -9999 -9999 -9999 -9999 -9999 -9999 -9999 -9999 -9999 -9999 -9999 -9999 -9999 -9999 -9999 -9999 -9999 -9999 -9999 -9999 -9999 -9999 -9999 -9999 -9999 -9999
145 146 146 145 145 146 146 146 146 147 145 145 145 145 144 143 146 144 143 144 144 143 142 142 141 138 139 136 137 136 135 135 137 137 136 139 142 143 141 143 141 136 133 128 126 123 -9999 -9999 -9999 -9999 -9999 -9999 -9999 -9999 -9999 -9999 -9999 -9999 -9999 -9999 -9999 -9999 -9999 -9999 -9999 -9999 -9999 -9999 -9999 -9999 -9999 -9999 -9999 -9999 -9999 -9999 -9999 -9999 -9999 -9999 -9999 -9999 -9999 -9999 -9999 -9999 -9999 -9999
146 147 145 145 143 145 145 145 146 146 144 144 144 145 143 143 143 143 143 143 142 142 141 141 141 138 137 136 135 133 133 132 134 136 138 136 137 138 139 138 138 136 131 128 124 -9999 -9999 -9999 -9999 -9999 -9999 -9999 -9999 -9999 -9999 -9999 -9999 -9999 -9999 -9999 -9999 -9999 -9999 -9999 -9999 -9999 -9999 -9999 -9999 -9999 -9999 -9999 -9999 -9999 -9999 -9999 -9999 -9999 -9999 -9999 -9999 -9999 -9999 -9999 -9999 -9999 -9999 -9999
145 145 145 144 145 144 144 144 143 144 144 143 144 142 144 142 143 143 142 143 141 140 140 139 137 137 136 136 134 133 131 133 133 132 135 135 135 134 133 135 135 133 130 124 121 -9999 -9999 -9999 -9999 -9999 -9999 -9999 -9999 -9999 -9999 -9999 -9999 -9999 -9999 -9999 -9999 -9999 -9999 -9999 -9999 -9999 -9999 -9999 -9999 -9999 -9999 -9999 -9999 -9999 -9999 -9999 -9999 -9999 -9999 -9999 -9999 -9999 -9999 -9999 -9999 -9999 -9999 -9999
146 145 144 144 143 143 143 143 144 144 144 143 142 142 142 143 143 142 142 142 143 141 140 139 136 136 135 134 133 132 130 130 131 132 131 134 134 132 131 130 133 132 128 123 -9999 -9999 -9999 -9999 -9999 -9999 -9999 -9999 -9999 -9999 -9999 -9999 -9999 -9999 -9999 -9999 -9999 -9999 -9999 -9999 -9999 -9999 -9999 -9999 -9999 -9999 -9999 -9999 -9999 -9999 -9999 -9999 -9999 -9999 -9999 -9999 -9999 -9999 -9999 -9999 -9999 -9999 -9999 -9999
144 145 145 144 143 142 144 142 143 141 141 140 142 141 141 141 141 140 140 140 140 139 139 137 135 135 134 133 132 131 130 129 129 129 129 131 134 134 131 129 131 128 124 -9999 -9999 -9999 -9999 -9999 -9999 -9999 -9999 -9999 -9999 -9999 -9999 -9999 -9999 -9999 -9999 -9999 -9999 -9999 -9999 -9999 -9999 -9999 -9999 -9999 -9999 -9999 -9999 -9999 -9999 -9999 -9999 -9999 -9999 -9999 -9999 -9999 -9999 -9999 -9999 -9999 -9999 -9999 -9999 -9999
146 145 144 144 144 143 143 142 141 141 142 141 139 141 140 139 140 140 141 140 139 139 138 137 136 133 132 131 132 130 128 128 128 127 128 129 132 129 128 128 126 123 -9999 -9999 -9999 -9999 -9999 -9999 -9999 -9999 -9999 -9999 -9999 -9999 -9999 -9999 -9999 -9999 -9999 -9999 -9999 -9999 -9999 -9999 -9999 -9999 -9999 -9999 -9999 -9999 -9999 -9999 -9999 -9999 -9999 -9999 -9999 -9999 -9999 -9999 -9999 -9999 -9999 -9999 -9999 -9999 -9999 -9999
146 144 144 144 144 143 142 140 140 139 140 140 139 140 139 139 138 139 139 139 138 137 137 136 135 134 132 132 130 130 128 128 126 125 125 129 126 130 127 125 123 120 -9999 -9999 -9999 -9999 -9999 -9999 -9999 -9999 -9999 -9999 -9999 -9999 -9999 -9999 -9999 -9999 -9999 -9999 -9999 -9999 -9999 -9999 -9999 -9999 -9999 -9999 -9999 -9999 -9999 -9999 -9999 -9999 -9999 -9999 -9999 -9999 -9999 -9999 -9999 -9999 -9999 -9999 -9999 -9999 -9999 -9999
144 144 144 144 143 142 141 141 140 139 139 140 139 140 139 139 138 137 138 137 138 137 137 136 135 133 131 131 130 130 127 127 125 125 124 123 125 124 126 121 -9999 -9999 -9999 -9999 -9999 -9999 -9999 -9999 -9999 -9999 -9999 -9999 -9999 -9999 -9999 -9999 -9999 -9999 -9999 -9999 -9999 -9999 -9999 -9999 -9999 -9999 -9999 -9999 -9999 -9999 -9999 -9999 -9999 -9999 -9999 -9999 -9999 -9999 -9999 -9999 -9999 -9999 -9999 -9999 -9999 -9999 -9999 -9999
144 144 144 144 143 141 141 139 139 139 139 139 139 137 138 137 138 137 137 136 137 136 135 135 134 132 131 130 129 129 127 126 126 124 124 123 122 122 122 -9999 -9999 -9999 -9999 -9999 -9999 -9999 -9999 -9999 -9999 -9999 -9999 -9999 -9999 -9999 -9999 -9999 -9999 -9999 -9999 -9999 -9999 -9999 -9999 -9999 -9999 -9999 -9999 -9999 -9999 -9999 -9999 -9999 -9999 -9999 -9999 -9999 -9999 -9999 -9999 -9999 -9999 -9999 -9999 -9999 -9999 -9999 -9999 -9999
145 144 143 143 143 140 140 140 139 140 139 139 138 137 138 137 137 137 136 135 135 135 136 134 133 132 131 129 129 126 127 125 126 126 124 123 123 122 -9999 -9999 -9999 -9999 -9999 -9999 -9999 -9999 -9999 -9999 -9999 -9999 -9999 -9999 -9999 -9999 -9999 -9999 -9999 -9999 -9999 -9999 -9999 -9999 -9999 -9999 -9999 -9999 -9999 -9999 -9999 -9999 -9999 -9999 -9999 -9999 -9999 -9999 -9999 -9999 -9999 -9999 -9999 -9999 -9999 -9999 -9999 -9999 -9999 -9999
144 144 143 142 143 141 140 140 140 139 138 137 138 137 136 137 137 135 135 135 135 134 134 132 133 131 130 129 127 127 126 125 124 124 123 123 123 -9999 -9999 -9999 -9999 -9999 -9999 -9999 -9999 -9999 -9999 -9999 -9999 -9999 -9999 -9999 -9999 -9999 -9999 -9999 -9999 -9999 -9999 -9999 -9999 -9999 -9999 -9999 -9999 -9999 -9999 -9999 -9999 -9999 -9999 -9999 -9999 -9999 -9999 -9999 -9999 -9999 -9999 -9999 -9999 -9999 -9999 -9999 -9999 -9999 -9999 -9999
142 143 142 142 142 140 141 140 138 137 138 138 137 136 137 136 135 136 135 135 134 134 132 132 131 129 130 127 127 127 125 125 125 124 123 122 -9999 -9999 -9999 -9999 -9999 -9999 -9999 -9999 -9999 -9999 -9999 -9999 -9999 -9999 -9999 -9999 -9999 -9999 -9999 -9999 -9999 -9999 -9999 -9999 -9999 -9999 -9999 -9999 -9999 -9999 -9999 -9999 -9999 -9999 -9999 -9999 -9999 -9999 -9999 -9999 -9999 -9999 -9999 -9999 -9999 -9999 -9999 -9999 -9999 -9999 -9999 -9999
144 142 142 142 140 139 140 140 138 138 138 137 136 137 136 136 134 135 135 133 133 132 133 133 131 129 128 128 127 126 124 126 124 123 122 -9999 -9999 -9999 -9999 -9999 -9999 -9999 -9999 -9999 -9999 -9999 -9999 -9999 -9999 -9999 -9999 -9999 -9999 -9999 -9999 -9999 -9999 -9999 -9999 -9999 -9999 -9999 -9999 -9999 -9999 -9999 -9999 -9999 -9999 -9999 -9999 -9999 -9999 -9999 -9999 -9999 -9999 -9999 -9999 -9999 -9999 -9999 -9999 -9999 -9999 -9999 -9999 -9999
143 142 142 141 140 140 140 139 138 138 137 137 136 135 135 135 134 134 133 133 133 133 131 132 132 130 127 127 125 125 125 125 125 123 -9999 -9999 -9999 -9999 -9999 -9999 -9999 -9999 -9999 -9999 -9999 -9999 -9999 -9999 -9999 -9999 -9999 -9999 -9999 -9999 -9999 -9999 -9999 -9999 -9999 -9999 -9999 -9999 -9999 -9999 -9999 -9999 -9999 -9999 -9999 -9999 -9999 -9999 -9999 -9999 -9999 -9999 -9999 -9999 -9999 -9999 -9999 -9999 -9999 -9999 -9999 -9999 -9999 -9999
142 142 142 141 141 140 140 138 138 137 137 136 136 136 135 134 134 134 132 132 131 130 130 130 130 130 128 126 126 125 125 125 124 123 -9999 -9999 -9999 -9999 -9999 -9999 -9999 -9999 -9999 -9999 -9999 -9999 -9999 -9999 -9999 -9999 -9999 -9999 -9999 -9999 -9999 -9999 -9999 -9999 -9999 -9999 -9999 -9999 -9999 -9999 -9999 -9999 -9999 -9999 -9999 -9999 -9999 -9999 -9999 -9999 -9999 -9999 -9999 -9999 -9999 -9999 -9999 -9999 -9999 -9999 -9999 -9999 -9999 -9999
