testdata/Hispaniola_WorldClim/snv_9.asc
ncols         743
nrows         319
xllcorner     -74.500956448335
yllcorner     17.448920549066
cellsize      0.0083333333333333
NODATA_value  -9999
[rows 39 to 77 of 319, columns 440 to 527 of 743]
266 269 264 262 263 261 264 263 261 261 263 267 266 266 263 267 266 266 267 268 268 268 -9999 -9999 -9999 -9999 -9999 -9999 -9999 -9999 -9999 -9999 -9999 -9999 -9999 -9999 -9999 -9999 -9999 268 268 269 269 268 268 269 269 269 -9999 -9999 -9999 -9999 -9999 -9999 -9999 -9999 -9999 -9999 -9999 -9999 -9999 -9999 -9999 -9999 -9999 -9999 -9999 -9999 -9999 -9999 -9999 -9999 -9999 -9999 -9999 -9999 -9999 -9999 -9999 -9999 -9999 -9999 -9999 -9999 -9999 -9999 -9999 -9999
266 266 262 264 261 258 261 259 256 261 266 268 262 258 253 253 263 262 266 267 268 268 269 269 -9999 -9999 -9999 -9999 -9999 -9999 -9999 -9999 -9999 -9999 -9999 -9999 -9999 -9999 268 268 268 268 267 268 269 269 269 269 270 -9999 -9999 -9999 -9999 -9999 -9999 -9999 -9999 -9999 -9999 -9999 -9999 -9999 -9999 -9999 -9999 -9999 -9999 -9999 -9999 -9999 -9999 -9999 -9999 -9999 -9999 -9999 -9999 -9999 -9999 -9999 -9999 -9999 -9999 -9999 -9999 -9999 -9999 -9999
266 266 265 265 261 259 262 261 258 263 266 266 263 247 237 236 245 256 263 265 268 268 269 268 268 268 269 269 -9999 -9999 -9999 268 268 269 -9999 -9999 -9999 -9999 268 266 267 266 266 266 267 269 269 269 269 269 -9999 -9999 -9999 -9999 -9999 -9999 -9999 -9999 -9999 -9999 -9999 -9999 -9999 -9999 -9999 -9999 -9999 -9999 -9999 -9999 -9999 -9999 -9999 -9999 -9999 -9999 -9999 -9999 -9999 -9999 -9999 -9999 -9999 -9999 -9999 -9999 -9999 -9999
268 266 267 266 264 265 265 261 257 260 264 266 262 253 241 241 246 257 264 266 267 268 269 269 269 268 269 268 268 269 269 268 268 268 269 268 269 268 265 265 266 266 265 266 266 267 266 270 270 269 271 270 -9999 -9999 -9999 -9999 -9999 -9999 -9999 -9999 -9999 -9999 -9999 -9999 -9999 -9999 -9999 -9999 -9999 -9999 -9999 -9999 -9999 -9999 -9999 -9999 -9999 -9999 -9999 -9999 -9999 -9999 -9999 -9999 -9999 -9999 -9999 -9999
269 264 266 263 264 263 263 261 256 257 262 261 258 255 262 262 260 263 265 268 267 268 269 269 270 269 269 269 268 268 269 267 267 267 266 268 267 268 264 264 264 263 264 264 264 265 263 266 269 270 270 271 270 -9999 -9999 -9999 -9999 -9999 -9999 -9999 -9999 -9999 -9999 -9999 -9999 -9999 -9999 -9999 -9999 -9999 -9999 -9999 -9999 -9999 -9999 -9999 -9999 -9999 -9999 -9999 -9999 -9999 -9999 -9999 -9999 -9999 -9999 -9999
269 264 258 258 259 263 260 257 256 253 253 255 255 255 261 262 265 266 267 268 267 269 266 268 269 269 269 269 268 269 267 267 266 265 265 265 267 269 269 266 265 264 261 263 264 260 262 266 266 269 271 271 271 270 -9999 -9999 -9999 -9999 -9999 -9999 -9999 -9999 -9999 -9999 -9999 -9999 -9999 -9999 -9999 -9999 -9999 -9999 -9999 -9999 -9999 -9999 -9999 -9999 -9999 -9999 -9999 -9999 -9999 -9999 -9999 -9999 -9999 -9999
269 268 263 252 256 254 248 250 255 254 252 259 258 255 256 259 262 264 266 265 266 263 264 266 265 268 269 269 269 269 266 265 265 264 264 267 267 268 267 265 263 261 260 259 259 259 261 262 266 266 271 271 271 270 271 -9999 -9999 -9999 -9999 -9999 -9999 -9999 -9999 -9999 -9999 -9999 -9999 -9999 -9999 -9999 -9999 -9999 -9999 -9999 -9999 -9999 -9999 -9999 -9999 -9999 -9999 -9999 -9999 -9999 -9999 -9999 -9999 -9999
268 268 266 263 259 255 249 247 241 254 256 261 261 258 257 257 260 261 261 261 262 262 263 265 268 268 269 269 269 269 266 266 263 263 264 264 266 267 268 264 261 258 257 258 257 258 258 259 260 263 265 271 270 270 270 -9999 -9999 -9999 -9999 -9999 -9999 -9999 -9999 -9999 -9999 -9999 -9999 -9999 -9999 -9999 -9999 -9999 -9999 -9999 -9999 -9999 -9999 -9999 -9999 -9999 -9999 -9999 -9999 -9999 -9999 -9999 -9999 -9999
266 268 269 267 264 262 259 260 244 244 252 262 263 262 263 260 262 265 264 263 262 264 266 266 268 269 269 269 268 269 269 265 264 262 262 262 264 266 266 264 265 258 259 257 256 257 255 257 259 260 260 268 270 271 271 270 -9999 -9999 -9999 -9999 -9999 -9999 -9999 -9999 -9999 -9999 -9999 -9999 -9999 -9999 -9999 -9999 -9999 -9999 -9999 -9999 -9999 -9999 -9999 -9999 -9999 -9999 -9999 -9999 -9999 -9999 -9999 -9999
266 266 266 268 266 258 261 257 255 245 248 253 261 266 265 266 264 263 266 266 264 263 264 265 265 270 265 267 268 268 269 263 262 260 259 260 258 262 264 263 262 258 258 256 254 254 257 258 258 258 262 268 270 271 271 271 271 -9999 -9999 -9999 -9999 -9999 -9999 -9999 -9999 -9999 -9999 -9999 -9999 -9999 -9999 -9999 -9999 -9999 -9999 -9999 -9999 -9999 -9999 -9999 -9999 -9999 -9999 -9999 -9999 -9999 -9999 -9999
262 263 266 266 268 264 263 263 254 254 255 257 258 257 263 266 265 266 267 267 268 269 266 267 268 269 265 267 267 268 269 265 263 262 261 259 257 257 259 259 260 257 256 259 259 260 260 261 259 263 270 271 271 270 271 271 271 -9999 -9999 -9999 -9999 -9999 -9999 -9999 -9999 -9999 -9999 -9999 -9999 -9999 -9999 -9999 -9999 -9999 -9999 -9999 -9999 -9999 -9999 -9999 -9999 -9999 -9999 -9999 -9999 -9999 -9999 -9999
260 262 264 263 265 263 266 260 256 260 257 256 259 263 263 266 255 256 260 262 264 266 268 267 269 267 266 266 266 267 266 263 260 260 261 260 258 258 257 260 261 259 261 260 260 262 263 265 267 270 270 271 271 271 271 271 271 271 271 -9999 -9999 -9999 -9999 -9999 -9999 -9999 -9999 -9999 -9999 -9999 -9999 -9999 -9999 -9999 -9999 -9999 -9999 -9999 -9999 -9999 -9999 -9999 -9999 -9999 -9999 -9999 -9999 -9999
258 257 259 264 265 257 261 266 263 264 259 261 259 248 256 264 255 242 247 249 254 258 262 261 262 261 262 266 264 265 264 265 263 261 261 259 257 257 259 258 258 259 260 261 263 264 265 267 268 269 270 271 271 271 271 271 271 271 271 271 -9999 -9999 -9999 -9999 -9999 -9999 -9999 -9999 -9999 -9999 -9999 -9999 -9999 -9999 -9999 -9999 -9999 -9999 -9999 -9999 -9999 -9999 -9999 -9999 -9999 -9999 -9999 -9999
262 257 253 260 263 265 263 256 261 260 258 254 259 252 256 260 256 243 245 246 251 253 258 259 259 259 259 262 262 263 264 264 264 263 265 265 264 264 263 267 262 265 261 261 261 262 262 264 268 269 271 271 271 271 271 271 271 272 272 271 271 -9999 -9999 -9999 -9999 -9999 -9999 -9999 -9999 -9999 -9999 -9999 -9999 -9999 -9999 -9999 -9999 -9999 -9999 -9999 -9999 -9999 -9999 -9999 -9999 -9999 -9999 -9999
260 259 252 253 261 261 262 262 259 255 259 249 255 249 258 260 254 248 253 251 250 254 255 259 259 259 256 257 256 258 258 262 263 263 262 265 267 267 268 268 269 267 270 270 268 270 270 269 271 271 271 271 271 271 272 271 271 272 271 271 271 272 273 -9999 -9999 -9999 -9999 -9999 -9999 -9999 -9999 -9999 -9999 -9999 -9999 -9999 -9999 -9999 -9999 -9999 -9999 -9999 -9999 -9999 -9999 -9999 -9999 -9999
257 254 251 258 251 254 255 262 260 253 257 257 248 240 238 242 248 252 258 258 252 254 260 256 259 262 261 258 253 255 258 261 263 264 264 266 267 266 266 269 269 269 270 270 270 269 269 268 271 271 271 271 271 271 272 272 272 272 272 271 272 272 271 273 -9999 -9999 -9999 -9999 -9999 -9999 -9999 -9999 -9999 -9999 -9999 -9999 -9999 -9999 -9999 -9999 -9999 -9999 -9999 -9999 -9999 -9999 -9999 -9999
255 251 254 254 248 248 256 260 257 256 253 251 256 250 241 243 246 249 261 257 257 258 263 262 261 261 263 264 262 261 259 262 263 265 265 262 262 263 265 268 264 265 267 267 269 270 269 268 267 268 266 267 271 270 271 271 271 269 271 272 272 271 270 271 272 272 272 272 -9999 -9999 -9999 -9999 -9999 -9999 -9999 -9999 -9999 -9999 -9999 -9999 -9999 -9999 -9999 -9999 -9999 -9999 -9999 -9999
251 247 245 247 249 253 254 251 251 253 253 257 246 254 248 249 251 251 255 254 261 250 262 256 260 262 264 264 264 264 266 263 261 260 259 259 263 262 269 264 261 262 262 264 267 269 268 267 266 265 264 263 264 266 268 268 266 269 267 271 271 269 269 270 269 272 272 272 272 272 272 272 272 272 272 -9999 -9999 -9999 -9999 -9999 -9999 -9999 -9999 -9999 -9999 -9999 -9999 -9999
249 248 246 242 244 248 245 247 239 247 251 256 253 241 241 247 256 255 251 242 249 246 240 244 250 256 260 264 264 267 267 266 266 263 263 263 264 266 267 262 260 261 261 261 266 267 270 266 265 265 263 263 263 262 264 264 265 266 269 268 266 269 267 270 268 271 272 271 267 268 270 268 268 270 271 272 272 273 -9999 -9999 -9999 -9999 -9999 -9999 -9999 -9999 -9999 241
248 249 252 249 244 236 242 242 234 238 248 251 249 243 229 228 253 253 258 250 242 244 236 229 239 244 252 260 261 261 266 265 267 267 263 266 263 262 264 260 260 260 259 262 264 264 270 269 266 264 263 262 261 262 262 262 262 264 270 269 267 265 266 267 263 269 272 272 269 269 265 265 263 266 267 272 269 272 272 272 272 272 272 241 241 242 242 242
247 255 258 254 249 240 231 239 233 232 239 246 246 236 238 233 252 257 244 253 250 242 237 182 226 227 242 254 258 261 259 262 264 268 267 264 264 268 262 260 259 260 258 260 262 265 264 270 266 264 262 262 260 263 263 261 260 260 263 270 267 263 263 261 265 270 271 270 269 267 268 269 268 269 271 268 269 271 272 272 272 272 239 240 241 236 240 242
255 257 258 255 250 246 234 226 226 185 224 238 244 232 230 240 248 251 247 244 251 247 231 232 235 232 240 247 251 262 258 260 263 265 268 268 269 264 261 260 260 259 259 257 260 261 263 267 266 266 263 263 261 260 260 257 255 255 259 267 268 267 260 258 265 267 270 267 263 265 267 269 270 270 270 269 271 270 270 270 267 238 236 237 239 239 239 241
260 264 257 252 248 241 241 237 226 176 223 231 237 228 227 232 238 247 249 243 248 249 244 241 245 247 245 249 261 260 250 252 262 263 264 267 268 262 257 253 255 258 257 255 258 259 262 267 264 265 265 263 259 258 257 255 253 253 255 264 268 265 259 258 265 267 269 268 268 267 263 264 267 268 270 268 267 268 270 269 234 235 233 234 238 239 240 240
263 266 252 240 236 245 248 239 226 172 173 181 223 230 237 237 232 241 245 248 244 246 247 245 247 253 256 257 257 253 242 246 254 256 260 264 265 257 252 253 254 254 258 255 257 257 263 265 264 262 265 262 258 257 256 253 251 251 254 264 269 266 263 258 263 268 269 268 266 262 264 265 265 265 266 262 261 227 231 235 234 235 237 239 239 240 240 242
267 269 252 247 235 245 250 229 189 174 170 187 228 230 232 239 232 237 231 240 244 238 244 242 246 253 258 260 256 246 231 235 238 250 252 257 251 247 250 250 251 254 255 254 257 260 261 262 260 260 262 262 262 260 257 251 259 259 260 266 269 268 263 262 263 268 270 269 265 266 267 265 262 262 264 226 220 223 224 225 230 236 238 236 239 240 240 241
267 270 261 259 259 260 252 245 241 184 188 186 232 238 243 244 237 227 223 228 237 231 233 237 244 250 252 256 251 244 229 229 231 235 241 240 242 245 247 248 248 251 252 253 257 258 260 263 262 259 261 266 259 256 258 259 257 255 255 263 267 268 264 263 266 268 268 270 268 263 262 264 264 229 227 219 216 217 227 223 233 235 233 235 238 240 241 240
269 270 270 269 268 265 267 259 257 254 248 239 229 230 241 251 241 232 232 236 229 231 225 233 240 243 252 254 249 238 223 227 230 234 234 237 239 240 242 247 246 247 250 250 256 257 261 258 259 258 263 258 256 254 252 247 248 255 259 260 266 268 264 260 264 267 265 268 268 268 265 228 224 224 218 223 222 221 229 233 231 232 234 239 238 237 239 239
273 271 273 272 271 270 270 269 270 266 259 254 245 241 235 248 255 248 238 239 240 246 235 227 230 244 244 249 244 236 221 222 225 231 231 234 236 239 241 245 245 244 248 257 258 258 260 254 255 260 262 258 254 255 251 247 248 247 256 261 265 268 267 263 262 262 263 265 268 230 266 232 225 218 214 227 228 230 231 234 237 238 235 232 233 235 237 239
238 275 275 273 273 272 271 271 271 272 271 264 259 258 256 259 248 252 252 245 245 246 239 231 234 235 228 233 184 236 180 182 186 225 228 231 233 236 237 239 241 242 241 250 253 258 254 252 259 260 252 259 254 254 250 244 245 245 246 254 258 264 267 265 229 228 231 265 231 229 229 229 226 218 216 219 221 222 221 229 224 232 225 228 227 236 235 234
240 239 238 238 274 273 273 274 273 272 271 270 268 267 266 262 252 257 250 252 253 253 241 239 240 231 233 239 229 226 184 177 181 186 224 227 230 233 234 236 239 240 246 244 249 258 249 251 262 261 253 255 258 256 251 245 246 243 242 242 252 229 265 266 229 225 230 231 227 224 220 216 218 213 206 209 212 213 219 223 221 219 221 230 232 237 238 236
241 240 240 239 239 239 238 237 237 237 236 235 234 269 268 268 263 255 252 257 254 242 248 246 244 237 241 246 244 242 235 233 183 180 186 224 226 231 232 237 236 240 241 238 249 251 245 249 257 252 255 253 254 253 247 245 244 241 239 241 249 222 229 231 231 226 225 225 226 216 212 211 210 205 198 203 206 206 211 215 217 225 227 229 237 236 232 237
241 241 241 240 240 239 239 238 237 237 237 236 234 234 233 232 231 264 263 256 251 250 253 253 243 244 247 248 249 246 240 234 231 224 183 184 187 227 231 234 236 238 235 235 243 245 245 254 255 252 255 250 253 248 241 241 240 239 239 241 244 221 227 230 232 230 229 225 218 213 209 203 202 200 201 198 198 201 208 208 210 219 226 234 234 234 229 231
241 241 240 240 240 239 239 238 237 237 237 236 236 235 234 234 233 232 231 263 258 258 259 246 248 251 253 253 255 252 244 244 238 237 231 188 184 188 227 230 233 236 233 234 247 242 244 254 250 249 251 248 249 245 236 238 237 238 236 236 241 214 227 228 231 231 231 226 219 213 210 212 208 209 211 206 203 207 206 208 211 219 227 231 232 238 235 234
240 241 241 240 241 240 240 239 238 238 237 236 236 236 235 234 233 233 232 231 228 261 260 257 257 256 254 257 252 250 248 250 247 244 238 234 225 186 188 227 230 232 235 242 234 242 253 251 252 248 247 247 247 242 234 234 235 237 234 232 237 218 225 228 231 230 229 228 226 216 212 217 217 216 213 213 218 216 212 218 216 216 223 231 234 235 238 238
240 239 239 239 240 240 240 239 238 238 237 237 237 236 236 235 234 234 233 231 230 229 228 227 227 262 260 257 255 257 255 253 255 254 248 242 240 234 232 187 226 228 227 237 237 240 252 250 242 249 243 248 244 237 231 231 232 233 198 197 201 212 220 227 228 228 227 225 225 219 214 214 222 222 222 224 224 224 226 224 222 223 224 226 231 227 234 236
240 240 239 239 239 239 240 240 238 238 237 237 237 236 236 235 234 234 233 232 231 230 230 230 229 229 228 227 261 261 259 258 254 250 242 243 248 246 243 237 190 188 225 238 228 232 246 253 249 241 245 242 236 232 195 194 198 195 195 195 202 214 224 223 225 219 222 223 223 220 217 216 213 222 218 224 224 226 228 226 226 226 227 227 221 224 233 238
238 238 238 239 239 239 240 240 239 237 236 236 236 236 236 235 235 235 234 233 232 231 231 230 230 230 229 229 228 229 226 256 250 248 249 245 249 252 249 244 237 188 192 233 232 240 246 244 250 249 245 247 242 234 195 192 193 195 193 193 207 213 217 219 220 221 221 221 219 219 219 215 214 214 222 226 224 228 229 224 229 228 229 226 219 224 232 235
237 238 238 238 238 238 240 240 240 237 236 236 237 237 237 236 235 235 233 233 233 232 232 231 231 231 230 229 229 230 229 225 255 254 253 250 251 255 252 250 247 246 242 242 235 236 239 246 250 245 216 243 240 235 196 195 190 190 200 203 208 214 217 219 221 221 220 221 220 219 221 222 218 219 219 225 226 225 228 229 231 230 230 226 225 229 235 236
237 237 237 237 237 238 238 239 239 238 238 238 239 238 237 236 236 235 234 233 233 233 232 232 231 232 231 231 230 230 230 230 227 224 222 255 255 255 253 253 253 253 252 250 245 239 238 240 247 245 244 211 243 237 195 196 193 200 206 211 214 216 219 219 220 222 222 221 221 220 220 222 221 220 218 219 220 228 231 231 232 232 230 227 225 228 234 237
