testdata/Hispaniola_WorldClim/snv_14.asc
ncols         743
nrows         319
xllcorner     -74.500956448335
yllcorner     17.448920549066
cellsize      0.0083333333333333
NODATA_value  -9999
[rows 84 to 125 of 319, columns 285 to 379 of 743]
54 55 54 54 53 53 52 52 54 57 58 55 56 57 57 58 61 61 57 62 63 63 64 63 61 60 65 65 65 63 64 67 67 67 68 65 59 68 69 70 69 70 70 69 68 61 52 51 53 46 47 44 45 49 45 44 42 44 44 45 45 45 43 45 48 48 48 48 48 48 46 44 44 43 42 42 42 41 40 40 40 39 39 39 40 38 38 39 38 39 46 45 42 41 41
52 54 54 53 53 53 52 52 53 54 57 58 56 56 57 60 60 60 59 58 60 63 62 62 62 59 62 61 60 59 60 64 66 67 67 68 66 67 69 69 68 69 69 69 67 65 65 60 61 49 49 45 46 53 49 44 43 43 46 48 49 46 44 47 47 48 48 48 48 48 45 44 43 43 44 44 44 41 39 41 40 39 39 39 39 37 38 39 38 38 38 43 44 44 40
50 52 53 53 53 52 52 52 52 53 54 55 57 57 58 59 59 60 59 58 60 62 62 61 61 61 61 61 58 57 59 61 65 66 67 67 66 67 67 68 68 68 68 66 66 66 65 63 67 53 57 50 48 61 59 53 44 43 48 55 50 45 47 48 47 48 48 47 47 46 45 42 43 43 43 44 43 41 38 41 40 39 39 39 39 38 39 43 41 40 41 41 41 40 39
48 48 49 51 53 52 52 52 52 53 54 55 56 56 57 57 57 58 59 57 59 61 61 60 61 61 61 60 58 57 55 57 61 64 65 66 66 65 65 64 66 67 66 66 65 63 60 57 56 62 58 50 64 64 64 57 47 43 45 49 51 48 52 48 47 48 47 47 46 45 43 42 42 43 43 42 40 40 38 42 41 42 40 41 39 38 39 43 43 42 42 44 43 41 41
46 45 43 44 50 51 51 51 52 52 53 54 54 55 56 56 57 58 59 57 59 60 59 59 60 60 60 58 54 53 54 57 61 62 62 64 64 64 63 64 64 65 65 64 60 61 61 58 55 56 64 53 59 56 63 46 48 44 45 48 54 54 51 52 48 47 48 47 45 45 45 42 43 42 43 41 39 38 38 43 42 41 41 41 38 37 37 42 44 45 43 44 43 42 42
45 45 46 44 45 49 50 50 51 51 52 53 54 54 55 55 56 57 58 57 59 59 59 59 59 59 59 57 55 54 54 55 57 60 57 61 62 63 62 63 63 63 63 62 63 61 58 58 56 57 58 62 61 58 48 54 49 45 47 55 58 57 57 54 49 49 49 52 54 54 52 51 45 44 42 40 39 40 39 42 42 41 40 39 38 40 40 38 44 44 44 44 44 40 45
43 43 45 46 47 47 48 48 50 50 51 52 53 53 53 54 55 54 55 56 57 58 59 59 59 58 58 57 56 55 53 54 54 54 53 55 60 61 61 61 61 61 61 59 59 58 60 58 59 59 58 57 58 58 58 58 59 59 58 55 56 56 56 55 55 53 50 53 52 52 52 52 49 46 43 41 41 38 38 42 42 42 40 39 42 41 43 42 38 43 43 42 41 40 44
41 40 44 45 45 46 47 48 48 49 50 50 51 52 53 53 53 54 55 54 54 58 58 58 57 57 57 56 55 52 53 53 54 54 53 53 59 59 59 60 60 59 58 54 53 58 58 57 57 59 55 55 56 57 56 56 56 56 57 55 55 55 55 54 53 52 51 50 50 50 51 51 51 50 48 45 39 39 39 42 42 41 41 40 42 41 44 40 37 41 42 42 41 40 42
41 41 42 43 44 45 45 46 47 48 48 49 50 50 51 52 53 54 54 55 55 55 55 56 56 56 56 55 55 53 52 53 53 52 52 52 53 57 58 58 58 58 56 53 51 53 57 58 58 57 58 57 57 58 57 56 56 55 55 54 54 53 52 52 51 50 50 50 50 50 50 50 50 50 49 45 39 40 39 40 42 41 40 41 41 41 43 40 37 42 43 42 42 42 40
39 40 41 42 42 42 43 44 45 46 47 47 48 49 50 50 51 52 52 52 53 53 52 52 52 52 53 54 53 52 51 52 52 52 53 51 51 53 56 56 56 56 56 54 55 52 54 56 57 57 57 57 57 57 54 54 55 55 53 52 52 51 51 50 50 50 49 49 49 49 49 49 49 49 47 44 43 40 41 41 42 40 40 41 41 41 41 40 40 41 42 43 43 40 42
38 39 39 40 40 43 43 44 44 45 46 46 47 47 48 49 50 50 50 50 50 50 50 50 50 50 51 51 51 51 51 51 51 52 52 51 50 50 53 54 52 54 54 54 54 51 52 51 54 55 55 55 56 55 54 53 54 53 53 51 50 49 49 49 49 49 49 49 48 48 48 48 48 48 47 46 45 40 43 41 40 40 39 39 42 41 41 41 39 41 43 45 45 42 43
36 37 38 39 39 40 41 43 44 43 44 45 45 47 47 47 48 49 49 50 49 49 49 49 49 49 50 50 51 50 49 49 50 50 51 50 50 49 49 51 51 52 53 53 52 52 51 52 50 52 53 53 53 51 53 52 52 50 51 50 50 49 48 48 48 48 48 48 47 47 47 47 48 48 47 47 46 41 44 42 39 39 39 42 42 41 43 40 39 39 40 47 46 44 45
35 36 37 37 38 39 40 40 42 42 43 43 45 46 47 47 47 47 48 48 48 48 48 48 48 49 49 50 49 49 48 48 48 49 49 49 49 49 48 48 49 50 51 51 51 50 50 51 50 51 51 51 51 49 49 50 50 50 49 49 48 48 48 47 47 47 47 46 46 46 46 47 47 46 47 47 46 43 44 42 40 39 40 41 40 41 42 40 40 41 43 46 46 46 45
33 34 35 36 37 37 38 39 40 41 41 44 44 45 45 46 45 46 46 47 47 48 47 47 47 48 48 48 48 48 47 47 47 47 47 48 48 47 48 47 47 48 49 49 49 48 47 49 48 49 49 49 49 49 49 49 48 47 46 46 46 46 46 46 46 46 46 45 45 44 45 46 45 45 45 47 46 45 45 44 43 40 40 41 40 41 42 40 41 44 44 45 44 43 43
33 32 34 34 35 36 37 38 38 40 41 42 43 44 44 45 44 45 45 45 45 46 46 47 47 47 47 47 46 47 46 46 45 46 46 46 47 46 46 46 46 46 46 47 47 47 47 47 47 47 47 46 46 47 46 46 45 45 45 45 45 45 45 45 45 45 44 44 44 44 44 45 45 44 44 45 45 44 44 44 45 43 43 41 41 41 43 43 44 44 44 43 42 41 41
31 32 32 33 34 34 35 36 37 38 39 40 42 42 42 43 43 44 43 44 44 44 45 45 45 45 45 45 45 45 45 45 45 45 45 45 45 45 45 45 45 45 45 45 45 45 45 44 45 45 45 45 45 45 44 45 45 44 44 44 44 44 43 42 43 43 43 42 42 42 43 44 43 43 43 43 43 43 44 44 44 44 43 44 43 43 44 43 44 44 43 42 41 42 41
31 31 31 31 32 33 34 35 36 36 37 38 39 40 40 41 41 42 42 42 42 43 43 43 44 44 44 44 44 44 44 44 44 44 44 43 43 43 43 43 43 44 43 43 43 43 43 43 43 43 43 43 43 42 43 43 43 43 42 42 43 43 42 41 42 43 42 41 41 41 41 42 41 41 41 42 42 43 43 44 44 45 45 45 44 43 44 43 42 43 42 40 42 44 43
30 30 30 30 30 32 33 33 34 34 35 36 37 38 40 40 40 40 41 41 41 41 42 42 42 43 43 43 42 43 43 43 43 42 42 42 42 42 42 42 42 42 42 41 41 41 41 41 41 41 41 41 41 41 40 40 41 41 40 40 41 41 41 39 41 42 42 41 40 40 40 40 41 42 41 41 42 43 43 43 44 46 46 45 43 42 42 42 41 41 41 40 41 43 42
29 29 29 29 29 30 31 31 32 32 33 34 35 36 37 39 40 39 39 40 39 40 41 41 41 41 41 41 41 41 42 43 43 41 41 40 40 40 41 42 42 41 41 40 39 39 40 40 40 40 40 40 40 39 39 39 39 39 39 38 39 37 38 38 39 39 40 40 40 40 40 39 42 42 41 40 41 41 41 42 44 45 46 45 43 42 42 41 41 41 39 40 42 43 43
29 28 28 28 28 28 29 29 30 31 32 33 33 34 35 37 38 38 37 38 38 39 41 41 42 41 40 40 40 40 40 40 40 40 40 39 39 39 39 40 41 39 39 39 37 38 38 38 38 38 38 38 38 38 37 38 37 38 37 37 36 37 36 38 39 39 41 40 40 40 39 39 39 41 40 41 40 41 41 41 42 44 46 46 44 44 43 41 41 41 42 40 41 42 41
27 28 28 27 27 27 28 28 29 30 31 31 31 32 33 34 35 38 36 36 37 38 39 40 40 40 41 41 39 38 38 39 38 38 38 37 37 37 37 37 37 36 36 38 37 36 36 37 37 37 37 37 37 36 36 36 36 36 36 35 36 36 36 37 38 41 42 41 42 40 39 38 38 39 39 42 40 41 43 42 42 43 43 44 46 45 44 41 41 42 42 41 42 43 41
26 26 26 26 26 26 27 27 28 29 29 30 29 30 31 32 32 36 37 37 37 37 38 39 39 39 39 40 41 38 37 37 37 36 37 36 37 36 35 35 35 34 34 34 35 34 34 34 34 35 35 35 35 35 35 35 35 35 35 35 35 35 35 36 36 39 41 41 42 42 38 38 38 39 40 40 40 41 42 43 43 41 42 42 43 45 44 42 42 43 42 40 42 43 40
25 25 25 25 26 24 25 25 26 27 28 29 28 28 29 30 29 33 36 36 36 37 37 38 38 37 38 38 38 40 36 36 36 35 35 35 35 34 34 33 33 33 33 35 34 36 35 32 32 33 33 33 34 33 33 34 34 34 34 34 34 34 34 34 34 36 36 36 37 40 40 39 37 38 40 43 43 42 43 42 42 41 40 41 41 43 44 44 45 43 41 40 44 42 39
23 24 24 24 24 24 24 24 25 25 27 26 26 27 28 28 27 30 35 35 35 35 36 37 38 36 36 37 37 38 39 34 35 34 34 34 34 34 34 33 32 31 32 34 36 38 38 37 38 38 35 32 31 32 32 32 32 33 33 33 33 33 32 33 33 33 33 34 35 37 40 41 38 38 38 42 44 47 46 43 43 40 40 41 41 42 42 42 43 44 43 40 44 40 41
23 22 23 23 23 23 23 23 23 25 26 25 25 25 26 26 26 28 31 34 34 34 34 35 36 36 36 36 36 36 38 39 33 34 33 33 33 33 33 31 30 30 29 30 35 35 34 34 35 38 35 35 31 31 31 31 31 31 32 32 32 32 32 32 32 32 33 34 34 34 37 41 40 41 42 46 44 45 45 43 39 36 42 44 43 40 40 40 41 41 43 43 43 43 43
22 22 22 22 22 23 22 22 23 24 24 24 23 24 25 24 25 27 27 30 33 33 34 34 34 34 35 34 33 34 36 37 32 33 33 32 32 32 32 32 30 29 30 27 29 29 29 35 36 35 38 38 35 35 32 34 33 30 31 31 31 31 31 32 31 31 34 36 37 35 37 38 41 42 43 43 42 41 42 40 37 35 41 43 40 40 38 38 39 39 42 44 44 45 46
21 21 21 21 21 21 21 22 22 22 22 23 22 22 23 24 23 25 26 27 29 30 32 33 33 33 33 33 32 32 33 34 36 31 31 32 31 31 31 31 31 30 30 26 27 25 32 32 33 34 36 36 37 38 37 38 36 33 30 30 30 30 31 31 34 32 33 34 36 36 33 35 37 39 40 38 38 36 36 35 34 34 34 37 37 40 39 37 39 40 42 45 45 45 45
20 20 20 20 20 21 20 21 21 21 21 21 21 21 22 22 22 23 24 25 26 29 29 31 32 31 31 31 31 31 31 32 33 33 30 30 30 30 30 30 30 30 30 28 27 31 29 26 28 33 33 35 37 36 35 36 35 28 29 29 29 29 34 33 34 34 35 33 32 31 31 33 35 36 37 37 35 34 33 31 32 32 32 33 36 38 38 36 39 43 43 44 45 47 47
19 19 20 19 19 19 19 20 20 19 20 20 20 20 21 20 22 22 23 23 25 25 26 26 29 30 30 30 30 30 30 29 29 31 32 29 30 29 29 29 29 30 30 29 29 27 26 26 24 29 28 31 32 34 33 32 33 29 28 29 28 30 36 34 35 33 32 35 31 30 32 34 36 34 34 33 33 31 31 31 32 35 33 32 34 35 33 36 40 43 41 42 46 48 47
20 20 20 19 19 19 18 18 18 18 18 18 18 19 20 19 20 21 22 22 23 24 24 24 26 27 28 28 28 29 29 29 29 29 28 30 32 28 29 28 29 29 29 29 29 28 28 28 27 23 24 27 28 26 27 27 32 26 28 27 31 35 30 28 33 29 31 31 30 29 31 32 32 31 31 31 30 29 30 32 34 36 34 36 36 32 34 37 39 41 40 42 43 46 45
20 21 20 20 19 19 18 18 18 18 18 18 17 18 19 18 20 20 20 20 21 22 22 24 27 28 27 27 27 28 28 28 28 28 28 28 26 26 26 28 28 28 28 28 28 28 28 27 27 27 26 24 24 25 25 26 30 26 27 26 29 31 27 27 28 27 28 29 28 28 31 32 29 30 28 28 28 31 33 35 39 36 35 37 38 35 33 39 40 39 41 43 44 46 45
20 19 19 19 18 18 18 18 18 18 18 17 17 17 17 18 19 19 19 20 20 21 21 23 24 25 26 26 25 26 27 26 27 27 27 27 27 27 27 27 27 27 27 27 27 27 27 27 27 26 25 26 26 27 26 27 25 25 26 27 26 26 26 27 27 26 26 27 27 28 30 30 27 28 27 29 30 30 31 34 38 36 39 39 36 35 36 39 38 40 39 40 44 47 44
20 19 19 19 19 18 18 18 19 19 18 18 18 16 17 17 18 18 18 19 19 20 20 22 22 22 23 24 24 24 25 25 25 26 26 26 26 26 26 27 27 27 27 27 27 27 27 27 26 26 26 26 26 26 26 26 26 26 26 26 26 26 26 26 26 27 26 26 27 27 27 30 27 28 29 33 34 31 35 34 36 38 40 40 37 35 33 34 37 42 42 40 44 46 44
20 20 20 19 19 18 18 19 19 18 17 17 16 17 16 16 17 17 17 18 18 19 20 20 21 22 22 23 23 24 24 24 24 25 25 25 25 26 26 26 26 26 26 26 26 26 26 26 26 26 26 26 26 26 26 26 26 26 26 25 25 25 25 27 30 30 28 29 25 25 25 25 26 29 30 33 37 35 38 38 39 40 41 41 40 36 34 36 39 43 42 41 43 44 46
21 20 20 19 19 18 19 19 19 18 18 19 18 17 16 16 17 18 18 18 19 19 19 19 20 21 22 22 22 23 23 23 24 24 24 24 25 25 25 25 25 26 26 26 26 26 26 26 26 26 26 25 25 25 25 25 25 25 25 25 25 24 26 30 31 33 30 29 32 29 28 27 25 26 28 31 35 37 39 38 38 39 41 40 40 39 37 39 42 43 43 42 43 44 45
21 20 19 20 19 19 19 19 19 18 18 18 17 17 17 18 18 18 18 18 18 19 19 19 20 20 21 22 22 23 22 23 23 23 24 24 24 24 25 25 25 25 25 25 25 25 25 25 25 25 25 25 25 25 25 25 25 25 25 24 24 24 27 29 29 31 28 30 32 32 31 30 29 28 30 31 34 33 34 35 35 36 38 37 40 40 40 42 41 41 43 42 43 43 42
23 23 21 20 19 20 19 19 18 18 19 18 18 18 19 19 18 18 18 18 19 20 19 19 19 20 21 21 22 23 22 22 23 23 23 23 24 24 24 25 25 25 25 25 25 25 25 25 25 25 25 25 25 25 25 24 24 24 24 24 23 23 24 26 26 26 26 26 28 28 28 30 30 29 28 29 30 32 33 33 33 33 35 34 35 36 39 40 39 41 42 43 43 42 43
23 24 22 21 21 20 20 19 20 20 19 20 19 19 18 18 18 19 18 18 19 19 19 19 19 20 20 20 21 21 22 22 22 22 23 23 24 24 24 24 24 24 24 24 24 24 24 24 24 25 25 24 24 24 24 24 24 24 23 23 23 23 24 24 25 24 25 25 26 26 26 27 25 27 26 28 31 33 31 30 31 31 33 34 32 31 36 34 35 35 40 42 42 40 38
27 27 25 23 23 20 22 20 23 22 20 20 19 19 18 18 18 18 18 18 18 19 19 19 19 19 20 20 21 21 21 21 22 22 23 23 23 23 23 24 24 24 24 24 24 24 24 24 24 24 24 24 24 24 23 23 23 22 23 23 23 23 23 23 23 23 23 23 23 24 24 25 26 27 28 31 33 32 31 29 31 33 35 33 33 32 31 30 30 32 34 33 40 39 35
28 28 27 24 23 24 24 23 24 24 23 22 20 19 19 18 18 18 18 18 18 18 19 19 19 19 19 20 20 20 21 21 22 22 22 22 23 23 23 23 23 23 23 23 23 24 24 24 24 24 24 24 24 23 23 23 22 22 22 22 22 22 23 22 22 22 22 22 27 26 27 29 31 29 33 36 38 37 32 31 38 38 40 39 36 34 36 35 34 32 30 30 36 38 34
30 30 26 27 26 25 25 25 24 26 27 26 22 20 19 19 18 18 18 18 18 18 19 19 19 19 19 20 20 20 21 21 21 22 22 22 22 22 23 23 23 23 23 23 23 23 23 23 23 24 24 23 23 23 23 22 22 22 22 22 22 22 26 27 26 27 27 29 25 28 32 33 35 32 33 36 36 33 30 30 36 34 40 41 37 34 39 40 37 37 33 27 29 32 32
31 30 28 28 25 26 27 26 26 29 29 26 25 23 19 19 18 18 18 18 18 18 18 19 19 19 19 19 20 20 20 21 21 21 21 22 22 22 22 23 23 23 23 23 23 23 23 23 23 23 23 23 23 22 22 22 22 22 22 22 22 22 22 25 25 25 25 25 25 27 28 29 32 34 32 32 30 29 26 28 29 28 35 37 35 34 34 40 41 42 35 35 30 27 30
