testdata/Hispaniola_WorldClim/snv_9.asc
ncols         743
nrows         319
xllcorner     -74.500956448335
yllcorner     17.448920549066
cellsize      0.0083333333333333
NODATA_value  -9999
[rows 156 to 194 of 319, columns 264 to 351 of 743]
214 214 221 220 225 227 228 230 230 230 232 235 231 236 237 237 238 238 239 239 239 238 239 239 239 238 237 236 238 238 238 237 236 236 234 232 231 224 216 225 230 231 228 221 225 212 202 190 199 204 212 221 207 209 221 213 199 192 189 193 186 186 190 196 196 194 191 190 184 181 181 190 188 186 208 207 215 216 218 218 213 213 202 193 203 209 218 224
205 212 213 223 225 227 226 229 229 229 230 231 231 231 237 238 237 240 240 237 237 240 238 238 238 239 238 236 235 237 238 238 237 237 236 234 235 233 230 231 232 232 227 209 209 204 195 186 187 191 201 216 212 205 223 220 199 188 187 188 187 183 185 187 186 181 186 183 177 176 180 180 182 181 179 184 190 191 201 208 214 219 213 197 191 196 204 210
213 211 217 220 223 225 226 227 229 230 233 235 235 236 236 237 237 236 236 236 237 239 237 238 237 239 236 237 236 236 236 237 238 237 236 236 235 236 235 233 231 224 213 204 201 200 196 196 188 188 191 205 199 204 215 216 206 191 182 183 186 184 179 177 177 177 169 171 173 169 174 175 181 179 180 185 179 181 183 182 197 209 211 207 199 193 197 198
214 215 216 219 220 224 224 225 228 231 233 234 234 235 236 236 237 236 236 236 238 237 237 237 236 236 237 237 236 234 236 237 237 237 236 236 236 235 235 234 234 223 219 208 205 200 195 196 196 201 187 177 180 196 195 195 205 194 176 175 181 181 169 167 164 160 160 158 164 159 161 162 173 170 168 166 168 169 173 177 189 193 202 223 222 216 210 201
211 215 215 216 213 218 216 219 227 229 230 232 231 232 234 235 236 235 237 236 236 236 237 237 237 236 237 237 236 234 235 236 236 233 231 235 233 231 230 234 234 234 223 226 219 208 202 204 198 200 196 188 183 182 176 180 184 183 176 169 170 175 174 169 158 158 149 146 141 147 146 149 156 163 157 153 155 160 164 169 174 178 188 201 213 221 220 220
218 217 216 213 211 211 215 221 221 221 225 227 227 226 232 229 234 235 234 235 235 236 235 235 235 236 236 236 236 235 236 236 235 229 224 221 219 217 222 224 227 234 233 231 223 219 222 219 218 209 193 192 189 187 186 189 177 187 183 175 174 174 190 192 186 173 162 153 140 138 138 138 141 146 152 147 153 157 164 163 164 174 182 190 204 208 219 219
221 219 220 218 207 205 207 213 222 216 217 218 222 223 226 225 229 232 234 233 234 234 235 233 234 235 233 235 234 232 234 236 235 232 231 226 225 217 208 216 212 218 228 225 228 231 228 230 230 229 230 220 225 213 208 207 211 206 206 187 196 200 199 204 186 185 174 165 147 150 148 143 135 139 142 141 150 151 153 160 164 173 178 181 190 203 214 217
218 221 221 217 212 203 210 214 209 215 211 212 218 214 218 221 229 229 228 230 231 230 233 229 231 233 232 232 232 232 231 233 235 233 233 232 229 225 214 199 197 197 203 207 207 209 229 224 224 225 226 226 226 226 225 226 225 225 215 205 214 201 192 186 194 191 188 171 163 158 172 167 165 154 151 146 149 146 150 153 163 171 178 192 204 215 217 215
223 214 208 209 205 203 208 209 208 209 211 207 204 208 215 217 220 226 222 226 224 227 227 228 230 231 230 227 225 223 228 229 227 231 232 232 226 220 218 205 198 196 189 190 181 191 199 201 205 211 213 214 219 219 208 222 220 221 223 220 221 215 205 200 204 188 174 177 179 175 179 174 172 170 169 153 162 159 156 169 168 177 181 188 208 211 209 208
224 220 211 202 194 196 201 206 210 213 213 219 205 209 213 215 219 220 216 219 214 217 222 224 228 227 219 207 202 199 214 224 224 227 231 229 233 227 228 215 218 216 201 192 180 174 166 171 184 191 189 198 203 184 195 202 200 200 201 213 216 216 215 212 213 205 193 196 192 188 189 179 182 182 177 170 173 177 175 182 182 184 196 212 205 207 209 204
220 221 217 209 193 191 201 207 213 215 212 216 217 215 212 214 217 216 210 207 209 211 218 221 219 217 200 190 194 190 188 196 205 228 224 217 212 207 209 220 228 222 219 207 196 186 178 170 165 170 169 166 172 177 180 179 177 186 193 203 199 199 210 202 203 202 204 200 197 195 191 191 190 192 189 186 191 187 194 202 198 198 201 200 195 204 201 209
219 221 219 215 212 207 197 208 215 217 216 215 220 225 213 210 217 213 211 207 206 207 206 206 214 208 198 200 195 187 183 169 186 203 212 210 197 195 189 192 207 221 217 211 213 206 199 188 181 167 161 163 155 158 154 152 145 152 160 185 202 172 171 185 177 178 176 186 168 181 191 194 197 196 195 197 200 200 204 201 191 190 201 207 200 196 204 210
224 227 227 221 215 211 209 206 215 219 218 223 224 217 219 205 218 221 219 210 206 204 207 218 207 220 211 203 193 178 171 188 206 207 208 208 198 191 188 180 181 197 198 210 200 202 203 202 190 171 160 163 177 170 163 152 140 132 138 158 156 142 151 171 160 159 169 183 173 182 191 188 187 185 186 195 192 193 199 198 194 198 202 203 204 202 205 206
227 221 226 233 229 226 223 212 214 217 227 223 217 215 225 223 221 220 215 214 214 210 219 226 226 216 207 196 183 200 210 214 207 195 202 204 206 201 186 186 180 185 200 207 205 200 196 197 197 192 184 174 188 184 175 167 144 129 124 134 130 129 142 152 147 148 164 174 167 181 185 184 174 176 184 176 182 176 168 191 188 198 193 197 196 200 200 201
232 229 226 232 236 233 235 224 218 222 227 233 236 230 229 233 220 220 216 217 222 216 224 226 214 208 209 207 220 226 224 217 202 196 196 200 208 207 200 197 194 196 174 171 188 197 201 200 202 197 199 185 177 178 166 161 166 160 138 126 121 118 128 123 125 131 137 132 128 152 161 166 164 175 175 162 164 165 155 159 153 163 181 181 189 188 189 190
241 238 234 231 236 237 239 237 233 224 230 235 235 238 240 236 221 228 229 223 232 223 234 232 226 219 219 223 230 231 224 211 206 201 195 202 199 203 204 194 195 192 195 194 180 175 188 181 197 200 201 196 189 179 162 148 141 156 155 138 129 123 119 122 122 117 117 117 115 108 120 122 128 137 136 134 124 137 134 143 140 147 152 169 174 170 165 179
245 244 241 238 240 242 243 244 242 236 229 236 240 242 241 240 242 242 236 232 239 240 241 240 239 234 240 232 235 232 228 223 212 206 201 197 198 199 206 200 198 196 189 192 187 181 179 177 177 187 192 200 197 185 172 167 156 154 154 152 148 141 126 125 121 119 119 117 115 109 108 107 107 114 122 119 124 124 122 132 137 130 129 146 160 153 141 144
249 245 244 243 247 247 246 245 247 247 247 241 244 243 242 242 243 244 246 243 242 243 243 242 243 241 241 241 239 237 233 232 224 217 199 198 194 194 197 197 195 197 188 190 188 189 189 183 182 183 181 179 194 194 185 180 182 173 169 164 159 159 140 138 131 134 133 129 120 114 111 112 105 112 119 119 120 121 122 123 126 129 134 136 136 145 133 125
250 249 249 247 248 248 247 247 248 248 247 246 244 244 244 244 246 246 246 246 246 244 244 243 245 245 244 243 243 241 242 240 232 221 210 207 196 194 195 196 195 190 190 208 203 195 189 190 182 178 179 181 182 191 181 181 184 178 169 170 159 158 152 143 143 156 165 155 142 128 126 128 128 130 134 138 134 132 146 150 165 161 157 147 142 133 120 113
250 249 249 249 248 248 248 248 248 247 247 247 246 246 246 245 246 246 246 246 246 246 245 245 245 245 245 245 246 245 246 246 246 236 213 210 209 203 201 205 199 203 212 208 202 201 196 186 191 182 176 175 173 174 177 171 170 168 178 188 184 185 179 157 152 161 175 167 147 135 132 133 137 144 144 149 162 167 171 172 170 168 167 167 168 161 147 141
250 249 249 249 248 248 248 248 248 247 247 247 247 246 246 246 246 246 246 246 246 246 245 246 246 246 246 246 246 246 247 247 247 247 226 229 217 212 204 224 214 204 214 202 202 204 204 204 199 192 180 177 171 168 175 176 176 189 195 204 205 201 185 179 183 191 194 166 148 139 138 135 148 147 152 152 166 168 173 161 152 154 163 165 149 173 175 176
250 249 249 249 248 248 248 248 247 247 247 247 247 246 246 246 246 246 246 246 246 246 246 246 247 246 246 246 246 246 247 247 247 247 246 233 223 220 220 229 215 212 236 221 216 223 214 201 199 194 189 189 194 185 177 180 184 179 190 205 213 202 187 186 192 202 195 183 160 154 153 150 150 147 153 155 165 179 171 159 154 140 150 156 156 163 184 188
250 249 249 248 248 248 247 247 247 247 247 247 247 247 246 246 246 246 246 246 246 246 246 246 246 246 246 246 246 247 247 247 248 247 247 243 238 244 237 233 226 232 237 235 234 220 204 209 216 197 191 195 196 209 199 208 208 199 203 218 207 197 197 199 202 208 189 193 186 174 168 174 171 178 180 187 178 183 186 191 186 170 163 160 158 165 174 202
249 249 248 248 248 247 247 247 247 247 247 247 247 247 246 246 246 246 246 246 246 246 246 246 246 246 246 247 247 247 248 248 247 248 247 247 248 248 244 245 242 242 242 235 226 218 215 218 226 209 193 196 198 209 220 218 215 215 220 223 218 221 214 213 216 215 203 217 197 193 203 205 198 214 204 216 210 218 217 213 212 182 178 174 159 166 164 178
249 249 248 248 248 247 247 247 246 246 246 246 246 247 247 246 246 247 246 246 246 246 246 246 246 246 246 247 246 247 248 247 247 247 247 248 248 247 248 248 248 246 245 245 247 234 230 235 239 225 224 221 213 204 208 215 223 224 227 230 226 222 217 219 217 223 223 231 217 220 228 216 224 226 229 231 232 235 236 237 227 200 208 203 201 196 192 173
249 249 248 248 248 247 246 246 247 246 246 245 246 246 246 246 246 246 246 246 246 246 246 246 246 246 246 246 247 247 247 247 247 247 247 247 248 247 248 248 248 247 245 244 246 249 250 246 248 232 246 235 225 220 221 219 219 224 230 228 229 220 222 221 221 231 236 232 232 235 241 242 235 229 231 235 238 241 243 243 237 226 224 209 218 207 201 198
248 249 248 247 247 247 246 246 246 245 246 246 246 246 246 246 246 245 245 246 245 247 246 246 246 246 246 246 247 247 247 247 247 248 247 248 248 248 248 249 249 247 244 244 245 248 250 251 252 244 252 242 242 232 216 210 210 216 232 230 222 224 222 221 219 223 228 243 243 241 245 230 228 227 228 232 233 240 242 245 241 236 217 231 207 198 198 213
249 249 248 248 247 247 246 246 246 245 245 245 245 246 246 246 245 245 245 245 246 245 246 246 246 246 246 246 248 247 248 248 248 247 248 248 248 248 248 248 248 248 248 247 246 246 246 250 251 253 253 253 243 232 234 216 203 208 218 222 218 226 224 223 222 233 238 250 252 253 243 228 231 224 221 213 213 221 227 230 246 237 233 230 214 197 196 218
249 248 247 248 246 246 246 245 245 245 245 245 245 245 245 245 245 245 245 245 245 246 246 246 247 247 247 247 248 247 248 248 247 247 247 248 248 248 248 248 248 248 248 248 249 246 247 247 249 252 253 254 253 252 247 231 224 216 228 226 207 205 215 221 225 236 250 256 256 259 252 243 231 225 220 222 230 222 229 243 252 242 239 229 208 202 204 221
247 245 246 247 246 246 245 245 245 245 244 244 244 244 245 246 245 245 245 245 245 245 245 246 246 245 246 246 247 247 247 248 248 248 248 248 248 248 248 249 249 249 249 249 249 249 247 247 247 248 252 252 254 254 254 248 238 230 229 230 232 211 218 230 238 245 257 258 259 261 262 262 261 249 248 250 246 254 250 256 251 245 244 232 220 208 218 228
246 245 244 244 245 246 245 245 244 244 244 244 244 244 243 244 245 245 245 244 245 245 245 245 246 246 246 246 247 246 248 248 248 248 248 248 248 248 249 249 249 249 247 243 249 249 249 249 248 248 248 248 252 254 256 257 253 256 243 228 241 240 245 248 243 244 250 259 261 262 261 262 262 262 262 261 260 260 257 257 255 250 245 241 231 221 236 211
244 242 242 243 244 243 245 245 245 244 243 244 243 243 243 244 244 244 244 244 244 243 242 245 246 246 246 245 245 244 246 248 248 249 248 249 249 249 248 249 248 248 249 247 243 249 249 249 248 248 248 248 248 254 256 257 257 257 258 255 258 256 254 251 249 251 256 258 262 261 262 262 262 262 262 262 262 262 260 259 256 254 252 250 243 237 234 228
241 241 240 240 239 240 244 244 244 243 243 243 243 243 242 243 244 244 244 244 243 242 242 243 244 246 245 244 244 243 243 243 246 248 249 249 247 248 244 248 248 248 249 249 247 244 245 249 249 248 248 248 249 253 256 257 257 257 258 258 258 256 255 254 254 254 257 259 261 261 262 262 262 262 262 262 263 262 262 260 260 258 258 256 252 249 246 237
238 238 238 239 240 241 243 244 244 243 243 243 243 242 243 243 245 244 243 243 242 242 243 242 241 242 245 243 243 242 241 241 243 243 245 245 247 247 248 248 248 249 249 250 250 242 241 247 248 248 249 249 250 253 256 256 257 258 258 259 259 259 257 255 254 256 259 260 261 262 261 262 262 262 262 262 263 263 263 263 262 263 262 259 257 257 253 250
235 234 235 236 237 239 240 242 242 242 242 242 242 242 242 242 242 241 239 241 242 241 241 241 241 241 242 239 241 239 239 239 238 238 239 244 246 247 247 248 249 249 250 250 250 249 247 247 244 249 249 250 249 252 256 256 257 258 258 259 259 259 257 257 258 258 259 261 262 262 262 262 262 262 263 263 263 263 263 263 263 263 263 261 259 257 258 257
233 230 230 231 234 233 234 237 235 239 242 242 241 238 239 232 238 239 237 239 241 240 240 240 241 238 239 238 239 240 239 237 235 236 240 242 244 244 247 248 249 249 249 249 250 250 250 249 247 246 247 247 250 252 252 256 257 257 258 259 259 259 260 260 260 260 260 261 262 262 262 262 262 262 263 263 263 263 263 263 263 263 263 263 262 262 261 261
221 224 224 220 227 227 226 228 228 236 236 242 240 230 222 222 218 228 230 233 235 238 237 237 236 233 235 234 235 235 234 238 237 238 240 243 244 244 246 247 249 249 249 250 250 250 250 251 251 250 250 250 248 249 254 255 254 257 258 259 259 259 260 260 260 260 260 261 262 262 262 262 262 263 263 263 263 263 263 263 263 263 263 264 264 263 263 263
216 213 213 215 214 215 215 221 219 218 229 239 240 231 208 200 192 196 210 214 226 238 227 225 224 224 226 228 222 218 230 236 239 239 240 243 245 246 246 247 246 249 249 249 250 250 251 251 251 252 252 252 251 251 251 254 254 255 258 258 259 260 260 260 260 260 260 260 261 260 260 262 261 262 262 263 262 262 262 263 263 263 263 263 264 263 263 264
199 199 196 195 190 203 193 201 207 215 222 223 221 233 225 214 213 191 192 191 216 227 214 208 210 205 208 220 222 221 215 222 227 233 235 240 244 243 244 243 244 246 249 249 246 239 230 232 225 230 251 252 251 250 251 249 246 252 254 256 256 256 258 260 260 260 260 261 261 261 261 261 262 262 262 262 263 263 262 262 263 263 263 263 263 263 263 263
