testdata/Hispaniola_WorldClim/snv_14.asc
ncols         743
nrows         319
xllcorner     -74.500956448335
yllcorner     17.448920549066
cellsize      0.0083333333333333
NODATA_value  -9999
[rows 42 to 83 of 319, columns 475 to 569 of 743]
69 68 72 80 81 80 80 82 83 83 83 85 81 82 83 84 85 -9999 -9999 -9999 -9999 -9999 -9999 -9999 -9999 -9999 -9999 -9999 -9999 -9999 -9999 -9999 -9999 -9999 -9999 -9999 -9999 -9999 -9999 -9999 -9999 -9999 -9999 -9999 -9999 -9999 -9999 -9999 -9999 -9999 -9999 -9999 -9999 -9999 -9999 -9999 -9999 -9999 -9999 -9999 -9999 -9999 -9999 -9999 -9999 -9999 -9999 -9999 -9999 -9999 -9999 -9999 -9999 -9999 -9999 -9999 -9999 -9999 -9999 -9999 -9999 -9999 -9999 -9999 -9999 -9999 -9999 -9999 -9999 -9999 -9999 -9999 -9999 -9999 -9999
71 73 71 83 84 83 85 85 85 86 86 88 86 83 84 85 86 87 -9999 -9999 -9999 -9999 -9999 -9999 -9999 -9999 -9999 -9999 -9999 -9999 -9999 -9999 -9999 -9999 -9999 -9999 -9999 -9999 -9999 -9999 -9999 -9999 -9999 -9999 -9999 -9999 -9999 -9999 -9999 -9999 -9999 -9999 -9999 -9999 -9999 -9999 -9999 -9999 -9999 -9999 -9999 -9999 -9999 -9999 -9999 -9999 -9999 -9999 -9999 -9999 -9999 -9999 -9999 -9999 -9999 -9999 -9999 -9999 -9999 -9999 -9999 -9999 -9999 -9999 -9999 -9999 -9999 -9999 -9999 -9999 -9999 -9999 -9999 -9999 -9999
80 74 71 74 79 83 87 90 88 88 91 90 88 87 86 85 86 88 89 -9999 -9999 -9999 -9999 -9999 -9999 -9999 -9999 -9999 -9999 -9999 -9999 -9999 -9999 -9999 -9999 -9999 -9999 -9999 -9999 -9999 -9999 -9999 -9999 -9999 -9999 -9999 -9999 -9999 -9999 -9999 -9999 -9999 -9999 -9999 -9999 -9999 -9999 -9999 -9999 -9999 -9999 -9999 -9999 -9999 -9999 -9999 -9999 -9999 -9999 -9999 -9999 -9999 -9999 -9999 -9999 -9999 -9999 -9999 -9999 -9999 -9999 -9999 -9999 -9999 -9999 -9999 -9999 -9999 -9999 -9999 -9999 -9999 -9999 -9999 -9999
76 77 73 78 83 87 90 91 92 92 92 92 90 89 89 86 87 88 90 90 -9999 -9999 -9999 -9999 -9999 -9999 -9999 -9999 -9999 -9999 -9999 -9999 -9999 -9999 -9999 -9999 -9999 -9999 -9999 -9999 -9999 -9999 -9999 -9999 -9999 -9999 -9999 -9999 -9999 -9999 -9999 -9999 -9999 -9999 -9999 -9999 -9999 -9999 -9999 -9999 -9999 -9999 -9999 -9999 -9999 -9999 -9999 -9999 -9999 -9999 -9999 -9999 -9999 -9999 -9999 -9999 -9999 -9999 -9999 -9999 -9999 -9999 -9999 -9999 -9999 -9999 -9999 -9999 -9999 -9999 -9999 -9999 -9999 -9999 -9999
82 79 76 78 85 90 90 90 92 92 93 93 92 92 91 90 88 89 90 91 -9999 -9999 -9999 -9999 -9999 -9999 -9999 -9999 -9999 -9999 -9999 -9999 -9999 -9999 -9999 -9999 -9999 -9999 -9999 -9999 -9999 -9999 -9999 -9999 -9999 -9999 -9999 -9999 -9999 -9999 -9999 -9999 -9999 -9999 -9999 -9999 -9999 -9999 -9999 -9999 -9999 -9999 -9999 -9999 -9999 -9999 -9999 -9999 -9999 -9999 -9999 -9999 -9999 -9999 -9999 -9999 -9999 -9999 -9999 -9999 -9999 -9999 -9999 -9999 -9999 -9999 -9999 -9999 -9999 -9999 -9999 -9999 -9999 -9999 -9999
86 85 81 82 86 87 90 92 92 91 92 92 93 93 93 93 90 90 90 92 93 -9999 -9999 -9999 -9999 -9999 -9999 -9999 -9999 -9999 -9999 -9999 -9999 -9999 -9999 -9999 -9999 -9999 -9999 -9999 -9999 -9999 -9999 -9999 -9999 -9999 -9999 -9999 -9999 -9999 -9999 -9999 -9999 -9999 -9999 -9999 -9999 -9999 -9999 -9999 -9999 -9999 -9999 -9999 -9999 -9999 -9999 -9999 -9999 -9999 -9999 -9999 -9999 -9999 -9999 -9999 -9999 -9999 -9999 -9999 -9999 -9999 -9999 -9999 -9999 -9999 -9999 -9999 -9999 -9999 -9999 -9999 -9999 -9999 -9999
86 86 89 86 89 90 90 92 91 90 90 93 93 93 93 93 90 90 91 92 93 94 -9999 -9999 -9999 -9999 -9999 -9999 -9999 -9999 -9999 -9999 -9999 -9999 -9999 -9999 -9999 -9999 -9999 -9999 -9999 -9999 -9999 -9999 -9999 -9999 -9999 -9999 -9999 -9999 -9999 -9999 -9999 -9999 -9999 -9999 -9999 -9999 -9999 -9999 -9999 -9999 -9999 -9999 -9999 -9999 -9999 -9999 -9999 -9999 -9999 -9999 -9999 -9999 -9999 -9999 -9999 -9999 -9999 -9999 -9999 -9999 -9999 -9999 -9999 -9999 -9999 -9999 -9999 -9999 -9999 -9999 -9999 -9999 -9999
86 85 86 88 90 92 90 90 93 93 92 92 92 93 92 89 89 90 91 92 94 95 -9999 -9999 -9999 -9999 -9999 -9999 -9999 -9999 -9999 -9999 -9999 -9999 -9999 -9999 -9999 -9999 -9999 -9999 -9999 -9999 -9999 -9999 -9999 -9999 -9999 -9999 -9999 -9999 -9999 -9999 -9999 -9999 -9999 -9999 -9999 -9999 -9999 -9999 -9999 -9999 -9999 -9999 -9999 -9999 -9999 -9999 -9999 -9999 -9999 -9999 -9999 -9999 -9999 -9999 -9999 -9999 -9999 -9999 -9999 -9999 -9999 -9999 -9999 -9999 -9999 -9999 -9999 -9999 -9999 -9999 -9999 -9999 -9999
87 86 88 88 92 92 92 92 92 93 91 91 91 89 88 89 90 90 92 93 94 95 97 91 -9999 -9999 -9999 -9999 -9999 -9999 -9999 -9999 -9999 -9999 -9999 -9999 -9999 -9999 -9999 -9999 -9999 -9999 -9999 -9999 -9999 -9999 -9999 -9999 -9999 -9999 -9999 -9999 -9999 -9999 -9999 -9999 -9999 -9999 -9999 -9999 -9999 -9999 -9999 -9999 -9999 -9999 -9999 -9999 -9999 -9999 -9999 -9999 -9999 -9999 -9999 -9999 -9999 -9999 -9999 -9999 -9999 -9999 -9999 -9999 -9999 -9999 -9999 -9999 -9999 -9999 -9999 -9999 -9999 -9999 -9999
87 86 87 88 89 90 92 92 92 91 91 91 89 89 89 89 90 91 92 93 94 96 97 92 87 -9999 -9999 -9999 -9999 -9999 -9999 -9999 -9999 -9999 -9999 -9999 -9999 -9999 -9999 -9999 -9999 -9999 -9999 -9999 -9999 -9999 -9999 -9999 -9999 -9999 -9999 -9999 -9999 -9999 -9999 -9999 -9999 -9999 -9999 98 99 99 100 100 100 101 100 101 101 100 99 -9999 -9999 -9999 -9999 -9999 -9999 -9999 -9999 -9999 -9999 -9999 -9999 -9999 -9999 -9999 -9999 -9999 -9999 -9999 -9999 -9999 -9999 -9999 -9999
87 90 89 90 86 92 90 92 92 92 92 92 92 90 89 89 90 91 92 93 94 96 97 94 91 85 -9999 -9999 -9999 -9999 -9999 -9999 -9999 -9999 -9999 -9999 -9999 -9999 -9999 -9999 -9999 -9999 -9999 -9999 -9999 -9999 -9999 -9999 -9999 -9999 -9999 -9999 -9999 -9999 -9999 -9999 -9999 97 97 98 98 97 95 98 98 95 97 97 100 99 99 98 -9999 -9999 -9999 -9999 -9999 -9999 -9999 -9999 -9999 -9999 -9999 -9999 -9999 -9999 -9999 -9999 -9999 -9999 -9999 -9999 -9999 -9999 -9999
88 86 84 84 83 82 85 83 83 86 85 86 87 87 88 89 90 91 92 93 95 96 97 98 95 91 86 83 -9999 -9999 -9999 -9999 -9999 -9999 -9999 -9999 -9999 -9999 -9999 -9999 -9999 -9999 -9999 -9999 -9999 -9999 -9999 -9999 -9999 -9999 -9999 -9999 -9999 -9999 -9999 -9999 -9999 97 97 97 95 94 93 93 94 95 96 95 95 95 95 97 97 -9999 -9999 -9999 -9999 -9999 -9999 -9999 -9999 -9999 -9999 -9999 -9999 -9999 -9999 -9999 -9999 -9999 -9999 -9999 -9999 -9999 -9999
87 86 86 87 82 82 83 83 84 84 86 88 89 87 88 89 90 91 92 93 95 95 96 97 99 95 93 93 92 -9999 -9999 -9999 -9999 -9999 -9999 -9999 -9999 -9999 -9999 -9999 -9999 -9999 -9999 -9999 -9999 -9999 -9999 -9999 -9999 -9999 -9999 -9999 -9999 -9999 -9999 -9999 96 96 97 96 95 93 93 92 93 93 93 94 93 93 92 93 95 95 95 -9999 -9999 -9999 -9999 -9999 -9999 -9999 -9999 -9999 -9999 -9999 -9999 -9999 -9999 -9999 -9999 -9999 -9999 -9999 -9999
91 92 92 89 86 91 91 87 88 86 86 88 89 91 91 92 93 92 93 94 94 96 96 97 98 99 99 100 100 100 100 99 99 -9999 -9999 -9999 -9999 -9999 -9999 -9999 -9999 -9999 -9999 -9999 -9999 -9999 -9999 -9999 -9999 -9999 -9999 -9999 -9999 -9999 -9999 96 95 97 97 96 94 93 92 92 92 92 93 93 92 91 91 91 93 95 94 94 93 -9999 -9999 -9999 -9999 -9999 -9999 -9999 -9999 -9999 -9999 -9999 -9999 -9999 -9999 -9999 -9999 -9999 -9999
87 92 92 84 90 92 92 92 91 88 87 89 90 91 92 93 93 93 94 94 95 95 96 96 97 98 98 98 98 98 98 98 97 97 97 97 97 97 97 97 -9999 -9999 -9999 -9999 -9999 -9999 -9999 -9999 -9999 -9999 -9999 -9999 -9999 -9999 96 94 93 95 97 96 94 93 92 92 91 90 90 90 90 90 88 89 90 91 93 93 93 93 -9999 -9999 -9999 -9999 -9999 -9999 -9999 -9999 -9999 -9999 -9999 -9999 -9999 -9999 -9999 -9999 -9999
92 91 88 87 92 92 92 92 92 90 89 88 91 92 92 93 93 93 94 94 94 95 95 96 97 96 97 97 98 98 97 96 97 98 98 97 98 98 97 97 97 97 97 -9999 -9999 -9999 -9999 -9999 -9999 -9999 -9999 -9999 97 97 95 93 93 93 96 96 96 91 91 91 90 89 89 89 89 88 87 87 87 87 90 93 92 92 -9999 -9999 -9999 -9999 -9999 -9999 -9999 -9999 -9999 -9999 -9999 -9999 -9999 -9999 -9999 -9999 -9999
90 91 91 91 92 92 92 92 92 91 92 88 89 91 93 93 93 93 94 94 94 94 95 96 96 97 96 97 97 96 97 95 94 97 97 97 97 97 98 98 97 98 98 98 98 98 98 98 98 97 97 97 97 97 94 95 94 95 95 95 94 92 91 90 90 89 89 88 88 87 86 86 86 85 86 91 92 91 92 -9999 -9999 -9999 -9999 -9999 -9999 -9999 -9999 -9999 -9999 -9999 -9999 -9999 -9999 -9999 -9999
91 91 87 91 91 91 91 92 92 92 91 91 89 91 92 93 93 93 93 94 94 94 94 95 96 96 96 96 96 97 97 95 96 97 98 98 97 98 98 97 98 98 98 98 98 98 98 98 98 98 98 98 98 96 94 95 94 94 95 95 93 93 91 90 89 88 88 88 87 86 86 85 85 84 84 89 92 91 91 -9999 -9999 -9999 -9999 -9999 -9999 -9999 -9999 -9999 -9999 -9999 -9999 -9999 -9999 -9999 -9999
86 86 91 91 91 91 91 91 92 91 92 92 91 91 92 93 93 93 93 93 93 93 94 94 96 96 96 95 95 97 97 96 97 97 97 98 98 97 97 98 98 98 98 98 98 98 98 98 98 98 98 98 98 96 94 95 95 94 94 94 93 92 91 90 89 88 89 88 86 86 85 85 84 84 85 90 91 91 91 -9999 -9999 -9999 -9999 -9999 -9999 -9999 -9999 -9999 -9999 -9999 -9999 -9999 -9999 -9999 -9999
89 86 90 88 86 89 91 91 91 91 91 91 90 92 92 92 93 93 93 93 93 93 94 94 95 96 96 95 95 97 97 97 97 98 98 97 98 98 98 98 98 98 98 98 99 98 99 98 98 99 99 99 98 96 94 94 94 94 93 93 93 92 91 90 89 88 88 86 88 86 84 84 83 83 85 91 91 91 91 -9999 -9999 -9999 -9999 -9999 -9999 -9999 -9999 -9999 -9999 -9999 -9999 -9999 -9999 -9999 -9999
89 89 87 84 85 87 89 91 91 91 91 91 91 91 92 92 92 92 93 93 93 94 94 94 95 96 96 96 95 96 97 97 97 98 97 98 98 98 98 98 98 97 97 98 99 99 99 99 99 99 99 99 97 96 94 93 93 93 93 92 92 91 91 91 89 88 87 88 85 84 84 83 83 84 85 91 92 92 -9999 -9999 -9999 -9999 -9999 -9999 -9999 -9999 -9999 -9999 -9999 -9999 -9999 -9999 -9999 -9999 -9999
84 82 82 83 84 86 88 89 90 91 91 91 91 91 92 92 92 92 93 93 93 93 93 94 95 96 96 96 96 96 97 97 97 98 98 98 98 97 97 98 97 95 96 96 96 98 99 100 99 100 100 98 97 95 94 93 93 92 92 91 91 91 91 91 90 88 88 86 84 84 84 84 85 85 86 91 92 92 -9999 -9999 -9999 -9999 -9999 -9999 -9999 -9999 -9999 -9999 -9999 -9999 -9999 -9999 -9999 -9999 -9999
79 80 81 82 84 85 87 88 90 91 91 91 91 91 91 92 92 92 92 93 93 93 93 93 95 96 96 96 96 97 97 98 97 98 98 98 98 98 98 97 95 95 95 97 96 99 100 99 100 100 99 98 97 95 94 93 93 92 92 91 91 91 90 91 90 89 86 85 84 85 85 85 86 87 92 91 92 92 -9999 -9999 -9999 -9999 -9999 -9999 -9999 -9999 -9999 -9999 -9999 -9999 -9999 -9999 -9999 -9999 -9999
79 80 81 82 83 84 85 87 88 91 91 90 91 91 91 91 92 92 92 93 94 94 93 94 94 96 96 96 95 97 97 98 98 98 99 98 97 96 96 95 96 96 96 98 100 99 99 100 101 100 98 97 96 95 94 93 92 92 91 91 90 90 90 90 90 90 88 86 85 85 86 87 87 89 92 92 92 92 -9999 -9999 -9999 -9999 -9999 -9999 -9999 -9999 -9999 -9999 -9999 -9999 -9999 -9999 -9999 -9999 -9999
80 80 81 82 83 84 84 86 90 90 90 90 91 91 91 91 91 92 92 93 94 94 94 93 94 96 96 97 96 96 96 97 98 99 98 99 99 97 96 95 98 98 99 99 100 101 101 100 98 98 97 97 96 95 94 93 92 92 91 91 90 90 90 90 90 90 91 88 86 85 86 87 88 89 92 93 92 -9999 -9999 -9999 -9999 -9999 -9999 -9999 -9999 -9999 -9999 -9999 -9999 -9999 -9999 -9999 -9999 -9999 -9999
80 80 81 81 82 83 84 85 88 90 90 91 92 90 90 92 91 92 92 93 95 95 95 94 94 94 96 97 97 96 96 98 98 98 98 98 98 97 95 94 96 96 96 95 99 95 99 94 95 94 97 95 94 94 94 93 92 91 91 91 90 90 91 90 90 90 91 90 89 88 86 87 87 91 93 93 92 -9999 -9999 -9999 -9999 -9999 -9999 -9999 -9999 -9999 -9999 -9999 -9999 -9999 -9999 -9999 -9999 -9999 -9999
80 81 81 82 82 83 84 86 86 89 89 90 92 90 90 92 91 91 92 93 94 94 94 94 93 94 95 97 97 96 96 97 99 97 96 96 94 95 93 91 92 92 92 93 94 93 92 92 95 95 96 95 94 94 93 93 92 91 91 91 90 90 90 90 90 90 90 90 91 91 88 87 90 91 92 92 92 92 -9999 -9999 -9999 -9999 -9999 -9999 -9999 -9999 -9999 -9999 -9999 -9999 -9999 -9999 -9999 -9999 -9999
81 81 81 82 82 83 84 85 85 89 90 89 91 90 91 91 92 92 92 94 94 93 93 92 92 94 94 96 97 97 96 96 96 97 94 93 92 92 91 89 90 90 90 91 91 91 93 94 94 96 95 93 94 93 93 92 92 91 91 91 90 91 90 91 90 91 90 91 91 91 92 92 91 92 92 92 92 92 -9999 -9999 -9999 -9999 -9999 -9999 -9999 -9999 -9999 -9999 -9999 -9999 -9999 -9999 -9999 -9999 -9999
81 81 81 82 82 83 84 84 85 87 88 89 90 91 91 91 92 92 93 92 92 92 92 92 92 93 94 95 97 98 98 98 97 94 93 92 90 90 89 89 89 89 89 90 90 90 91 93 95 95 94 91 91 93 93 92 92 91 91 91 91 91 90 91 91 90 91 91 91 91 91 91 92 92 92 92 92 92 92 -9999 -9999 -9999 -9999 -9999 -9999 -9999 -9999 -9999 -9999 -9999 -9999 -9999 -9999 -9999 -9999
81 82 82 82 82 83 84 84 85 88 88 89 90 92 92 92 92 92 92 90 91 90 91 90 90 91 93 96 96 98 98 98 97 94 92 91 91 91 90 91 90 89 89 89 89 89 90 92 93 93 94 93 92 93 92 92 92 91 91 91 91 91 91 91 91 91 91 90 91 91 91 91 92 92 92 92 92 92 92 91 91 -9999 -9999 -9999 -9999 -9999 -9999 -9999 -9999 -9999 -9999 -9999 -9999 -9999 -9999
80 81 82 82 83 83 84 85 86 86 88 90 91 91 91 91 91 91 91 89 89 89 90 89 89 90 93 95 96 98 98 98 98 96 92 91 92 92 91 91 90 91 90 89 90 89 89 90 93 93 93 93 93 93 92 92 92 91 91 91 91 90 91 91 91 90 91 91 91 91 91 91 91 92 92 92 92 92 92 91 91 -9999 -9999 -9999 -9999 -9999 -9999 -9999 -9999 -9999 -9999 -9999 -9999 -9999 -9999
80 81 81 82 83 83 84 85 86 86 88 89 90 90 90 90 91 91 89 88 88 88 88 88 88 89 91 93 96 97 97 96 95 94 92 91 91 92 92 92 93 92 92 92 91 90 90 90 90 91 89 91 91 92 92 92 92 91 91 90 90 90 90 90 91 91 91 91 91 91 91 91 91 91 91 91 92 91 92 91 91 -9999 -9999 -9999 -9999 -9999 -9999 -9999 -9999 -9999 -9999 -9999 -9999 -9999 -9999
80 82 83 83 83 83 82 84 86 85 87 89 89 89 89 90 90 89 87 87 86 87 87 87 87 89 91 93 93 94 92 92 93 93 92 91 90 90 91 90 92 91 92 92 91 90 90 90 90 88 88 90 92 92 91 91 91 91 90 90 90 90 90 91 90 91 91 91 91 91 91 91 91 91 91 91 91 91 91 91 91 -9999 -9999 -9999 -9999 -9999 -9999 -9999 -9999 -9999 -9999 -9999 -9999 -9999 -9999
81 82 84 84 84 84 82 84 86 86 88 89 89 89 89 89 89 89 87 86 85 85 86 86 86 89 90 91 91 91 91 91 91 91 91 91 90 89 89 91 92 91 92 92 90 91 90 90 88 87 87 89 90 91 90 90 91 90 90 90 90 90 90 90 90 91 91 91 91 91 91 91 91 91 91 91 91 91 91 91 91 -9999 -9999 -9999 -9999 -9999 -9999 -9999 -9999 -9999 -9999 -9999 -9999 -9999 -9999
82 83 83 84 85 86 86 86 87 87 87 88 88 88 88 88 88 88 87 86 86 84 84 87 88 89 89 90 90 90 91 90 91 90 90 90 90 89 89 89 90 91 90 91 91 91 90 90 88 87 88 89 90 90 90 90 91 90 90 90 90 90 90 90 90 90 90 90 90 90 91 91 91 91 91 91 91 91 91 91 91 -9999 -9999 -9999 -9999 -9999 -9999 -9999 -9999 -9999 -9999 -9999 -9999 -9999 -9999
81 81 82 83 83 84 84 85 86 87 87 87 87 88 88 88 88 88 87 85 86 84 87 88 89 89 89 89 89 90 90 90 90 90 90 89 90 89 89 88 88 88 90 91 91 91 90 89 88 87 87 88 89 89 87 90 90 90 90 90 90 90 90 90 90 90 90 90 90 90 91 91 90 91 91 91 91 91 91 91 -9999 -9999 -9999 -9999 -9999 -9999 -9999 -9999 -9999 -9999 -9999 -9999 -9999 -9999 -9999
74 76 81 81 81 82 82 83 85 85 86 87 87 87 87 87 87 87 86 86 85 85 85 87 88 88 89 89 89 89 89 89 89 89 89 89 89 89 89 88 88 88 88 89 91 91 90 87 86 86 86 86 86 88 88 88 89 90 90 89 89 89 89 90 90 90 90 90 90 91 91 90 91 91 90 91 91 91 91 91 -9999 -9999 -9999 -9999 -9999 -9999 -9999 -9999 -9999 -9999 -9999 -9999 -9999 -9999 -9999
73 74 75 77 79 79 80 81 82 83 84 86 86 86 85 87 87 86 86 86 85 85 86 87 88 88 88 88 88 88 89 89 88 89 89 89 89 89 89 88 88 88 88 89 88 87 89 89 86 86 86 85 86 90 90 91 90 90 90 90 89 89 89 90 90 90 90 90 90 90 90 91 91 91 91 91 91 91 91 91 91 -9999 -9999 -9999 -9999 -9999 -9999 -9999 -9999 -9999 -9999 -9999 -9999 -9999 -9999
71 73 74 75 76 77 77 79 80 81 82 82 85 86 85 86 86 87 86 86 86 86 87 87 87 87 87 87 88 88 88 88 87 87 87 87 88 88 87 88 88 88 88 86 86 86 87 89 87 86 85 88 88 90 90 90 89 88 90 90 90 90 90 90 90 90 90 90 90 90 91 91 91 91 91 91 91 91 91 91 91 -9999 -9999 -9999 -9999 -9999 -9999 -9999 -9999 -9999 -9999 -9999 -9999 -9999 -9999
70 71 72 73 74 75 76 77 78 79 80 81 83 84 84 84 86 85 86 86 86 86 87 87 87 87 87 87 87 87 87 87 87 87 87 87 87 87 87 87 87 88 87 86 86 86 86 87 88 89 89 86 88 89 90 90 87 87 88 90 90 90 90 90 90 90 90 89 90 90 90 90 91 91 91 91 90 91 91 91 91 -9999 -9999 -9999 -9999 -9999 -9999 -9999 -9999 -9999 -9999 -9999 -9999 -9999 -9999
69 70 71 72 73 74 75 76 77 77 78 79 81 82 83 83 84 85 85 85 85 85 86 86 86 86 86 86 86 87 87 87 87 86 86 86 86 86 86 86 86 87 86 86 85 85 85 85 85 87 86 87 88 88 89 89 86 86 89 89 89 90 90 90 90 90 90 89 89 90 91 91 90 90 90 90 90 90 91 91 92 91 -9999 -9999 -9999 -9999 -9999 -9999 -9999 -9999 -9999 -9999 -9999 -9999 -9999
68 69 70 71 72 73 74 75 76 76 77 78 79 79 80 81 82 83 84 84 84 85 85 85 86 86 86 86 86 86 86 86 86 86 86 86 85 85 85 86 86 85 85 85 85 85 84 84 85 84 84 86 87 87 88 88 86 85 86 88 89 89 89 89 90 90 90 89 90 91 91 90 90 90 90 90 90 90 90 91 92 91 92 -9999 -9999 -9999 -9999 -9999 -9999 -9999 -9999 -9999 -9999 -9999 -9999
