testdata/Hispaniola_WorldClim/snv_17.asc
ncols         743
nrows         319
xllcorner     -74.500956448335
yllcorner     17.448920549066
cellsize      0.0083333333333333
NODATA_value  -9999
[rows 40 to 79 of 319, columns 180 to 269 of 743]
160 158 146 144 145 140 141 143 142 145 148 152 144 148 150 150 150 168 171 175 173 183 188 197 197 189 176 164 163 171 182 179 174 172 166 160 162 165 166 177 171 174 179 180 179 182 184 186 199 211 225 263 284 242 241 236 208 212 208 212 254 284 306 304 295 331 300 298 297 303 331 288 287 286 284 332 333 298 272 267 -9999 -9999 -9999 -9999 -9999 -9999 -9999 -9999 -9999 304
156 151 146 132 135 131 130 135 135 136 139 138 148 143 146 143 147 144 156 156 164 171 179 184 187 190 180 171 167 178 179 176 173 169 168 166 164 168 178 184 178 171 174 177 178 181 184 184 205 217 224 246 245 256 245 241 207 202 204 215 249 275 327 333 317 309 309 307 305 318 295 294 294 293 308 339 306 332 277 274 -9999 -9999 269 -9999 258 294 250 248 260 316
151 141 137 128 129 125 125 128 127 130 137 136 140 144 136 139 136 139 135 156 158 169 169 166 177 186 171 173 173 175 171 171 171 169 171 171 168 174 177 165 166 171 170 176 178 180 183 182 187 197 206 222 208 229 224 203 209 206 203 228 259 279 307 329 330 326 316 314 321 344 301 300 301 297 337 318 337 291 282 278 -9999 -9999 267 337 335 331 293 330 328 301
144 137 129 121 122 121 122 122 123 124 127 128 133 140 136 132 130 129 130 138 147 157 163 158 173 179 179 178 177 164 167 169 170 168 169 171 174 167 160 165 165 170 173 176 174 175 180 183 183 185 187 198 198 197 216 199 202 200 202 236 269 292 307 317 318 329 322 321 322 332 307 305 304 338 313 286 342 302 291 -9999 282 -9999 284 329 317 288 264 261 259 257
137 132 123 119 121 123 120 120 120 121 127 124 131 131 134 132 130 126 126 126 129 143 153 153 159 165 164 163 174 167 166 168 167 165 168 165 165 159 158 160 161 169 174 173 173 177 176 182 182 183 186 190 190 191 195 199 199 197 204 233 261 263 279 285 269 283 322 330 340 326 315 311 312 338 331 283 344 312 298 289 -9999 -9999 -9999 297 310 329 296 272 255 254
140 128 120 118 120 127 120 119 118 119 122 121 124 123 125 126 127 126 125 125 129 139 146 150 154 146 148 157 167 168 163 160 162 159 159 160 162 165 161 167 168 165 165 172 168 183 174 179 182 181 192 193 189 190 192 197 196 198 201 229 253 262 257 295 292 315 325 332 314 326 322 319 319 321 321 280 324 333 307 298 -9999 -9999 285 290 294 300 332 337 336 333
153 133 119 115 117 118 122 119 116 118 118 117 124 120 120 119 119 122 122 122 127 132 134 141 146 142 140 147 153 162 162 155 151 154 154 155 158 161 161 155 161 160 165 168 166 172 171 176 179 181 196 186 186 189 193 203 195 204 200 207 241 263 286 297 307 313 319 314 311 335 331 324 327 327 307 250 301 342 315 301 -9999 -9999 288 288 290 302 297 298 306 282
155 145 131 118 120 117 119 116 116 114 117 115 116 127 116 120 117 118 122 120 121 125 133 136 136 139 141 144 145 150 154 153 149 147 149 151 153 157 158 160 155 156 159 171 164 181 179 171 174 179 192 187 187 204 205 193 196 203 199 207 233 267 268 282 277 299 297 274 322 326 336 333 333 343 344 336 288 334 319 309 303 -9999 295 292 295 296 294 294 290 275
159 152 144 130 132 126 113 118 114 114 114 113 116 132 130 136 136 117 125 125 119 120 125 127 130 134 136 137 139 141 146 149 149 142 145 145 146 150 153 158 162 162 161 167 175 171 168 175 175 174 184 189 201 199 201 207 211 196 196 206 234 241 247 250 262 281 269 276 288 318 330 335 340 338 343 343 341 335 337 332 312 307 302 297 293 294 290 286 282 277
164 158 155 147 140 127 138 132 121 111 111 130 122 128 136 128 137 138 131 124 124 118 116 122 125 130 131 133 133 136 135 138 142 144 139 139 140 141 147 152 155 154 165 166 171 170 165 176 183 191 196 191 204 201 208 199 200 193 196 197 207 213 212 229 246 260 252 275 289 309 323 329 335 339 341 343 345 344 321 328 333 319 315 306 301 297 293 291 287 282
170 163 159 153 149 145 156 146 141 132 121 120 110 119 122 119 132 144 123 112 113 115 114 115 122 125 127 128 129 130 130 131 132 134 138 137 136 135 137 143 149 157 158 162 160 168 163 168 183 187 191 193 198 206 204 192 188 190 199 199 215 217 210 207 218 217 230 241 251 288 317 322 325 315 332 337 339 330 303 276 335 339 324 314 319 311 301 298 294 290
171 167 163 156 149 155 155 155 152 144 141 129 125 111 115 108 115 113 109 113 114 112 112 112 115 117 119 121 127 127 128 128 127 126 131 127 133 128 131 134 142 152 152 155 161 166 167 174 174 181 182 188 193 200 206 208 193 190 214 203 214 220 218 203 204 209 232 246 259 297 308 312 299 319 298 319 316 329 278 298 329 345 333 320 315 312 309 305 303 298
173 170 164 159 159 159 161 155 152 148 144 140 133 129 125 117 121 121 114 112 111 116 125 111 111 111 113 117 122 124 125 126 128 129 123 122 124 128 125 129 136 144 151 145 149 159 163 164 167 171 185 182 187 192 200 204 201 204 210 214 213 202 203 203 202 205 235 249 270 294 289 305 311 315 301 250 262 323 306 260 262 340 343 331 323 321 315 313 311 307
173 172 168 166 164 164 164 158 155 150 144 135 126 122 122 123 123 121 119 113 110 105 115 112 117 118 110 116 119 119 121 123 124 123 118 120 117 119 122 121 129 140 133 138 156 157 158 166 171 174 167 176 185 186 192 200 203 207 199 190 194 194 196 199 201 219 227 234 254 280 267 277 299 304 311 267 285 306 306 288 269 312 338 340 332 326 330 322 318 314
174 173 172 170 167 165 162 157 153 149 140 130 125 129 124 125 120 114 110 110 111 110 107 106 106 116 108 113 112 112 116 120 120 117 114 125 119 125 117 118 121 124 133 147 146 161 156 158 164 160 165 166 175 189 188 192 194 197 197 192 189 191 197 196 200 209 228 237 232 266 246 235 255 286 291 304 308 296 247 278 293 293 328 335 338 336 333 330 327 322
174 174 173 170 167 164 160 156 153 149 135 134 133 132 126 118 116 114 110 106 101 107 115 107 103 106 106 109 109 110 112 115 118 113 110 120 119 123 114 115 116 120 134 145 153 170 170 161 159 157 171 171 167 183 186 186 189 196 197 196 188 200 203 197 197 200 216 226 234 266 229 229 237 224 254 295 297 285 252 247 254 260 313 330 332 334 336 338 336 332
173 173 171 170 167 164 160 157 153 147 139 139 134 124 124 117 113 108 105 100 101 98 110 111 106 112 106 106 109 112 112 112 112 114 117 118 120 120 120 110 113 116 135 140 161 169 156 152 156 159 159 168 163 176 181 183 188 187 190 196 191 199 206 191 197 199 215 217 227 256 246 224 209 222 255 277 295 293 266 262 270 309 319 323 326 329 331 334 336 338
171 171 171 170 167 165 161 156 151 146 141 137 128 121 116 117 113 109 107 101 97 96 100 96 107 125 119 101 104 107 108 108 112 113 116 117 118 116 110 107 115 113 118 137 144 152 144 148 154 153 154 163 166 163 175 176 183 184 187 189 195 199 198 194 191 194 210 213 240 230 218 218 207 218 239 242 270 285 281 261 279 294 311 302 320 323 325 329 331 334
170 170 170 168 166 163 160 151 144 144 141 134 125 123 113 104 102 102 104 104 101 101 101 100 100 106 115 129 114 103 104 107 109 111 113 114 111 111 107 106 116 122 118 128 135 139 137 141 148 151 152 157 167 166 167 167 168 181 181 186 186 190 197 189 188 193 204 206 232 213 211 207 207 216 220 225 253 276 280 276 247 279 265 264 312 317 321 323 327 329
168 168 168 167 165 162 157 153 148 144 141 136 129 124 118 103 98 95 97 98 96 92 92 100 99 95 94 122 134 110 101 103 107 109 106 111 104 104 103 107 107 113 116 122 132 128 124 139 144 147 151 152 155 170 163 165 165 169 175 177 184 183 188 190 187 186 201 205 201 205 198 204 211 200 210 220 249 236 274 255 279 258 233 293 303 310 313 317 320 321
167 167 166 165 163 160 155 151 147 143 140 134 129 124 116 108 97 90 89 96 90 98 103 90 96 98 95 101 127 127 112 110 110 105 106 102 104 101 107 101 99 102 113 113 111 114 134 133 136 140 147 151 152 161 170 166 162 173 178 169 182 177 181 186 195 187 195 191 194 200 194 203 198 208 212 211 210 224 233 251 244 257 238 272 296 283 304 309 312 315
-9999 164 164 161 161 157 154 148 145 142 139 135 128 124 119 114 107 95 88 91 107 124 104 112 102 95 95 94 100 133 137 113 116 103 103 100 95 103 99 95 96 97 101 103 106 124 123 134 136 140 145 145 148 154 170 170 161 162 170 174 174 173 176 182 190 190 184 185 191 191 196 201 191 193 202 201 195 197 203 237 208 222 224 267 277 253 262 285 302 289
-9999 -9999 161 159 157 154 150 146 142 139 135 131 127 122 118 112 107 101 95 91 86 106 106 106 112 88 89 90 94 106 141 137 110 101 103 103 91 88 90 90 91 94 95 98 102 106 114 130 134 139 145 147 145 147 170 169 161 159 163 167 168 168 170 174 178 184 178 180 183 186 190 186 190 203 210 211 212 212 195 215 202 208 216 239 241 210 202 234 256 244
-9999 -9999 -9999 -9999 152 150 146 142 139 136 132 128 125 120 116 111 105 100 94 89 90 89 89 83 112 85 88 105 126 126 135 134 104 98 101 100 88 87 87 87 89 91 92 94 97 101 114 126 135 142 142 150 156 154 152 166 171 164 161 162 166 166 166 168 173 184 182 176 182 180 181 181 194 205 208 206 209 210 188 190 193 190 204 200 214 194 202 195 197 200
-9999 -9999 -9999 -9999 -9999 -9999 142 138 135 132 129 125 122 116 112 109 100 96 88 88 87 86 86 84 100 90 100 108 121 135 132 98 100 98 98 92 82 84 86 85 88 87 87 89 92 97 120 125 127 133 138 141 149 160 154 153 160 169 159 155 159 163 162 163 166 170 172 175 175 175 173 179 179 198 204 205 195 194 200 200 212 192 187 191 188 205 197 191 192 194
-9999 -9999 -9999 -9999 -9999 -9999 -9999 -9999 -9999 129 125 121 118 114 109 105 101 91 85 84 84 83 83 84 86 112 112 110 100 118 130 105 92 92 92 82 79 79 93 92 85 84 84 84 87 90 97 102 107 127 129 132 133 135 147 144 144 150 155 159 154 158 161 158 169 165 167 170 170 173 170 172 174 173 201 176 178 203 207 198 215 214 213 195 188 185 188 185 187 187
-9999 -9999 -9999 -9999 -9999 -9999 -9999 -9999 -9999 -9999 -9999 117 114 110 106 102 98 89 83 81 81 80 79 79 82 82 118 121 110 101 108 92 92 92 84 76 75 76 76 82 82 81 83 82 82 84 88 93 110 109 122 125 125 129 120 127 129 142 150 160 170 156 154 158 158 158 164 164 163 167 179 183 194 203 185 186 203 207 209 206 211 214 208 200 197 183 204 213 211 189
-9999 -9999 -9999 -9999 -9999 -9999 -9999 -9999 -9999 -9999 -9999 -9999 -9999 106 103 98 95 91 83 78 78 77 76 75 78 80 110 124 122 106 108 92 89 90 83 74 70 76 72 73 74 77 76 77 78 81 83 86 89 94 95 102 105 111 111 116 140 150 141 149 154 167 152 152 159 169 161 169 166 166 172 171 170 184 203 202 207 208 199 211 212 193 178 181 208 188 193 205 212 180
-9999 -9999 -9999 -9999 -9999 -9999 -9999 -9999 -9999 -9999 -9999 -9999 -9999 -9999 -9999 -9999 93 90 84 81 76 74 73 71 74 78 105 126 122 113 109 87 86 81 84 72 66 67 69 67 67 69 68 69 73 75 79 82 88 88 91 100 102 117 121 126 131 142 139 140 140 154 168 166 152 179 183 184 179 183 182 180 175 170 180 192 199 198 195 207 194 167 171 199 203 184 170 181 212 199
-9999 -9999 -9999 -9999 -9999 -9999 -9999 -9999 -9999 -9999 -9999 -9999 -9999 -9999 -9999 -9999 -9999 -9999 82 79 75 71 69 68 67 76 89 108 112 97 106 88 80 74 72 75 66 63 61 61 61 62 65 65 67 70 74 78 83 83 86 89 92 99 102 118 116 122 131 125 140 158 165 173 169 176 181 181 183 185 189 193 193 184 184 178 204 202 201 203 208 184 162 166 178 172 164 181 168 210
-9999 -9999 -9999 -9999 -9999 -9999 -9999 -9999 -9999 -9999 -9999 -9999 -9999 -9999 -9999 -9999 -9999 -9999 -9999 76 71 71 67 64 63 72 77 110 110 93 94 88 79 79 80 73 65 62 56 57 55 56 58 59 62 64 68 81 82 89 84 86 88 90 93 98 97 104 106 123 131 138 162 162 177 178 178 180 181 184 186 190 193 195 198 192 199 204 189 174 175 157 157 157 174 191 159 160 161 162
-9999 -9999 -9999 -9999 -9999 -9999 -9999 -9999 -9999 -9999 -9999 -9999 -9999 -9999 -9999 -9999 -9999 -9999 -9999 -9999 -9999 67 64 60 61 64 65 74 82 84 87 88 75 61 69 68 65 58 55 51 50 52 52 55 58 60 64 68 103 89 85 84 85 88 89 90 93 95 97 100 114 125 141 162 172 176 178 179 180 182 180 186 173 194 196 194 197 198 202 203 196 173 152 152 165 162 157 176 156 158
-9999 -9999 -9999 -9999 -9999 -9999 -9999 -9999 -9999 -9999 -9999 -9999 -9999 -9999 -9999 -9999 -9999 -9999 -9999 -9999 -9999 -9999 -9999 58 54 54 57 67 80 78 81 81 65 55 49 48 49 47 48 45 45 48 48 51 52 55 58 62 69 92 91 85 100 100 109 106 108 98 101 94 99 112 132 152 165 160 176 176 179 181 166 169 172 191 191 185 191 189 189 193 199 191 175 167 180 186 180 165 150 152
-9999 -9999 -9999 -9999 -9999 -9999 -9999 -9999 -9999 -9999 -9999 -9999 -9999 -9999 -9999 -9999 -9999 -9999 -9999 -9999 -9999 -9999 -9999 -9999 52 50 50 57 74 74 75 71 55 43 43 42 40 42 42 42 44 43 45 46 48 52 55 57 62 66 82 97 97 115 134 142 125 111 110 98 91 108 124 127 141 166 171 163 160 175 157 155 186 188 185 185 192 191 196 189 189 197 201 201 201 201 199 174 148 149
-9999 -9999 -9999 -9999 -9999 -9999 -9999 -9999 -9999 -9999 -9999 -9999 -9999 -9999 -9999 -9999 -9999 -9999 -9999 -9999 -9999 -9999 -9999 -9999 51 47 48 58 71 71 71 74 45 40 36 33 35 41 40 38 36 39 41 43 45 48 51 54 57 62 66 74 92 104 138 153 145 128 117 100 98 88 103 116 136 163 167 150 140 157 172 143 183 185 187 186 190 193 194 192 189 193 194 183 199 198 165 151 150 178
-9999 -9999 -9999 -9999 -9999 -9999 -9999 -9999 -9999 -9999 -9999 -9999 -9999 -9999 -9999 -9999 -9999 -9999 -9999 -9999 -9999 -9999 -9999 -9999 -9999 46 44 56 67 67 68 66 39 33 31 30 37 48 40 33 33 36 38 41 42 45 53 53 55 56 61 65 69 105 132 155 157 154 143 117 106 85 92 93 112 148 151 129 130 155 168 148 160 180 184 187 187 177 187 192 193 194 182 192 196 196 196 186 197 192
-9999 -9999 -9999 -9999 -9999 -9999 -9999 -9999 -9999 -9999 -9999 -9999 -9999 -9999 -9999 -9999 -9999 -9999 -9999 -9999 -9999 -9999 -9999 -9999 -9999 -9999 40 43 56 63 61 54 37 29 28 28 32 47 34 30 30 33 35 38 40 42 45 57 55 54 56 61 62 66 92 134 143 156 161 156 117 94 101 110 96 128 111 109 119 128 135 140 147 167 167 183 170 154 160 174 159 191 190 164 191 193 191 192 190 191
-9999 -9999 -9999 -9999 -9999 -9999 -9999 -9999 -9999 -9999 -9999 -9999 -9999 -9999 -9999 -9999 -9999 -9999 -9999 -9999 -9999 -9999 -9999 -9999 -9999 -9999 -9999 37 42 52 52 46 29 28 27 26 26 25 27 28 30 31 33 35 38 40 42 45 54 56 54 56 59 63 66 93 129 148 159 158 145 107 118 115 96 93 107 107 108 118 127 141 150 164 158 172 157 148 162 159 150 158 155 174 186 183 191 193 190 191
-9999 -9999 -9999 -9999 -9999 -9999 -9999 -9999 -9999 -9999 -9999 -9999 -9999 -9999 -9999 -9999 -9999 -9999 -9999 -9999 -9999 -9999 -9999 -9999 -9999 -9999 -9999 36 35 42 40 36 28 27 26 -9999 25 25 25 26 28 30 32 34 35 38 41 43 45 60 56 54 55 59 62 62 89 129 143 158 148 142 134 137 109 90 88 110 118 122 144 143 140 148 159 135 140 155 163 146 135 131 138 155 149 150 163 181 190 191
-9999 -9999 -9999 -9999 -9999 -9999 -9999 -9999 -9999 -9999 -9999 -9999 -9999 -9999 -9999 -9999 -9999 -9999 -9999 -9999 -9999 -9999 -9999 -9999 -9999 -9999 -9999 -9999 -9999 31 30 28 -9999 -9999 -9999 -9999 25 24 24 25 27 29 31 32 35 36 38 41 44 49 53 52 53 55 56 62 75 78 116 138 154 136 139 153 115 95 83 98 110 123 141 131 123 140 136 133 139 154 174 135 123 123 128 137 138 135 143 155 180 188
