testdata/Hispaniola_WorldClim/snv_17.asc
ncols         743
nrows         319
xllcorner     -74.500956448335
yllcorner     17.448920549066
cellsize      0.0083333333333333
NODATA_value  -9999
[rows 120 to 159 of 319, columns 450 to 539 of 743]
146 149 156 175 179 181 183 195 197 205 221 232 234 236 235 242 238 238 238 231 224 206 228 181 164 183 207 227 225 198 195 233 256 239 246 260 260 261 261 262 263 258 258 259 258 256 256 255 255 255 254 254 254 254 254 254 255 253 253 252 252 252 253 253 252 252 252 253 253 255 255 255 258 259 261 263 265 268 268 269 266 266 269 271 272 274 275 274 275 274
140 140 147 156 157 160 163 194 203 216 225 224 228 224 222 224 212 220 221 169 158 159 180 181 162 162 178 225 241 236 203 207 240 247 248 261 260 263 262 261 259 261 265 266 262 258 258 256 256 256 256 256 256 255 255 255 255 256 255 254 254 253 253 253 253 252 253 253 253 255 255 257 258 259 261 263 265 268 269 271 272 269 269 269 272 272 275 275 274 276
156 145 149 157 170 182 191 206 211 219 208 205 208 176 162 189 179 155 179 167 159 159 157 158 169 160 162 198 237 250 244 231 240 248 255 260 262 263 265 262 262 265 266 269 265 262 259 259 259 259 259 257 257 257 258 258 259 262 258 255 255 255 254 254 254 254 253 253 254 254 255 257 258 259 261 263 265 268 270 270 270 269 270 272 272 275 278 278 278 277
161 177 185 177 185 192 186 207 187 152 155 144 144 145 149 182 152 159 175 163 153 155 160 156 157 157 161 161 197 239 254 245 255 257 259 261 261 261 263 263 264 269 270 272 265 264 262 260 262 263 260 259 259 258 258 262 271 263 260 258 258 256 255 254 255 254 253 254 254 254 256 257 257 259 261 263 265 267 268 270 269 269 269 270 269 269 273 276 277 276
142 141 153 146 176 158 138 152 161 139 149 148 144 144 149 158 148 159 176 174 158 154 154 164 165 157 159 160 162 205 245 255 256 257 261 262 262 262 263 262 266 269 272 275 274 272 268 264 269 270 270 263 261 261 261 261 271 263 261 259 266 259 257 257 256 256 256 254 255 255 256 256 257 258 260 262 263 266 268 270 270 269 272 269 270 270 273 273 276 285
136 133 137 135 144 150 137 144 144 137 144 141 141 140 146 152 145 148 157 174 156 151 151 160 167 160 156 159 162 196 251 255 256 261 262 264 263 265 264 265 270 272 273 275 273 276 267 267 269 272 267 266 264 264 262 263 265 270 263 263 264 260 259 260 258 256 256 255 255 255 256 255 255 258 259 261 263 264 266 269 270 273 271 270 270 270 273 274 282 285
132 131 142 134 133 133 134 139 134 138 143 139 138 139 141 146 143 144 146 163 153 149 150 161 168 158 158 158 158 164 191 206 254 256 263 264 266 265 266 267 270 274 276 278 273 277 274 274 276 279 272 267 267 264 265 265 265 265 270 272 265 262 260 261 258 257 256 255 256 255 255 254 254 257 258 261 263 264 266 269 269 272 273 270 270 270 273 275 282 283
133 129 135 136 135 132 141 150 147 152 150 143 143 143 138 140 142 141 143 156 149 149 148 149 152 153 155 160 159 159 178 205 244 244 262 267 267 268 268 271 271 277 279 278 275 272 279 281 281 281 272 270 268 271 273 269 268 267 268 268 265 265 266 266 260 257 257 259 263 261 260 257 253 254 257 260 261 263 265 267 269 271 273 273 270 270 272 279 279 281
140 140 130 133 136 141 146 156 160 152 147 146 144 146 137 137 138 139 141 152 144 147 146 148 149 151 153 160 158 157 182 224 253 257 264 269 270 271 270 273 274 279 281 281 283 278 280 283 278 275 273 272 270 272 277 276 273 277 271 270 268 268 266 268 269 258 258 263 269 267 267 260 255 253 256 259 261 263 265 267 269 270 272 271 271 270 273 275 275 278
143 146 137 132 141 152 161 157 155 153 150 144 140 139 136 137 136 139 139 155 144 143 146 147 149 149 150 157 158 156 156 174 228 254 259 270 272 272 273 276 277 281 283 285 284 283 280 277 282 278 275 273 277 282 279 280 277 275 278 277 270 268 266 266 267 262 261 261 271 269 265 259 257 259 259 259 261 263 265 267 267 269 271 273 271 270 271 273 275 276
146 149 142 143 141 149 158 152 149 144 148 143 140 140 136 134 135 137 137 151 142 143 145 146 148 149 149 152 155 153 156 164 208 244 258 271 275 275 276 277 280 280 284 286 287 286 287 277 283 285 281 282 280 282 277 274 264 266 274 279 270 269 265 265 264 263 261 261 271 271 268 262 258 267 265 260 262 263 265 266 267 267 271 273 271 269 266 272 273 275
153 148 156 151 151 154 156 156 147 140 138 137 135 135 133 133 132 134 138 144 141 149 149 147 147 150 149 150 151 152 164 167 191 233 245 266 276 278 279 281 283 283 285 285 285 285 290 270 272 279 281 286 287 286 284 284 283 275 281 279 279 272 267 266 264 263 263 264 270 271 269 262 265 266 263 260 262 263 265 266 267 268 270 271 271 270 264 266 267 270
153 153 160 155 157 157 161 149 144 147 144 141 137 137 137 135 132 133 135 142 141 142 141 142 143 144 147 152 154 153 172 186 188 211 245 266 278 280 282 285 288 286 289 289 288 288 287 289 286 281 287 289 287 280 280 285 277 283 283 282 277 275 267 266 266 264 264 264 269 272 268 266 264 265 262 262 263 263 266 267 267 268 270 271 271 270 266 264 267 273
155 155 159 155 158 160 154 152 156 152 147 145 139 139 130 129 129 131 138 135 138 139 140 140 146 152 154 151 149 149 159 205 212 227 251 265 280 283 285 288 291 287 292 294 291 289 289 289 287 290 291 288 289 285 280 284 285 281 281 274 273 270 268 268 266 273 268 267 272 269 268 266 266 266 262 263 264 265 266 267 267 269 270 271 270 268 266 260 264 270
157 157 157 155 159 163 165 158 154 147 144 135 134 129 125 126 127 129 131 132 134 137 137 139 143 148 144 148 160 152 165 180 182 202 224 265 280 285 288 290 276 282 294 295 296 287 292 292 295 287 287 291 290 290 284 279 276 281 285 283 273 273 270 274 273 277 277 272 274 269 266 264 265 265 264 264 265 267 267 267 267 269 269 270 270 268 264 256 257 264
163 158 152 152 149 143 153 155 150 139 138 128 121 120 122 124 126 127 129 130 135 138 135 138 141 146 144 168 196 191 189 168 226 243 240 259 281 286 290 293 285 274 268 296 297 298 297 294 287 290 290 292 281 283 284 281 277 276 287 273 274 276 273 280 279 279 270 277 276 271 268 267 265 265 265 265 266 266 268 267 267 269 267 267 269 269 266 261 256 264
161 163 152 152 143 137 138 146 141 136 128 121 126 122 122 123 123 130 127 129 131 132 134 136 137 145 160 178 201 173 190 233 243 250 244 255 283 288 292 295 297 296 282 298 298 296 298 296 280 296 293 295 283 281 290 290 288 279 275 275 276 284 283 280 273 266 268 265 274 274 271 268 268 267 266 266 266 267 269 268 269 269 267 263 268 268 261 251 260 266
150 151 154 157 145 134 133 139 137 130 128 123 128 126 126 120 125 124 127 127 129 130 133 137 138 143 149 167 166 148 170 233 236 211 228 248 277 288 294 297 299 299 299 299 298 298 298 297 299 298 293 289 294 285 285 281 284 285 277 276 276 279 281 273 262 260 270 264 272 277 272 270 269 268 267 267 268 269 268 269 270 269 268 264 263 267 259 245 255 262
147 149 150 141 138 131 128 128 133 137 130 128 128 131 125 123 126 129 133 129 131 144 152 154 153 148 140 141 145 151 186 211 193 186 204 259 275 288 295 300 302 302 302 302 290 297 295 295 294 296 288 286 286 290 290 292 287 289 277 276 276 278 283 282 276 272 272 270 272 273 276 271 269 268 269 269 269 269 269 270 270 269 269 268 265 264 261 254 249 257
142 142 136 140 134 131 131 124 129 139 133 135 130 134 131 131 140 140 133 134 146 155 171 165 155 145 143 144 143 147 164 192 150 177 231 247 277 288 295 302 305 307 306 305 280 297 295 295 294 290 289 289 286 285 284 293 292 283 277 276 278 277 277 277 282 281 280 275 275 273 273 272 271 270 270 270 269 270 270 270 270 269 269 270 266 261 261 257 253 252
133 130 133 139 139 136 125 121 121 124 137 138 141 141 151 148 142 151 142 144 160 168 160 168 148 158 158 160 146 142 165 188 149 183 236 247 275 288 297 302 306 310 308 306 304 301 298 295 293 291 298 289 293 285 284 283 286 289 279 278 279 280 279 278 279 278 280 279 280 277 278 275 271 272 272 272 271 271 271 271 270 270 269 270 267 261 258 260 257 258
129 124 133 142 148 148 131 128 122 119 119 124 125 131 134 151 156 159 154 159 160 169 168 172 155 155 142 145 142 146 157 153 166 217 233 264 276 290 295 300 305 308 308 307 305 301 298 296 301 295 298 293 293 287 283 283 280 280 279 279 282 285 280 280 283 283 281 281 280 279 278 277 272 272 273 274 273 273 272 271 271 270 270 268 268 266 263 258 254 258
121 118 133 123 135 137 140 134 126 124 127 135 125 117 128 131 128 146 157 173 171 160 152 148 139 142 140 140 143 139 142 143 173 188 211 249 275 285 290 296 302 305 307 305 304 303 286 290 295 286 298 269 294 292 290 288 281 280 279 279 288 287 285 279 279 280 282 282 280 277 277 278 275 274 274 274 274 274 273 271 272 271 271 270 268 268 263 258 254 263
115 117 115 118 120 118 123 129 131 128 133 141 136 130 128 130 118 143 151 162 162 154 149 146 152 146 150 145 153 148 142 167 205 209 229 261 275 282 288 293 298 301 303 303 302 302 300 271 284 269 275 254 260 295 287 283 283 284 284 282 286 286 286 286 285 284 282 281 279 278 276 276 276 276 275 275 274 274 273 272 272 271 271 271 269 267 266 260 257 261
114 109 111 111 112 114 125 128 131 128 138 132 131 136 152 136 120 128 156 156 148 140 140 133 142 130 135 144 138 138 164 153 176 219 241 258 273 278 283 288 293 297 298 299 299 299 300 296 256 263 251 245 252 288 289 285 285 286 285 282 282 282 282 283 284 284 283 282 281 281 278 278 276 278 277 277 275 274 274 273 273 270 270 270 268 269 268 266 265 261
108 111 114 112 113 116 120 129 143 143 152 150 138 156 153 136 120 128 139 137 125 122 153 162 161 166 158 176 159 166 157 193 221 227 258 263 268 273 278 283 289 293 294 296 297 297 297 296 264 251 248 251 258 285 286 286 288 287 287 287 283 282 283 283 283 284 284 283 281 281 279 278 278 278 277 275 275 272 274 273 273 271 270 270 267 266 266 268 267 262
111 114 113 114 115 121 128 140 152 150 156 158 155 146 128 119 117 126 158 132 140 178 194 199 200 208 209 206 213 212 199 175 204 242 254 259 263 268 274 279 278 287 290 293 293 294 295 293 291 272 257 280 289 292 292 285 290 288 288 286 287 283 283 285 286 274 266 271 275 281 274 279 279 278 278 275 269 270 272 271 270 270 271 270 269 266 265 268 268 266
123 116 123 131 133 134 140 146 163 156 154 149 140 130 143 145 140 114 118 132 121 143 159 136 155 168 187 212 211 212 224 218 223 233 234 246 252 261 267 250 258 250 264 286 290 291 291 291 289 287 291 291 289 288 282 274 290 272 261 285 287 285 284 284 285 282 266 266 277 277 259 268 279 278 276 276 270 273 272 272 272 271 270 270 270 270 268 266 268 268
140 127 118 119 142 142 146 152 165 161 155 140 150 128 150 162 158 153 144 119 122 154 135 126 130 136 137 169 191 187 196 217 236 212 225 240 248 260 252 251 241 253 273 284 286 287 288 288 286 283 289 286 286 283 266 260 285 286 269 251 280 287 286 286 282 268 261 259 257 256 259 266 268 260 262 272 271 268 272 272 272 269 271 271 270 271 267 268 267 267
163 139 124 124 126 133 141 142 151 163 158 159 155 145 147 157 178 174 120 117 125 147 130 136 127 150 181 198 206 210 212 220 220 220 221 234 233 229 229 239 232 238 255 280 282 283 285 286 286 282 287 286 287 287 281 266 278 258 280 258 253 280 287 285 280 275 275 271 261 271 268 275 274 272 276 264 267 267 261 265 271 264 264 267 271 270 268 268 268 267
163 146 136 139 131 143 148 141 153 158 168 170 166 160 169 176 176 162 148 138 121 123 150 137 132 129 139 194 196 207 209 216 211 216 217 228 222 221 224 226 233 247 270 275 273 279 281 281 283 284 284 284 285 285 275 248 250 257 272 247 243 259 284 278 280 283 283 280 274 274 274 270 281 279 274 264 260 271 271 273 270 268 264 272 271 270 269 268 268 266
149 166 145 146 154 152 160 160 151 155 162 173 170 176 177 180 168 165 150 128 123 137 145 145 142 129 129 153 175 194 204 211 207 214 216 218 222 223 222 225 233 242 247 251 268 273 276 278 279 279 281 282 284 283 281 259 244 246 264 242 224 253 260 270 283 283 281 283 283 280 280 275 280 280 267 265 262 271 276 275 274 272 272 272 270 270 269 268 267 265
160 170 158 152 154 166 169 167 166 162 166 175 190 185 188 183 188 185 153 131 138 160 148 179 163 143 129 133 159 166 202 208 208 185 213 215 210 219 220 221 225 226 229 242 259 264 268 268 276 279 279 280 280 282 282 275 264 247 259 245 234 254 269 275 282 283 283 283 283 283 280 281 280 280 272 274 269 260 277 276 276 274 274 272 271 270 268 267 266 265
173 177 175 158 170 173 182 183 174 173 179 191 196 191 199 204 197 180 178 161 156 177 194 185 155 145 136 130 133 137 194 205 207 201 202 215 186 195 192 206 204 222 228 242 238 262 266 268 271 268 270 277 279 273 280 280 273 245 247 248 242 243 275 269 280 282 281 281 282 283 283 283 281 281 281 278 271 271 277 276 275 274 274 271 271 270 268 267 266 262
169 169 179 173 185 193 185 185 188 191 196 203 206 202 209 212 210 203 191 182 186 191 194 191 172 168 151 130 132 135 183 178 205 206 188 210 189 161 188 198 209 223 225 228 227 244 258 258 269 266 268 274 277 275 272 276 275 273 232 242 252 267 269 276 279 273 272 281 276 278 281 283 281 281 281 280 278 278 276 273 274 275 272 271 271 270 268 267 266 263
151 160 153 167 167 184 197 200 194 200 200 216 212 223 229 221 208 207 200 196 186 179 184 187 175 162 151 140 141 134 146 184 201 205 179 182 197 171 164 162 196 216 221 223 225 232 244 253 264 246 255 268 272 273 256 273 265 270 250 231 236 260 273 276 278 266 271 266 266 270 259 270 281 282 280 281 279 277 277 277 275 275 271 267 271 268 268 267 264 263
134 139 152 155 166 181 190 200 201 199 206 206 210 217 215 222 230 209 202 188 178 174 168 172 174 165 154 143 146 133 141 172 153 169 209 196 167 161 153 151 191 182 212 216 222 225 242 248 253 239 238 254 270 269 268 255 271 254 261 237 229 246 263 273 276 268 274 269 280 279 273 280 281 277 281 275 272 265 259 276 274 269 268 265 264 266 267 266 264 263
155 160 162 164 158 166 190 202 209 207 206 203 198 211 203 206 209 224 205 183 165 164 152 155 171 175 166 152 151 134 134 161 136 157 181 209 165 154 154 148 150 158 173 192 219 223 228 231 230 247 255 244 265 265 262 237 265 260 248 256 254 232 245 265 268 271 271 278 281 275 274 276 260 269 275 278 279 279 278 274 263 261 269 270 267 268 267 265 263 262
160 166 159 170 174 186 200 209 209 205 203 200 200 206 201 200 206 218 204 188 171 159 145 142 142 149 151 145 151 147 139 139 142 140 158 204 164 145 150 149 148 150 159 182 198 219 226 227 224 239 252 256 250 252 251 238 257 265 262 263 263 248 229 247 254 265 274 276 277 268 258 256 264 270 276 278 279 279 279 276 267 266 268 272 270 268 267 263 262 261
150 168 169 176 199 199 205 202 202 209 198 197 199 198 194 191 198 202 207 197 186 174 159 137 129 135 145 140 151 154 150 149 136 139 148 194 151 146 150 156 148 150 163 195 219 219 220 221 225 239 248 252 234 227 231 246 257 262 265 265 266 266 256 233 247 233 258 269 276 274 261 240 244 246 251 258 268 273 277 277 275 274 272 270 269 269 265 263 262 260
