testdata/Hispaniola_WorldClim/snv_7.asc
ncols         743
nrows         319
xllcorner     -74.500956448335
yllcorner     17.448920549066
cellsize      0.0083333333333333
NODATA_value  -9999
[rows 78 to 116 of 319, columns 528 to 615 of 743]
131 130 129 129 128 128 126 125 127 126 125 125 124 124 124 122 123 122 122 121 121 120 119 119 119 119 119 -9999 -9999 -9999 -9999 -9999 -9999 -9999 -9999 -9999 -9999 -9999 -9999 -9999 -9999 -9999 -9999 -9999 -9999 -9999 -9999 -9999 -9999 -9999 -9999 -9999 -9999 -9999 -9999 -9999 -9999 -9999 -9999 -9999 -9999 -9999 -9999 -9999 -9999 -9999 -9999 -9999 -9999 -9999 -9999 -9999 -9999 -9999 -9999 -9999 -9999 -9999 -9999 -9999 -9999 -9999 -9999 -9999 -9999 -9999 -9999 -9999
129 129 129 129 129 128 127 127 128 126 125 125 125 125 124 124 123 122 122 121 121 121 120 119 119 119 119 119 -9999 -9999 -9999 -9999 -9999 -9999 -9999 -9999 -9999 -9999 -9999 -9999 -9999 -9999 -9999 -9999 -9999 -9999 -9999 -9999 -9999 -9999 -9999 -9999 -9999 -9999 -9999 -9999 -9999 -9999 -9999 -9999 -9999 -9999 -9999 -9999 -9999 -9999 -9999 -9999 -9999 -9999 -9999 -9999 -9999 -9999 -9999 -9999 -9999 -9999 -9999 -9999 -9999 -9999 -9999 -9999 -9999 -9999 -9999 -9999
129 129 129 129 129 127 126 127 125 126 126 126 125 124 124 124 124 123 123 123 122 121 121 120 120 119 119 119 -9999 -9999 -9999 -9999 -9999 -9999 -9999 -9999 -9999 -9999 -9999 -9999 -9999 -9999 -9999 -9999 -9999 -9999 -9999 -9999 -9999 -9999 -9999 -9999 -9999 -9999 -9999 -9999 -9999 -9999 -9999 -9999 -9999 -9999 -9999 -9999 -9999 -9999 -9999 -9999 -9999 -9999 -9999 -9999 -9999 -9999 -9999 -9999 -9999 -9999 -9999 -9999 -9999 -9999 -9999 -9999 -9999 -9999 -9999 -9999
131 129 129 131 129 129 128 127 127 125 126 126 124 124 125 124 124 124 123 122 122 122 121 121 121 120 119 119 -9999 -9999 -9999 -9999 -9999 -9999 -9999 -9999 -9999 -9999 -9999 -9999 -9999 -9999 -9999 -9999 -9999 -9999 -9999 -9999 -9999 -9999 -9999 -9999 -9999 -9999 -9999 -9999 -9999 -9999 -9999 -9999 -9999 -9999 -9999 -9999 -9999 -9999 -9999 -9999 -9999 -9999 -9999 -9999 -9999 -9999 -9999 -9999 -9999 -9999 -9999 -9999 -9999 -9999 -9999 -9999 -9999 -9999 -9999 -9999
130 129 130 131 130 129 128 128 126 127 125 126 125 124 126 124 124 123 123 123 123 123 123 122 122 122 119 119 119 -9999 -9999 -9999 -9999 -9999 -9999 -9999 -9999 -9999 -9999 -9999 -9999 -9999 -9999 -9999 -9999 -9999 -9999 -9999 -9999 -9999 -9999 -9999 -9999 -9999 -9999 -9999 -9999 -9999 -9999 -9999 -9999 -9999 -9999 -9999 -9999 -9999 -9999 -9999 -9999 -9999 -9999 -9999 -9999 -9999 -9999 -9999 -9999 -9999 -9999 -9999 -9999 -9999 -9999 -9999 -9999 -9999 -9999 -9999
132 130 131 132 132 131 129 129 128 128 128 126 126 125 126 125 125 124 124 123 124 123 123 122 122 122 122 120 120 120 -9999 -9999 -9999 -9999 -9999 -9999 -9999 -9999 -9999 -9999 -9999 -9999 -9999 -9999 -9999 -9999 -9999 -9999 -9999 -9999 -9999 -9999 -9999 -9999 -9999 -9999 -9999 -9999 -9999 -9999 -9999 -9999 -9999 -9999 -9999 -9999 -9999 -9999 -9999 -9999 -9999 -9999 -9999 -9999 -9999 -9999 -9999 -9999 -9999 -9999 -9999 -9999 -9999 -9999 -9999 -9999 -9999 -9999
132 132 132 132 132 131 129 129 128 128 128 126 126 126 126 126 126 126 125 125 124 122 122 122 122 121 121 121 121 119 -9999 -9999 -9999 -9999 -9999 -9999 -9999 -9999 -9999 -9999 -9999 -9999 -9999 -9999 -9999 -9999 -9999 -9999 -9999 -9999 -9999 -9999 -9999 -9999 -9999 -9999 -9999 -9999 -9999 -9999 -9999 -9999 -9999 -9999 -9999 -9999 -9999 -9999 -9999 -9999 -9999 -9999 -9999 -9999 -9999 -9999 -9999 -9999 -9999 -9999 -9999 -9999 -9999 -9999 -9999 -9999 -9999 -9999
132 132 132 132 131 131 131 131 128 129 128 127 127 126 126 126 125 125 126 125 126 125 123 123 122 122 122 121 121 120 120 -9999 -9999 -9999 -9999 -9999 -9999 -9999 -9999 -9999 -9999 -9999 -9999 -9999 -9999 -9999 -9999 -9999 -9999 -9999 -9999 -9999 -9999 -9999 -9999 -9999 -9999 -9999 -9999 -9999 -9999 -9999 -9999 -9999 -9999 -9999 -9999 -9999 -9999 -9999 -9999 -9999 -9999 -9999 -9999 -9999 -9999 -9999 -9999 -9999 -9999 -9999 -9999 -9999 -9999 -9999 -9999 -9999
135 134 132 132 131 131 131 132 129 128 129 127 127 127 126 126 127 126 125 126 126 126 126 126 125 125 123 122 121 121 120 -9999 -9999 -9999 -9999 -9999 -9999 -9999 -9999 -9999 -9999 -9999 -9999 -9999 -9999 -9999 -9999 -9999 -9999 -9999 -9999 -9999 -9999 -9999 -9999 -9999 -9999 -9999 -9999 -9999 -9999 -9999 -9999 -9999 -9999 -9999 -9999 -9999 -9999 -9999 -9999 -9999 -9999 -9999 -9999 -9999 -9999 -9999 -9999 -9999 -9999 -9999 -9999 -9999 -9999 -9999 -9999 -9999
136 135 132 132 132 132 132 132 131 131 129 129 128 128 126 127 127 126 126 128 126 125 126 125 125 125 125 124 122 120 120 -9999 -9999 -9999 -9999 -9999 -9999 -9999 -9999 -9999 -9999 -9999 -9999 -9999 -9999 -9999 -9999 -9999 -9999 -9999 -9999 -9999 -9999 -9999 -9999 -9999 -9999 -9999 -9999 -9999 -9999 -9999 -9999 -9999 -9999 -9999 -9999 -9999 -9999 -9999 -9999 -9999 -9999 -9999 -9999 -9999 -9999 -9999 -9999 -9999 -9999 -9999 -9999 -9999 -9999 -9999 -9999 -9999
141 137 135 134 131 131 132 131 131 131 129 129 129 128 127 127 128 127 126 127 126 126 125 125 126 126 125 125 123 122 120 120 -9999 -9999 -9999 -9999 -9999 -9999 -9999 -9999 -9999 -9999 -9999 -9999 -9999 -9999 -9999 -9999 -9999 -9999 -9999 -9999 -9999 -9999 -9999 -9999 -9999 -9999 -9999 -9999 -9999 -9999 -9999 -9999 -9999 -9999 -9999 -9999 -9999 -9999 -9999 -9999 -9999 -9999 -9999 -9999 -9999 -9999 -9999 -9999 -9999 -9999 -9999 -9999 -9999 -9999 -9999 -9999
143 146 137 134 133 132 132 132 130 130 132 129 129 129 128 128 129 128 128 128 126 127 127 126 127 127 125 123 123 121 120 121 120 -9999 -9999 -9999 -9999 -9999 -9999 -9999 -9999 -9999 -9999 -9999 -9999 -9999 -9999 -9999 -9999 -9999 -9999 -9999 -9999 -9999 -9999 -9999 -9999 -9999 -9999 -9999 -9999 -9999 -9999 -9999 -9999 -9999 -9999 -9999 -9999 -9999 -9999 -9999 -9999 -9999 -9999 -9999 -9999 -9999 -9999 -9999 -9999 -9999 -9999 -9999 -9999 -9999 -9999 -9999
149 143 139 137 133 133 131 131 131 131 133 131 129 129 129 130 128 127 129 129 128 128 129 127 128 128 126 124 125 122 122 120 121 121 -9999 -9999 -9999 -9999 -9999 -9999 -9999 -9999 -9999 -9999 -9999 -9999 -9999 -9999 -9999 -9999 -9999 -9999 -9999 -9999 -9999 -9999 -9999 -9999 -9999 -9999 -9999 -9999 -9999 -9999 -9999 -9999 -9999 -9999 -9999 -9999 -9999 -9999 -9999 -9999 -9999 -9999 -9999 -9999 -9999 -9999 -9999 -9999 -9999 -9999 -9999 -9999 -9999 -9999
148 149 146 140 137 134 133 133 132 132 132 134 133 131 131 129 130 130 130 129 129 128 128 128 128 126 126 124 123 122 122 122 122 121 121 -9999 -9999 -9999 -9999 -9999 -9999 -9999 -9999 -9999 -9999 -9999 -9999 -9999 -9999 -9999 -9999 -9999 -9999 -9999 -9999 -9999 -9999 -9999 -9999 -9999 -9999 -9999 -9999 -9999 -9999 -9999 -9999 -9999 -9999 -9999 -9999 -9999 -9999 -9999 -9999 -9999 -9999 -9999 -9999 -9999 -9999 -9999 -9999 -9999 -9999 -9999 -9999 -9999
144 144 146 146 139 135 133 133 133 132 134 134 133 132 131 131 135 138 136 135 131 132 127 127 128 126 124 124 123 123 122 122 122 122 122 121 -9999 -9999 -9999 -9999 -9999 -9999 -9999 -9999 -9999 -9999 -9999 -9999 -9999 -9999 -9999 -9999 -9999 -9999 -9999 -9999 -9999 -9999 -9999 -9999 -9999 -9999 -9999 -9999 -9999 -9999 -9999 -9999 -9999 -9999 -9999 -9999 -9999 -9999 -9999 -9999 -9999 -9999 -9999 -9999 -9999 -9999 -9999 -9999 -9999 -9999 -9999 -9999
139 141 138 137 136 137 138 137 137 139 139 139 136 136 134 132 134 138 139 138 139 137 134 129 127 126 124 125 122 123 123 122 122 122 122 122 -9999 -9999 -9999 -9999 -9999 -9999 -9999 -9999 -9999 -9999 -9999 -9999 -9999 -9999 -9999 -9999 -9999 -9999 -9999 -9999 -9999 -9999 -9999 -9999 -9999 -9999 -9999 -9999 -9999 -9999 -9999 -9999 -9999 -9999 120 120 -9999 -9999 -9999 -9999 -9999 -9999 -9999 -9999 -9999 -9999 -9999 -9999 -9999 -9999 -9999 -9999
136 136 136 137 137 137 139 136 141 141 143 143 143 140 140 140 137 134 136 141 141 138 134 131 127 126 125 124 125 124 124 124 123 122 123 122 121 -9999 -9999 -9999 -9999 -9999 -9999 -9999 -9999 -9999 -9999 -9999 -9999 -9999 -9999 -9999 -9999 -9999 -9999 -9999 -9999 -9999 -9999 -9999 -9999 -9999 -9999 -9999 -9999 120 121 121 120 120 121 120 120 120 121 120 120 120 120 121 -9999 -9999 121 -9999 -9999 -9999 -9999 -9999
136 136 135 135 136 135 134 136 138 138 140 141 143 143 144 144 139 134 134 134 135 134 130 129 127 127 125 125 125 125 125 124 124 123 122 122 123 122 -9999 -9999 -9999 -9999 -9999 -9999 -9999 -9999 -9999 -9999 -9999 -9999 -9999 -9999 -9999 -9999 -9999 -9999 -9999 -9999 -9999 -9999 -9999 -9999 -9999 121 121 121 121 122 120 121 121 121 123 121 122 120 120 121 121 121 121 121 123 121 121 -9999 -9999 -9999
137 139 137 137 137 136 135 135 135 135 136 138 137 139 143 141 138 137 134 132 131 130 129 128 126 125 125 125 125 125 125 125 125 125 124 124 123 124 123 -9999 -9999 -9999 -9999 -9999 -9999 -9999 -9999 -9999 -9999 -9999 -9999 -9999 -9999 -9999 -9999 -9999 -9999 -9999 -9999 -9999 -9999 -9999 121 120 121 122 121 122 123 123 122 124 124 124 122 122 121 121 123 120 121 123 124 126 122 124 121 122
138 137 138 139 140 139 139 137 135 134 136 136 134 134 137 137 137 134 134 132 130 129 128 128 128 128 127 127 126 125 125 125 125 125 125 125 125 124 124 123 -9999 -9999 -9999 -9999 -9999 -9999 -9999 -9999 -9999 -9999 -9999 -9999 -9999 122 122 122 122 122 122 121 121 121 120 122 124 124 124 124 125 127 126 128 124 125 126 124 124 123 123 121 122 122 124 125 124 124 126 131
140 137 139 139 138 141 141 141 139 138 139 135 133 134 134 134 137 134 133 130 130 129 128 128 128 128 128 127 126 127 126 125 125 125 125 125 125 125 124 123 123 124 123 -9999 -9999 -9999 -9999 -9999 -9999 -9999 -9999 -9999 126 129 128 128 125 127 128 125 127 124 124 127 127 125 125 127 127 127 127 127 128 127 127 125 124 125 124 123 122 124 124 127 126 124 125 125
137 139 140 138 139 139 140 142 143 144 143 141 141 137 136 135 133 132 130 130 130 129 128 128 128 128 128 128 128 127 127 127 126 125 125 125 126 125 125 125 124 125 123 124 122 122 -9999 122 123 124 123 123 133 131 131 131 132 132 131 132 130 132 132 131 132 132 133 133 131 131 131 131 129 128 127 126 127 127 126 123 123 124 128 128 128 127 126 125
139 138 138 139 139 140 141 143 140 143 143 144 144 143 143 141 139 134 130 132 130 130 129 129 129 128 127 127 128 128 127 127 127 127 126 126 126 126 126 125 125 124 124 124 125 125 125 125 125 124 132 136 134 134 136 137 136 136 135 135 135 135 135 136 135 136 136 135 135 134 133 133 133 131 131 131 130 130 127 129 129 130 133 132 130 132 130 131
139 139 139 139 140 139 141 140 141 140 141 145 142 141 140 139 140 139 133 132 131 131 131 130 130 128 129 127 127 128 128 127 127 126 127 127 126 126 126 126 125 125 125 125 124 125 124 126 128 129 137 138 138 139 140 138 139 139 138 137 137 137 136 137 136 136 138 134 134 135 133 135 132 132 132 131 129 130 130 131 132 133 135 132 130 133 133 131
139 139 139 138 139 140 140 139 140 141 140 141 139 141 140 139 141 139 139 136 135 134 132 131 130 130 130 128 128 128 129 128 126 127 126 127 127 127 126 126 125 124 124 124 124 125 125 125 125 128 131 132 132 135 135 136 137 139 139 139 137 136 137 138 138 139 139 139 139 135 135 134 132 132 130 129 130 131 131 131 132 133 133 136 131 132 132 133
139 139 139 138 138 138 139 139 140 140 140 139 139 139 139 139 139 139 138 136 134 133 135 134 134 131 130 129 128 129 129 128 128 126 126 127 126 128 126 127 126 126 125 124 124 124 126 126 125 125 124 127 127 129 127 127 129 134 136 138 137 138 138 138 136 135 136 133 137 134 134 133 133 131 130 130 131 130 131 131 131 132 135 134 133 133 134 133
139 139 139 138 139 139 139 138 139 139 140 137 139 137 138 138 136 137 137 136 135 134 134 132 135 133 130 130 130 129 129 128 128 128 126 126 128 127 128 127 127 126 126 124 124 125 124 125 126 124 124 124 125 125 125 125 126 127 125 134 132 132 134 135 136 138 135 135 131 130 131 133 134 132 132 132 134 133 131 133 133 134 135 136 135 134 133 134
139 139 139 139 138 138 139 140 139 140 139 138 138 139 138 137 137 136 136 137 136 134 133 133 136 135 133 131 131 129 129 129 128 128 127 127 127 127 128 127 127 127 126 125 124 126 126 126 125 125 125 124 124 124 123 125 125 125 125 125 125 125 125 126 128 124 129 124 125 127 129 131 134 133 133 133 134 134 134 134 134 134 133 133 133 131 131 131
139 139 139 139 140 139 138 139 138 139 139 138 139 139 136 137 136 136 135 135 135 133 134 132 135 134 133 133 132 129 129 129 129 128 128 127 127 128 127 127 127 127 127 126 126 126 126 126 126 126 125 124 125 125 125 123 124 -9999 -9999 -9999 -9999 124 125 124 124 123 124 124 123 123 123 123 123 124 125 129 134 132 134 132 131 131 132 133 134 130 130 129
140 140 139 139 139 140 139 140 138 139 139 139 139 139 136 138 136 137 137 135 135 133 134 133 133 133 133 132 131 129 129 130 129 129 129 128 127 127 127 127 127 127 127 127 126 126 127 126 126 126 126 126 125 124 125 124 125 -9999 -9999 -9999 -9999 -9999 -9999 -9999 -9999 -9999 -9999 -9999 -9999 -9999 124 -9999 123 123 123 123 123 126 132 130 126 130 130 129 129 129 129 131
139 139 139 140 139 140 139 140 139 138 139 137 138 137 137 137 135 136 137 136 134 135 134 134 134 132 133 132 132 129 130 131 130 130 129 129 129 128 127 127 127 127 127 127 127 126 127 127 127 127 125 126 126 125 124 124 125 -9999 -9999 -9999 -9999 -9999 -9999 -9999 -9999 -9999 -9999 -9999 -9999 -9999 -9999 -9999 -9999 -9999 -9999 -9999 -9999 -9999 124 125 126 128 127 125 127 129 127 127
141 141 141 139 139 140 139 138 138 139 139 138 139 139 137 137 137 135 136 134 135 135 134 133 133 133 132 132 132 131 131 130 130 130 130 129 129 129 129 128 127 127 127 127 127 126 126 127 127 126 127 127 126 125 125 125 124 -9999 -9999 -9999 -9999 -9999 -9999 -9999 -9999 -9999 -9999 -9999 -9999 -9999 -9999 -9999 -9999 -9999 -9999 -9999 -9999 -9999 -9999 -9999 124 123 123 123 123 -9999 -9999 -9999
141 141 140 141 140 138 140 140 140 138 139 138 137 137 137 136 136 135 136 135 135 134 134 133 133 134 132 132 132 132 132 132 130 130 130 130 130 130 129 129 129 128 128 127 127 127 126 127 126 127 127 127 126 126 125 124 124 -9999 -9999 -9999 -9999 -9999 -9999 -9999 -9999 -9999 -9999 -9999 -9999 -9999 -9999 -9999 -9999 -9999 -9999 -9999 -9999 -9999 -9999 -9999 -9999 -9999 -9999 -9999 -9999 -9999 -9999 -9999
141 141 141 141 141 140 140 139 139 138 138 138 138 137 137 136 136 136 136 135 135 135 134 134 134 134 134 133 132 132 132 132 132 131 131 130 130 130 130 129 129 129 128 128 128 127 127 127 127 126 126 126 126 126 126 125 125 -9999 -9999 -9999 -9999 -9999 -9999 -9999 -9999 -9999 -9999 -9999 -9999 -9999 -9999 -9999 -9999 -9999 -9999 -9999 -9999 -9999 -9999 -9999 -9999 -9999 -9999 -9999 -9999 -9999 -9999 -9999
141 141 141 141 140 140 140 140 140 139 138 138 138 138 138 137 136 136 135 135 136 134 134 134 134 134 134 134 133 132 132 132 132 131 132 131 131 130 130 130 129 129 129 128 129 129 128 127 127 127 127 127 127 127 126 126 126 -9999 -9999 -9999 -9999 -9999 -9999 -9999 -9999 -9999 -9999 -9999 -9999 -9999 -9999 -9999 -9999 -9999 -9999 -9999 -9999 -9999 -9999 -9999 -9999 -9999 -9999 -9999 -9999 -9999 -9999 -9999
142 141 141 140 140 140 139 139 139 139 138 138 138 137 137 138 137 136 136 135 135 135 135 134 134 134 134 134 134 133 132 132 133 132 131 131 131 131 130 130 130 129 129 129 129 129 129 129 128 127 127 127 127 128 127 126 -9999 -9999 -9999 -9999 -9999 -9999 -9999 -9999 -9999 -9999 -9999 -9999 -9999 -9999 -9999 -9999 -9999 -9999 -9999 -9999 -9999 -9999 -9999 -9999 -9999 -9999 -9999 -9999 -9999 -9999 -9999 -9999
141 140 140 140 140 141 139 139 140 139 139 138 138 138 138 137 137 136 136 136 135 135 135 135 134 134 134 134 134 134 134 133 133 133 133 131 132 131 130 130 130 130 130 129 129 129 129 129 128 127 127 127 127 127 127 127 -9999 -9999 -9999 -9999 -9999 -9999 -9999 -9999 -9999 -9999 -9999 -9999 -9999 -9999 -9999 -9999 -9999 -9999 -9999 -9999 -9999 -9999 -9999 -9999 -9999 -9999 -9999 -9999 -9999 -9999 -9999 -9999
142 142 141 140 140 141 140 139 140 140 139 140 138 138 138 138 138 137 136 136 135 136 136 135 134 134 134 134 134 134 134 134 134 133 132 133 131 131 131 131 132 129 129 129 129 129 129 129 129 128 128 128 128 127 127 127 -9999 -9999 -9999 -9999 -9999 -9999 -9999 -9999 -9999 -9999 -9999 -9999 -9999 -9999 -9999 -9999 -9999 -9999 -9999 -9999 -9999 -9999 -9999 -9999 -9999 -9999 -9999 -9999 -9999 -9999 -9999 -9999
142 142 142 143 141 141 141 140 140 140 140 139 139 138 139 138 138 138 138 137 137 136 136 135 135 134 135 134 134 134 134 134 134 134 132 132 131 131 132 132 132 129 129 129 129 129 129 129 129 129 129 128 128 127 127 127 -9999 -9999 -9999 -9999 -9999 -9999 -9999 -9999 -9999 -9999 -9999 -9999 -9999 -9999 -9999 -9999 -9999 -9999 -9999 -9999 -9999 -9999 -9999 -9999 -9999 -9999 -9999 -9999 -9999 -9999 -9999 -9999
