testdata/Hispaniola_WorldClim/snv_7.asc
ncols         743
nrows         319
xllcorner     -74.500956448335
yllcorner     17.448920549066
cellsize      0.0083333333333333
NODATA_value  -9999
[rows 156 to 194 of 319, columns 352 to 439 of 743]
180 180 185 184 180 180 180 184 185 182 179 180 182 184 184 182 181 180 180 179 179 178 177 176 175 174 173 171 171 170 170 168 168 167 166 165 165 165 166 163 163 164 164 164 164 164 163 163 163 163 164 165 167 164 164 173 173 170 167 167 166 165 165 168 169 169 168 168 167 171 168 165 168 167 168 171 170 171 172 172 173 172 172 173 173 171 169 170
183 186 185 184 184 182 181 180 182 185 182 174 174 176 182 183 183 182 181 180 179 180 178 176 175 174 174 173 172 170 169 169 167 168 167 166 165 165 164 164 163 163 163 163 162 163 161 163 163 163 164 164 165 163 163 168 168 169 167 168 165 166 168 171 172 172 173 171 169 166 167 165 169 169 167 169 171 173 173 172 173 173 172 172 172 171 172 172
186 186 186 186 185 185 184 182 183 183 185 180 180 177 176 174 174 183 181 182 181 180 180 177 176 176 175 173 172 171 170 170 168 167 167 166 165 165 165 163 164 163 163 164 163 162 162 163 162 163 163 164 163 163 163 166 167 169 169 166 164 167 171 173 174 171 173 169 168 167 165 167 167 169 171 172 172 172 173 173 173 172 172 172 172 172 172 171
184 181 179 179 184 185 185 184 184 184 183 185 184 183 181 178 178 180 183 182 180 182 180 178 177 179 177 174 172 173 172 170 169 168 166 167 165 165 164 163 163 163 164 163 162 162 162 162 162 162 163 163 163 163 163 166 166 168 169 164 164 166 169 169 173 171 170 168 168 164 169 171 168 170 170 172 171 171 171 172 170 171 171 172 172 171 172 171
186 186 183 186 187 186 186 185 185 185 185 182 182 180 181 179 180 180 180 179 177 180 180 179 181 179 178 177 173 174 174 172 170 169 168 166 165 165 164 163 163 163 163 163 162 162 162 162 162 162 163 163 163 163 163 165 166 168 169 166 164 164 167 167 170 170 170 167 166 165 168 168 168 168 170 170 172 171 171 170 169 169 169 168 172 172 172 172
183 182 183 183 184 186 184 185 185 183 176 176 176 177 180 176 174 175 176 174 175 177 178 177 179 179 180 179 177 175 175 171 171 169 169 166 167 166 165 165 164 163 163 163 162 162 162 162 162 163 162 162 161 162 163 163 165 165 168 166 163 163 166 167 169 168 168 166 164 164 167 167 167 169 170 170 171 169 168 168 168 171 170 170 171 171 173 173
182 183 182 184 184 185 185 186 184 180 173 170 171 171 172 171 170 171 173 173 170 171 175 172 176 178 178 178 178 178 177 174 171 169 168 168 168 166 165 165 165 164 163 163 161 162 161 161 162 162 162 162 162 162 163 163 164 165 166 168 163 163 163 167 166 167 166 162 163 165 168 166 167 166 168 168 168 169 170 170 170 172 172 173 169 169 171 171
183 184 185 184 184 185 184 185 181 174 171 166 166 167 170 170 167 171 170 171 169 169 171 172 172 175 177 178 179 179 179 176 174 172 171 170 169 168 168 166 165 163 163 163 162 162 162 161 162 162 162 162 161 161 161 162 163 163 165 167 165 161 162 163 164 167 164 162 161 167 168 168 166 167 166 167 168 170 169 171 172 172 172 170 172 172 170 171
186 187 186 184 184 185 185 185 179 173 170 170 170 170 170 171 172 173 174 172 169 171 170 170 169 173 174 176 173 170 176 178 178 175 172 173 171 169 167 166 164 164 164 163 161 162 162 161 161 161 161 161 161 160 160 161 162 163 164 164 165 163 162 162 164 164 164 161 163 166 168 166 165 165 165 166 167 169 170 171 172 169 172 169 168 171 171 171
187 186 186 185 185 185 185 185 184 176 176 175 173 173 171 171 176 176 179 176 173 171 172 170 169 170 174 174 176 177 177 179 177 175 174 173 170 169 167 166 166 165 164 163 163 162 161 162 162 162 162 161 160 160 160 160 162 161 162 163 165 168 161 161 162 161 161 162 164 164 165 164 165 167 165 167 168 170 170 171 171 172 170 170 167 168 169 171
187 186 187 187 186 186 186 185 185 183 183 181 179 179 178 178 180 181 181 180 177 174 177 174 171 169 171 175 177 177 178 178 177 176 175 172 173 170 167 167 165 166 166 164 164 164 162 163 162 161 162 162 160 160 160 160 160 161 161 163 166 168 161 162 162 161 162 162 162 163 162 167 165 165 167 167 167 170 171 171 172 171 171 170 169 166 170 169
185 186 186 186 187 186 185 185 185 185 184 183 183 183 183 182 183 182 181 181 180 179 178 177 173 171 173 173 174 176 177 177 178 178 177 176 173 173 173 169 165 165 164 163 163 163 162 164 162 161 162 162 161 160 159 160 160 160 160 160 161 161 161 162 161 161 161 163 164 164 164 164 166 166 167 167 167 169 171 171 172 171 173 172 170 168 167 169
186 187 187 187 185 185 185 185 185 185 184 183 183 183 183 184 182 181 181 182 181 180 180 180 177 176 173 172 173 173 175 176 174 177 177 173 173 171 170 171 169 168 167 163 163 163 164 162 163 162 162 163 161 160 161 160 160 160 160 161 161 161 160 162 164 162 162 161 162 162 164 162 163 165 168 167 167 169 169 170 171 171 171 171 170 169 166 167
186 186 187 187 186 185 185 185 184 184 183 180 181 182 180 181 181 181 181 181 181 181 180 180 179 179 175 175 175 174 173 174 176 177 176 172 171 171 169 168 167 166 165 166 163 162 165 164 163 162 163 162 163 163 162 160 159 159 160 158 160 160 159 160 164 162 161 160 160 161 160 161 162 163 165 166 168 170 168 169 170 172 171 170 169 168 166 167
185 183 183 180 183 183 183 184 184 183 183 181 181 180 179 179 180 181 181 181 179 179 179 179 179 180 179 179 177 177 176 176 176 177 174 171 172 171 169 169 166 166 165 164 163 168 169 168 165 162 164 162 163 162 162 161 161 160 159 158 159 158 159 160 162 161 160 159 160 160 160 162 162 162 163 165 166 167 169 170 171 171 171 171 169 168 166 166
174 174 173 173 175 177 180 182 180 183 182 182 183 181 181 181 181 178 179 179 179 179 179 177 179 178 177 177 178 177 177 176 177 174 172 171 173 171 171 169 168 168 163 165 169 172 172 172 170 166 172 168 166 163 163 161 163 158 160 158 159 158 158 159 159 160 162 159 160 161 160 161 160 162 162 162 164 168 169 170 169 171 172 171 170 169 168 166
167 165 167 167 166 170 169 175 179 181 180 181 182 182 181 181 182 181 179 179 179 179 180 180 177 177 175 176 177 176 175 175 176 175 175 175 173 172 173 172 169 164 164 169 172 171 170 171 170 170 171 171 169 163 167 170 168 161 158 158 157 159 160 159 159 158 161 158 159 159 161 162 165 163 163 162 164 169 169 169 172 171 171 171 171 169 168 167
162 162 162 163 163 164 168 168 173 177 180 178 179 180 181 180 181 181 179 176 178 181 180 178 176 177 176 175 174 175 175 174 174 174 174 174 174 174 172 169 167 165 165 172 172 170 170 168 168 168 168 169 165 168 170 168 165 166 163 158 157 158 160 158 159 160 159 157 158 159 159 159 164 165 162 161 162 167 168 165 169 169 169 170 169 170 168 166
159 160 160 159 160 162 165 164 167 167 169 175 175 178 179 178 179 181 176 172 175 179 179 179 176 177 175 175 174 174 172 172 173 173 172 171 171 172 171 169 166 166 167 170 170 167 167 168 167 167 168 170 166 171 170 166 168 169 165 161 158 157 156 156 158 159 157 157 158 158 159 161 166 167 161 161 159 164 165 164 168 165 169 169 169 171 169 168
169 162 159 160 159 158 161 164 163 165 167 169 170 173 174 174 177 176 176 174 177 179 178 180 178 176 176 175 174 174 173 172 171 170 170 170 169 169 170 166 165 165 166 167 166 166 168 168 168 167 168 171 166 170 171 166 168 169 166 161 158 156 156 156 155 157 156 158 158 163 161 164 167 169 168 162 158 164 161 164 165 164 165 168 170 170 169 166
175 169 170 164 159 157 157 160 161 164 163 163 168 167 169 171 169 173 177 176 179 180 179 177 178 177 177 176 176 174 174 172 170 171 170 168 169 168 169 166 165 167 168 170 168 169 170 170 169 169 170 170 167 170 170 169 171 167 164 166 162 161 158 155 156 156 156 156 157 159 160 163 165 164 164 157 159 163 160 161 164 163 163 166 170 170 169 166
180 180 173 166 160 161 157 160 160 160 161 162 164 164 164 166 169 173 174 176 179 178 178 177 176 175 177 177 175 175 174 172 172 170 169 168 168 166 166 166 169 170 169 169 168 169 169 169 171 171 172 171 171 169 169 169 168 167 165 162 163 160 159 156 155 155 156 158 157 158 162 163 165 163 158 156 159 161 159 158 164 166 164 164 164 170 171 169
184 183 179 171 165 165 160 166 162 164 163 164 167 169 166 166 167 169 167 167 172 176 177 178 177 175 176 177 177 176 173 174 174 174 173 171 169 169 166 168 166 170 167 167 165 167 170 171 172 170 170 169 170 169 165 168 168 164 165 162 160 158 158 157 155 154 153 153 159 156 162 167 167 162 158 157 158 157 158 159 161 165 167 167 168 170 171 170
183 176 169 170 172 166 165 170 171 173 171 175 170 174 170 171 168 166 166 168 166 167 169 174 177 176 174 174 175 176 175 172 170 169 168 168 173 167 164 163 164 164 165 165 163 168 167 168 168 171 168 165 168 164 166 165 166 165 162 163 161 160 161 157 154 156 154 155 153 155 157 163 163 156 156 155 156 156 156 157 163 164 164 168 169 170 170 168
183 183 173 166 165 166 170 174 177 179 175 179 177 179 178 174 169 166 169 169 164 165 165 169 172 170 173 173 174 174 176 175 171 170 168 167 166 166 166 162 162 160 162 163 163 165 166 163 168 167 166 165 166 165 163 163 164 162 160 159 158 156 156 155 155 154 154 153 153 156 156 156 161 165 155 156 156 156 156 160 163 159 162 163 163 165 170 169
175 181 173 165 164 168 170 176 179 181 180 179 177 178 178 180 175 173 172 172 164 164 164 166 167 167 172 170 174 175 175 176 174 173 169 169 167 164 164 162 161 161 160 161 160 160 160 161 163 166 163 164 163 162 161 160 160 160 157 158 157 157 160 157 156 155 153 153 153 155 155 153 155 155 154 155 156 157 156 156 156 159 160 159 162 164 169 167
171 180 172 170 169 174 169 171 176 179 181 179 177 175 180 177 178 175 177 178 172 169 169 169 173 168 171 172 173 175 175 175 175 176 175 172 172 169 165 163 161 160 159 158 160 160 160 162 161 162 165 163 165 167 166 161 163 161 161 159 160 160 161 155 155 157 152 153 152 152 153 155 153 153 156 157 155 155 154 153 155 157 156 158 161 163 165 165
169 176 181 179 171 175 181 177 174 175 180 177 179 174 175 177 176 177 178 177 175 173 173 175 173 173 175 175 176 173 174 173 174 175 174 174 173 172 168 165 162 160 158 158 160 160 164 163 162 164 165 167 167 166 165 164 166 164 163 162 161 160 157 156 155 157 158 155 152 152 152 153 152 154 153 155 155 153 153 153 155 156 155 158 157 162 159 163
173 175 177 179 181 179 179 179 180 173 176 178 177 179 171 171 178 173 172 172 176 177 176 176 175 174 175 174 171 172 174 174 173 173 174 174 173 173 173 170 165 162 159 159 160 160 161 161 164 166 166 168 170 168 166 167 169 168 166 166 164 161 161 158 158 158 157 160 152 152 150 152 152 155 155 155 155 153 153 153 153 152 153 153 155 155 161 158
178 179 176 176 177 178 180 180 175 179 177 177 176 174 177 173 177 178 170 169 171 175 171 171 169 166 167 167 173 175 175 174 173 173 173 172 173 173 173 171 166 162 157 159 160 159 161 159 161 168 165 166 169 171 169 170 167 169 168 165 168 165 164 160 159 157 154 155 159 152 151 152 152 153 154 155 155 154 153 151 151 152 152 153 153 152 158 154
179 177 180 176 176 175 178 178 174 172 177 179 176 168 173 176 177 176 171 166 168 170 166 168 166 164 162 172 175 174 175 172 175 173 173 173 172 173 171 169 165 162 156 157 158 161 158 161 157 160 161 165 168 169 167 167 168 164 165 164 167 165 166 162 162 160 157 153 155 150 150 152 153 153 153 155 155 155 152 152 151 151 152 150 152 150 152 153
173 170 176 175 175 174 173 174 177 170 173 177 177 166 167 178 176 176 172 165 171 173 165 163 163 159 159 162 166 169 170 171 171 172 173 173 171 169 171 166 164 159 158 157 155 155 156 158 156 156 159 163 163 163 164 161 162 160 160 161 160 164 165 164 164 163 158 153 152 149 150 151 152 152 155 153 153 154 152 150 150 151 151 150 150 151 152 152
164 170 165 170 174 178 174 170 169 168 170 170 167 167 160 170 173 170 166 164 168 164 165 161 160 156 158 159 159 159 163 165 168 169 171 171 170 168 166 162 159 157 156 155 154 154 154 154 155 154 155 158 159 157 157 157 157 156 154 156 154 157 157 156 159 160 158 155 152 149 149 149 152 153 154 152 152 152 152 150 150 151 150 150 150 150 152 153
158 160 160 164 168 170 170 168 165 164 161 164 162 161 158 161 163 164 161 165 168 162 159 158 157 154 154 155 155 155 157 158 161 165 166 165 166 161 161 158 157 157 155 154 154 153 153 153 153 154 153 153 154 153 153 155 153 153 151 154 150 151 150 148 148 152 155 153 151 150 149 150 152 154 151 151 150 150 150 150 150 150 149 148 148 150 150 152
153 155 157 158 159 163 161 159 160 161 161 161 160 157 158 158 158 158 159 163 162 164 158 156 156 155 154 153 152 152 152 153 154 156 155 156 156 157 157 162 159 156 154 154 153 152 151 151 151 153 153 152 152 153 153 153 153 153 150 150 149 149 148 147 148 148 150 148 149 149 149 151 152 152 150 149 150 149 149 149 149 149 149 149 149 150 152 150
152 153 155 156 154 158 158 157 156 157 156 156 157 154 154 157 155 158 157 158 155 155 156 153 153 152 152 151 152 152 151 151 152 152 152 153 153 154 153 152 151 151 152 150 151 151 152 152 152 151 151 151 150 151 153 151 150 149 149 148 148 148 148 147 149 148 150 148 148 149 150 150 152 151 149 149 150 148 148 149 147 147 148 149 149 150 149 149
151 153 153 155 153 155 155 154 155 155 155 155 155 154 155 155 155 154 154 153 153 153 155 153 152 151 151 151 151 151 150 150 149 151 150 150 151 152 151 149 151 150 150 150 152 153 151 151 149 149 149 151 151 150 150 151 148 149 148 149 148 147 148 146 148 148 147 148 148 149 149 151 153 149 149 148 148 147 148 149 146 147 148 149 149 149 148 150
150 150 150 151 152 152 152 151 154 154 154 153 153 153 154 152 152 155 152 153 153 153 156 153 152 151 150 150 149 150 149 148 149 149 148 148 150 150 149 148 149 149 149 151 153 153 151 149 149 149 151 151 151 150 151 148 149 147 147 148 147 147 147 147 147 147 148 148 148 149 150 151 150 149 149 148 148 147 147 146 146 147 148 148 149 149 148 147
151 151 150 151 150 151 152 153 150 151 152 152 153 153 153 153 153 153 153 152 151 151 150 150 152 151 149 149 149 149 149 148 149 148 147 148 147 148 147 148 149 149 147 148 155 152 150 150 149 149 150 150 152 150 151 149 149 149 147 146 146 146 145 147 147 147 147 149 148 150 151 150 150 150 150 150 148 147 147 146 145 146 147 147 147 148 147 148
