Old Sample Data/pc1.asc
ncols         1535
nrows         418
xllcorner     -86.908090449054
yllcorner     19.808370557989
cellsize      0.0083333333333333
NODATA_value  -9999
[rows 340 to 373 of 418, columns 1248 to 1325 of 1535]
2012 2004 2014 2004 2009 2018 2007 2020 2039 2029 2029 2027 2018 2018 2027 2001 2009 1983 1992 1990 2011 2016 2010 2017 2024 2025 2010 2006 1993 2008 2021 2013 2019 2016 2023 2012 2007 2030 2032 2038 2026 2049 2058 2060 2062 2063 2050 2056 2054 2073 2057 2079 2092 2097 2096 2098 2103 2098 2119 2117 2119 2136 2152 2152 2147 2159 2200 2204 2193 2198 2202 2203 2217 2250 2270 2324 2365 2377
2023 2017 2017 1999 2014 2013 2015 2018 2020 2027 2035 2031 2034 2020 2014 2030 2014 2011 2026 2019 1991 1995 2018 2005 2008 2030 2013 2004 2010 2021 2008 2015 2013 2018 2027 2011 2015 2017 2032 2033 2049 2054 2059 2068 2066 2044 2043 2053 2052 2067 2049 2074 2066 2099 2096 2098 2103 2103 2099 2117 2122 2127 2141 2152 2169 2188 2192 2182 2224 2212 2232 2215 2229 2275 2289 2308 2342 2326
2027 2024 2018 2014 2014 2014 2020 2022 2019 2037 2047 2052 2009 2029 2016 2033 2006 2006 2020 2020 2030 2029 2017 2003 2002 2010 1998 1998 2010 2000 2026 2024 2018 2025 2028 2014 2013 2032 2042 2044 2056 2065 2059 2062 2071 2079 2080 2061 2068 2057 2065 2086 2089 2092 2075 2098 2109 2115 2106 2128 2116 2131 2146 2150 2174 2189 2195 2186 2221 2188 2220 2229 2255 2284 2313 2308 2294 2394
2034 2027 2022 2020 2019 2026 2032 2033 2029 2050 2043 2027 2039 2044 2027 2023 2022 2031 2015 2010 2028 2024 2022 2025 2020 2015 2018 2021 2005 2011 2011 2023 2022 2027 2028 2030 2029 2036 2040 2051 2060 2054 2084 2083 2086 2083 2093 2092 2083 2084 2103 2081 2080 2093 2089 2126 2102 2121 2121 2121 2128 2124 2135 2125 2156 2160 2160 2192 2220 2202 2217 2221 2251 2287 2285 2261 2303 2343
2034 2027 2023 2012 2022 2032 2035 2020 2046 2060 2067 2074 2045 2028 2037 2035 2029 2025 2028 2020 2041 2033 2022 2043 2042 2033 2039 2038 2022 2019 2027 2014 2018 2025 2024 2027 2022 2034 2045 2047 2058 2071 2065 2093 2103 2100 2092 2073 2093 2068 2075 2107 2093 2111 2088 2096 2110 2116 2122 2124 2118 2134 2127 2144 2137 2150 2172 2209 2207 2216 2237 2256 2269 2278 2264 2295 2287 2326
2029 2032 2014 2021 2038 2043 2034 2019 2035 2044 2072 2078 2054 2061 2046 2040 2049 2032 2033 2022 2053 2038 2031 2054 2035 2035 2042 2022 2024 2030 2025 2026 2020 2026 2032 2033 2031 2040 2056 2051 2050 2077 2069 2112 2092 2087 2095 2111 2112 2081 2101 2127 2114 2110 2119 2092 2111 2109 2125 2135 2130 2138 2133 2134 2193 2177 2208 2207 2212 2211 2240 2235 2273 2253 2271 2305 2342 2312
2030 2019 2016 2024 2040 2031 2023 2034 2054 2050 2086 2076 2067 2058 2045 2044 2050 2040 2036 2052 2034 2041 2037 2034 2060 2033 2048 2048 2030 2032 2026 2036 2034 2027 2043 2044 2037 2040 2046 2038 2078 2077 2092 2103 2107 2090 2095 2094 2096 2136 2136 2145 2142 2123 2107 2134 2112 2129 2122 2127 2141 2146 2144 2157 2154 2170 2146 2150 2198 2198 2229 2213 2243 2253 2269 2304 2323 2300
2036 2021 2028 2042 2049 2039 2033 2038 2036 2068 2070 2069 2063 2047 2070 2033 2056 2056 2038 2042 2051 2039 2048 2038 2062 2046 2043 2043 2046 2039 2050 2043 2018 2045 2047 2038 2057 2047 2040 2074 2073 2089 2097 2127 2104 2121 2106 2127 2097 2117 2107 2154 2121 2131 2126 2129 2120 2140 2151 2131 2141 2139 2149 2162 2158 2143 2148 2177 2195 2181 2218 2220 2253 2225 2242 2287 2319 2292
2038 2029 2034 2044 2050 2040 2046 2058 2053 2070 2095 2071 2064 2065 2065 2070 2033 2031 2031 2063 2041 2047 2031 2051 2058 2049 2053 2053 2050 2045 2048 2050 2026 2038 2053 2045 2042 2049 2067 2073 2063 2093 2098 2120 2115 2125 2113 2126 2137 2146 2117 2159 2144 2151 2138 2139 2139 2162 2167 2148 2175 2153 2180 2162 2148 2145 2158 2173 2168 2196 2200 2203 2230 2250 2253 2239 2245 2277
2026 2026 2033 2045 2056 2031 2048 2049 2045 2062 2070 2066 2066 2097 2051 2041 2066 2035 2034 2057 2069 2069 2069 2064 2056 2053 2044 2034 2061 2054 2058 2056 2049 2038 2041 2055 2048 2051 2068 2078 2074 2096 2116 2128 2122 2133 2113 2136 2125 2147 2160 2170 2162 2158 2159 2175 2150 2171 2149 2151 2175 2161 2150 2167 2149 2156 2159 2182 2168 2159 2199 2215 2218 2232 2226 2230 2255 2286
2029 2037 2039 2049 2039 2038 2066 2041 2040 2068 2109 2066 2083 2110 2071 2086 2086 2133 2082 2071 2070 2058 2060 2075 2070 2066 2044 2068 2073 2066 2060 2052 2064 2040 2044 2060 2050 2054 2069 2069 2087 2094 2123 2119 2138 2116 2134 2150 2151 2172 2159 2178 2178 2189 2189 2187 2184 2174 2194 2170 2172 2165 2167 2171 2153 2170 2181 2186 2169 2159 2186 2208 2189 2204 2208 2235 2246 2259
2048 2051 2053 2040 2042 2051 2080 2043 2080 2068 2068 2064 2101 2133 2083 2092 2073 2135 2064 2087 2074 2070 2090 2063 2066 2071 2057 2075 2071 2072 2082 2071 2067 2061 2058 2053 2065 2067 2075 2103 2091 2115 2127 2152 2150 2144 2124 2163 2162 2184 2174 2190 2180 2188 2172 2179 2161 2184 2162 2137 2137 2141 2138 2156 2160 2169 2175 2176 2156 2167 2165 2165 2200 2205 2208 2207 2244 2234
2052 2055 2054 2053 2055 2065 2061 2053 2074 2064 2053 2093 2117 2113 2105 2105 2106 2114 2081 2095 2092 2092 2087 2083 2072 2081 2080 2076 2081 2091 2087 2079 2073 2061 2059 2052 2059 2087 2111 2080 2122 2132 2142 2156 2160 2164 2148 2170 2196 2173 2173 2177 2169 2162 2169 2177 2159 2161 2164 2165 2132 2182 2171 2160 2165 2175 2164 2163 2176 2162 2165 2173 2199 2199 2225 2222 2217 2226
2057 2069 2052 2073 2070 2056 2051 2072 2074 2071 2088 2086 2094 2095 2086 2092 2097 2142 2095 2119 2104 2110 2091 2090 2091 2091 2085 2074 2089 2087 2108 2112 2096 2068 2055 2059 2088 2094 2126 2142 2148 2143 2138 2148 2162 2158 2175 2172 2171 2161 2180 2153 2152 2153 2158 2140 2148 2139 2141 2136 2154 2139 2162 2156 2163 2165 2178 2176 2176 2165 2159 2179 2205 2198 2202 2239 2227 2219
2071 2078 2063 2064 2060 2052 2053 2076 2095 2071 2083 2097 2088 2080 2079 2091 2114 2091 2099 2111 2116 2102 2121 2129 2077 2088 2102 2085 2112 2118 2091 2067 2073 2057 2056 2055 2050 2093 2135 2116 2139 2119 2130 2131 2128 2160 2132 2165 2172 2158 2162 2136 2147 2138 2140 2146 2140 2149 2139 2157 2156 2151 2153 2167 2165 2153 2174 2169 2175 2174 2174 2198 2191 2211 2216 2208 2231 2246
2068 2077 2077 2059 2058 2066 2083 2075 2084 2095 2084 2103 2086 2119 2106 2106 2114 2093 2102 2116 2127 2088 2111 2096 2097 2105 2089 2079 2109 2112 2109 2068 2060 2063 2063 2063 2068 2046 2103 2115 2099 2127 2105 2131 2115 2119 2148 2150 2147 2149 2151 2156 2145 2158 2124 2150 2128 2134 2137 2152 2154 2142 2162 2158 2157 2162 2165 2169 2178 2170 2173 2185 2206 2229 2225 2214 2232 2271
2086 2099 2089 2088 2076 2064 2070 2063 2077 2123 2109 2120 2104 2104 2101 2115 2122 2107 2127 2098 2137 2109 2089 2080 2099 2095 2076 2119 2082 2115 2075 2063 2056 2072 2067 2061 2055 2063 2078 2074 2088 2114 2095 2108 2081 2113 2142 2133 2130 2164 2172 2144 2160 2157 2158 2145 2148 2145 2156 2153 2140 2142 2157 2150 2159 2161 2163 2176 2174 2175 2170 2209 2211 2237 2220 2217 2243 2280
2081 2099 2103 2109 2097 2072 2086 2094 2090 2094 2175 2134 2119 2117 2116 2116 2141 2137 2130 2129 2085 2123 2108 2088 2122 2074 2108 2097 2113 2072 2090 2060 2080 2072 2070 2073 2063 2076 2060 2072 2076 2076 2083 2099 2090 2091 2112 2134 2137 2136 2145 2169 2169 2136 2147 2159 2134 2160 2147 2145 2148 2154 2141 2148 2158 2159 2171 2167 2188 2165 2182 2201 2193 2213 2213 2224 2249 2253
2070 2086 2094 2114 2127 2112 2103 2108 2099 2153 2142 2129 2110 2132 2115 2109 2134 2119 2157 2092 2086 2132 2077 2095 2118 2116 2075 2095 2077 2101 2061 2070 2067 2088 2079 2086 2070 2073 2070 2098 2073 2106 2107 2089 2125 2124 2138 2166 2135 2169 2188 2157 2155 2144 2154 2120 2138 2146 2148 2133 2143 2161 2150 2160 2158 2158 2166 2155 2166 2174 2170 2221 2247 2258 2213 2249 2221 2223
2074 2081 2083 2091 2094 2105 2090 2111 2160 2144 2165 2156 2144 2124 2150 2193 2129 2186 2116 2105 2107 2135 2093 2131 2134 2088 2083 2106 2089 2089 2109 2091 2075 2079 2088 2074 2097 2075 2075 2073 2092 2094 2104 2112 2115 2132 2142 2146 2162 2177 2175 2145 2175 2140 2154 2157 2137 2132 2152 2137 2144 2140 2145 2146 2162 2155 2168 2152 2158 2168 2165 2207 2231 2195 2216 2227 2220 2234
2091 2064 2071 2077 2085 2083 2087 2101 2167 2177 2201 2138 2141 2137 2171 2177 2148 2141 2145 2134 2176 2153 2099 2131 2117 2105 2120 2113 2123 2107 2081 2086 2072 2075 2074 2095 2089 2082 2077 2091 2093 2120 2129 2112 2124 2118 2139 2138 2158 2175 2199 2152 2153 2173 2146 2161 2150 2148 2138 2131 2135 2134 2131 2147 2143 2160 2169 2157 2158 2167 2157 2161 2200 2192 2185 2214 2220 2227
2113 2087 2072 2060 2066 2075 2101 2106 2119 2143 2147 2144 2176 2152 2193 2137 2145 2165 2190 2194 2234 2208 2156 2145 2110 2123 2135 2152 2137 2114 2108 2077 2066 2083 2073 2094 2085 2092 2079 2089 2098 2117 2148 2129 2125 2152 2161 2136 2158 2167 2170 2191 2160 2143 2170 2144 2130 2145 2138 2127 2130 2131 2140 2139 2158 2165 2171 2168 2170 2155 2171 2166 2159 2169 2172 2217 2216 2215
2156 2116 2094 2096 2097 2087 2084 2092 2092 2155 2164 2172 2162 2200 2170 2173 2171 2167 2193 2182 2188 2179 2180 2178 2149 2121 2102 2108 2113 2120 2137 2117 2078 2097 2122 2126 2100 2116 2092 2089 2094 2123 2122 2121 2167 2124 2161 2154 2165 2183 2178 2172 2143 2161 2143 2151 2142 2146 2141 2125 2129 2140 2133 2140 2164 2167 2164 2158 2165 2179 2149 2160 2172 2173 2182 2180 2211 2179
2158 2155 2146 2091 2093 2098 2093 2093 2111 2121 2198 2184 2154 2206 2207 2206 2166 2190 2201 2175 2123 2142 2181 2180 2160 2161 2116 2082 2084 2093 2067 2089 2090 2060 2140 2106 2128 2133 2125 2093 2122 2149 2140 2149 2153 2166 2158 2149 2178 2179 2164 2157 2155 2146 2137 2151 2138 2144 2133 2128 2124 2127 2139 2130 2148 2159 2189 2167 2173 2147 2164 2164 2167 2187 2175 2171 2202 2193
2146 2143 2172 2154 2101 2154 2165 2145 2133 2164 2144 2144 2191 2181 2176 2166 2226 2207 2216 2162 2163 2149 2154 2135 2146 2139 2110 2106 2095 2092 2077 2072 2078 2100 2138 2139 2123 2152 2137 2105 2091 2136 2137 2161 2165 2148 2143 2167 2163 2168 2175 2165 2151 2163 2163 2144 2138 2140 2134 2132 2126 2132 2129 2135 2153 2154 2180 2190 2167 2157 2161 2150 2171 2168 2181 2175 2167 2177
2163 2148 2181 2166 2163 2165 2196 2197 2210 2140 2177 2131 2151 2168 2183 2177 2189 2219 2206 2187 2156 2158 2148 2148 2137 2128 2157 2160 2116 2096 2070 2073 2079 2155 2141 2149 2154 2152 2146 2142 2118 2153 2144 2138 2155 2162 2155 2163 2178 2171 2165 2162 2148 2149 2156 2141 2143 2133 2141 2119 2121 2123 2130 2131 2121 2150 2175 2182 2172 2155 2156 2160 2173 2173 2189 2171 2161 2173
2231 2196 2170 2177 2151 2174 2212 2209 2151 2131 2143 2108 2158 2195 2183 2184 2217 2214 2220 2206 2187 2139 2144 2138 2128 2178 2172 2234 2166 2093 2097 2071 2092 2162 2163 2171 2154 2129 2129 2096 2132 2159 2152 2175 2177 2179 2175 2186 2183 2198 2182 2166 2154 2157 2170 2149 2153 2135 2143 2141 2123 2120 2118 2115 2153 2164 2150 2167 2161 2171 2156 2170 2160 2162 2195 2161 2174 2159
2248 2250 2274 2232 2265 2177 2180 2163 2156 2156 2179 2136 2185 2215 2277 2233 2236 2229 2231 2222 2213 2193 2143 2159 2152 2174 2172 2174 2146 2081 2074 2073 2086 2093 2086 2106 2141 2132 2122 2104 2125 2126 2201 2188 2207 2191 2200 2193 2198 2216 2175 2165 2178 2148 2168 2170 2152 2155 2136 2124 2126 2112 2119 2112 2136 2167 2163 2168 2130 2146 2150 2123 2131 2160 2185 2191 2203 2163
2217 2263 2267 2262 2201 2217 2202 2239 2240 2211 2227 2256 2243 2263 2255 2273 2259 2252 2248 2238 2212 2216 2188 2138 2166 2152 2147 2128 2074 2120 2082 2060 2066 2069 2058 2090 2106 2149 2133 2115 2109 2122 2150 2145 2181 2205 2207 2194 2214 2203 2196 2172 2154 2148 2133 2142 2144 2143 2120 2130 2112 2121 2097 2113 2163 2175 2181 2163 2149 2174 2141 2128 2133 2154 2155 2167 2184 2159
2194 2264 2268 2260 2222 2241 2241 2235 2248 2266 2276 2302 2339 2337 2309 2293 2262 2285 2260 2259 2254 2219 2205 2115 2111 2085 2107 2150 2177 2112 2091 2081 2069 2090 2096 2108 2129 2139 2118 2114 2117 2116 2121 2130 2143 2191 2213 2197 2208 2202 2203 2174 2169 2151 2139 2123 2124 2107 2101 2108 2112 2128 2128 2110 2182 2204 2182 2164 2157 2154 2144 2144 2153 2155 2155 2168 2183 2171
2147 2201 2260 2292 2286 2241 2256 2275 2289 2293 2297 2317 2307 2329 2353 2332 2370 2315 2296 2304 2239 2252 2229 2175 2138 2127 2175 2169 2140 2111 2151 2103 2130 2131 2099 2126 2129 2131 2132 2132 2107 2131 2120 2129 2191 2243 2225 2197 2177 2176 2191 2164 2158 2126 2122 2126 2112 2104 2113 2097 2098 2114 2116 2126 2156 2191 2149 2161 2141 2173 2151 2160 2152 2164 2144 2166 2189 2176
2156 2214 2233 2290 2327 2313 2268 2274 2314 2286 2300 2287 2347 2339 2347 2333 2348 2324 2279 2264 2228 2221 2181 2161 2165 2172 2199 2231 2173 2147 2134 2129 2120 2106 2126 2115 2118 2143 2184 2146 2130 2130 2108 2131 2156 2225 2204 2191 2185 2163 2140 2141 2120 2109 2097 2129 2106 2097 2110 2090 2090 2107 2111 2126 2141 2188 2156 2143 2144 2186 2167 2168 2141 2142 2131 2168 2186 2185
2193 2199 2252 2284 2354 2396 2342 2311 2328 2340 2278 2350 2324 2335 2348 2311 2352 2346 2266 2237 2234 2214 2156 2172 2217 2284 2233 2233 2150 2136 2139 2123 2135 2090 2122 2145 2147 2124 2172 2173 2178 2173 2136 2153 2159 2152 2165 2150 2146 2155 2109 2110 2102 2106 2095 2089 2102 2100 2099 2104 2088 2088 2103 2104 2096 2109 2123 2126 2134 2174 2139 2166 2151 2153 2143 2151 2164 2181
2287 2316 2244 2307 2312 2396 2333 2284 2328 2343 2287 2303 2367 2385 2335 2366 2353 2341 2242 2236 2232 2144 2170 2194 2175 2257 2289 2270 2205 2196 2163 2157 2130 2127 2137 2205 2192 2142 2190 2244 2233 2225 2222 2172 2156 2127 2131 2148 2118 2109 2105 2107 2109 2123 2105 2101 2088 2096 2115 2112 2088 2089 2101 2092 2072 2101 2096 2100 2118 2142 2164 2150 2158 2139 2145 2162 2161 2164
