Old Sample Data/pc1.asc
ncols         1535
nrows         418
xllcorner     -86.908090449054
yllcorner     19.808370557989
cellsize      0.0083333333333333
NODATA_value  -9999
[rows 102 to 135 of 418, columns 390 to 467 of 1535]
2501 2503 2492 2491 2480 2499 2495 2481 2478 2490 2503 2492 2477 2465 2495 2501 2509 2505 2488 2472 2476 2476 2479 2472 2476 2469 2470 2474 2478 2479 2476 2483 2472 2463 2455 2453 2456 2451 2434 2426 2432 2432 2427 2422 2414 2410 2418 2420 2415 2418 2408 2408 2401 2407 2393 2402 2398 2399 2394 2395 2398 2389 2399 2390 2406 2400 2403 -9999 -9999 -9999 -9999 -9999 -9999 -9999 -9999 -9999 -9999 -9999
2491 2494 2493 2490 2476 2476 2476 2466 2477 2488 2470 2484 2478 2467 2485 2480 2475 2504 2485 2476 2473 2474 2487 2484 2484 2476 2476 2483 2474 2470 2475 2473 2471 2451 2453 2446 2438 2438 2433 2430 2430 2437 2428 2429 2424 2427 2421 2415 2407 2405 2402 2396 2403 2402 2400 2401 2390 2391 2397 2399 2401 2388 2382 2389 2409 2401 -9999 -9999 -9999 -9999 -9999 -9999 -9999 -9999 -9999 -9999 -9999 -9999
2499 2487 2488 2479 2482 2490 2475 2479 2481 2486 2481 2479 2466 2489 2471 2471 2479 2480 2478 2472 2470 2478 2479 2471 2480 2479 2472 2471 2471 2477 2474 2465 2448 2443 2441 2441 2438 2432 2430 2436 2430 2433 2428 2422 2413 2424 2415 2413 2409 2402 2396 2394 2395 2395 2394 2394 2393 2393 2386 2397 2387 2393 2392 2408 2402 -9999 -9999 -9999 -9999 -9999 -9999 -9999 -9999 -9999 -9999 -9999 -9999 -9999
2492 2495 2503 2508 2496 2478 2479 2475 2482 2480 2474 2477 2475 2468 2481 2477 2468 2461 2460 2469 2463 2471 2469 2476 2474 2474 2473 2472 2470 2476 2455 2449 2445 2445 2434 2438 2441 2443 2441 2440 2437 2430 2418 2416 2412 2409 2397 2391 2387 2391 2390 2389 2385 2384 2387 2396 2397 2388 2397 2399 2401 2395 2404 2405 2403 -9999 -9999 -9999 -9999 -9999 -9999 -9999 -9999 -9999 -9999 -9999 -9999 -9999
2498 2498 2503 2488 2495 2489 2477 2473 2463 2469 2474 2482 2476 2470 2474 2479 2459 2459 2450 2475 2465 2467 2465 2461 2474 2473 2473 2463 2464 2463 2446 2441 2438 2436 2438 2443 2429 2448 2429 2427 2420 2417 2415 2410 2408 2397 2397 2392 2392 2391 2397 2393 2387 2386 2392 2396 2400 2400 2401 2400 2401 2409 2405 2409 2412 -9999 -9999 -9999 -9999 -9999 -9999 -9999 -9999 -9999 -9999 -9999 -9999 -9999
2509 2478 2484 2498 2494 2500 2492 2501 2491 2480 2473 2480 2480 2480 2472 2474 2477 2483 2463 2459 2462 2455 2451 2449 2447 2454 2458 2456 2455 2443 2442 2441 2440 2440 2459 2454 2447 2445 2435 2434 2424 2427 2423 2409 2406 2402 2400 2398 2408 2407 2401 2400 2401 2397 2395 2394 2395 2397 2398 2398 2396 2409 2419 2412 -9999 -9999 -9999 -9999 -9999 -9999 -9999 -9999 -9999 -9999 -9999 -9999 -9999 -9999
2490 2485 2509 2504 2486 2499 2488 2471 2464 2473 2499 2490 2509 2473 2474 2471 2471 2452 2456 2454 2460 2453 2452 2450 2449 2450 2451 2449 2440 2434 2439 2444 2443 2440 2438 2435 2438 2429 2434 2417 2414 2415 2412 2416 2412 2408 2405 2400 2410 2391 2399 2399 2398 2400 2394 2398 2395 2403 2400 2395 2401 2400 2402 -9999 -9999 -9999 -9999 -9999 -9999 -9999 -9999 -9999 -9999 -9999 -9999 -9999 -9999 -9999
2496 2505 2468 2473 2477 2488 2460 2473 2465 2469 2469 2485 2495 2485 2476 2460 2455 2455 2450 2453 2461 2446 2442 2447 2447 2449 2449 2440 2448 2446 2440 2439 2439 2436 2434 2431 2430 2418 2427 2425 2421 2419 2428 2413 2420 2409 2423 2416 2421 2420 2409 2412 2405 2405 2394 2404 2398 2400 2403 2398 2406 2404 2410 -9999 -9999 -9999 -9999 -9999 -9999 -9999 -9999 -9999 -9999 -9999 -9999 -9999 -9999 -9999
2471 2469 2468 2463 2492 2463 2463 2482 2458 2489 2459 2458 2472 2471 2473 2471 2456 2447 2447 2447 2444 2443 2448 2453 2457 2451 2449 2451 2442 2442 2437 2434 2438 2445 2445 2430 2430 2425 2422 2430 2427 2425 2431 2429 2427 2431 2423 2421 2421 2425 2422 2416 2416 2414 2407 2408 2400 2399 2399 2401 2401 2412 2414 -9999 -9999 -9999 -9999 -9999 -9999 -9999 -9999 -9999 -9999 -9999 -9999 -9999 -9999 -9999
2465 2472 2461 2467 2468 2458 2485 2483 2475 2466 2476 2472 2464 2464 2475 2467 2481 2452 2451 2443 2442 2448 2459 2458 2449 2449 2451 2450 2449 2435 2434 2449 2449 2446 2443 2434 2433 2434 2437 2426 2428 2426 2430 2437 2428 2424 2420 2422 2420 2428 2412 2422 2421 2415 2420 2413 2417 2415 2396 2398 2399 2419 -9999 -9999 -9999 -9999 -9999 -9999 -9999 -9999 -9999 -9999 -9999 -9999 -9999 -9999 -9999 -9999
2487 2475 2469 2464 2466 2466 2486 2480 2486 2465 2455 2471 2469 2477 2475 2466 2477 2479 2458 2465 2451 2454 2458 2458 2456 2450 2451 2450 2450 2435 2446 2446 2445 2444 2441 2442 2439 2439 2436 2438 2437 2431 2432 2431 2442 2423 2412 2435 2425 2413 2425 2426 2419 2393 2403 2423 2425 2417 2405 2407 2415 2412 -9999 -9999 -9999 -9999 -9999 -9999 -9999 -9999 -9999 -9999 -9999 -9999 -9999 -9999 -9999 -9999
2481 2512 2490 2469 2494 2485 2482 2480 2482 2480 2471 2482 2465 2480 2475 2475 2474 2464 2456 2475 2459 2460 2458 2457 2449 2454 2452 2431 2439 2433 2447 2439 2448 2440 2438 2436 2434 2432 2425 2423 2424 2419 2417 2418 2432 2414 2417 -9999 -9999 -9999 -9999 2422 2416 2416 2393 2401 2412 2402 2405 2407 2415 -9999 -9999 -9999 -9999 -9999 -9999 -9999 -9999 -9999 -9999 -9999 -9999 -9999 -9999 -9999 -9999 -9999
2479 2492 2499 2482 2477 2484 2484 2500 2467 2482 2481 2473 2458 2467 2467 2466 2469 2471 2463 2461 2452 2453 2444 2441 2442 2443 2451 2432 2444 2438 2442 2443 2452 2443 2449 2443 2437 2435 2428 2424 2421 2420 2417 2415 2426 2423 2404 -9999 -9999 -9999 -9999 -9999 -9999 2420 2409 2417 2409 2418 2410 -9999 -9999 -9999 -9999 -9999 -9999 -9999 -9999 -9999 -9999 -9999 -9999 -9999 -9999 -9999 -9999 -9999 -9999 -9999
2485 2482 2492 2476 2481 2480 2489 2489 2489 2473 2480 2492 2456 2472 2459 2455 2454 2453 2464 2463 2463 2455 2457 2456 2444 2449 2437 2444 2453 2462 2454 2464 2455 2435 2444 2434 2437 2434 2434 2428 2426 2427 2424 2421 2426 2433 2418 -9999 -9999 -9999 -9999 -9999 -9999 -9999 -9999 -9999 -9999 -9999 -9999 -9999 -9999 -9999 -9999 -9999 -9999 -9999 -9999 -9999 -9999 -9999 -9999 -9999 -9999 -9999 -9999 -9999 -9999 -9999
2473 2477 2490 2492 2485 2504 2502 2496 2496 2472 2493 2488 2492 2457 2465 2464 2465 2450 2461 2468 2463 2464 2462 2454 2452 2449 2455 2444 2444 2462 2461 2458 2449 2451 2444 2445 2445 2443 2437 2433 2436 2433 2432 2422 2434 -9999 -9999 -9999 -9999 -9999 -9999 -9999 -9999 -9999 -9999 -9999 -9999 -9999 -9999 -9999 -9999 -9999 -9999 -9999 -9999 -9999 -9999 -9999 -9999 -9999 -9999 -9999 -9999 -9999 -9999 -9999 -9999 -9999
2477 2491 2500 2506 2498 2490 2496 2485 2476 2460 2444 2443 2443 2455 2471 2471 2458 2456 2454 2452 2452 2459 2461 2461 2461 2461 2458 2458 2458 2464 2459 2457 2454 2452 2451 2446 2442 2444 2439 2438 2437 2437 2436 2432 2439 -9999 -9999 -9999 -9999 -9999 -9999 -9999 -9999 -9999 -9999 -9999 -9999 -9999 -9999 -9999 -9999 -9999 -9999 -9999 -9999 -9999 -9999 -9999 -9999 -9999 -9999 -9999 -9999 -9999 -9999 -9999 -9999 -9999
2482 2481 2497 2501 2498 2451 2456 2449 2453 2465 2449 2449 2465 2480 2480 2465 2477 2464 2458 2461 2451 2458 2455 2464 2465 2463 2462 2462 2453 2461 2464 2445 2447 2454 2451 2445 2444 2444 2444 2444 2440 2439 2432 2440 2438 -9999 -9999 -9999 -9999 -9999 -9999 -9999 -9999 -9999 -9999 -9999 -9999 -9999 -9999 -9999 -9999 -9999 -9999 -9999 -9999 -9999 -9999 -9999 -9999 -9999 -9999 -9999 -9999 -9999 -9999 -9999 -9999 -9999
2475 2465 2448 2445 2448 2453 2455 2445 2452 2479 2462 2449 2481 2480 2476 2472 2470 2466 2461 2466 2460 2470 2464 2462 2456 2460 2467 2460 2460 2460 2453 2453 2454 2448 2449 2454 2453 2452 2451 2442 2449 2447 2440 2437 2428 -9999 -9999 -9999 -9999 -9999 -9999 -9999 -9999 -9999 -9999 -9999 -9999 -9999 -9999 -9999 -9999 -9999 -9999 -9999 -9999 -9999 -9999 -9999 -9999 -9999 -9999 -9999 -9999 -9999 -9999 -9999 -9999 -9999
2452 2446 2445 2455 2461 2468 2462 2481 2477 2461 2470 2470 2458 2457 2480 2476 2472 2472 2466 2468 2460 2459 2464 2456 2455 2457 2456 2458 2457 2454 2457 2458 2454 2447 2446 2450 2444 2453 2450 2446 2436 2449 2444 2441 -9999 -9999 -9999 -9999 -9999 -9999 -9999 -9999 -9999 -9999 -9999 -9999 -9999 -9999 -9999 -9999 -9999 -9999 -9999 -9999 -9999 -9999 -9999 -9999 -9999 -9999 -9999 -9999 -9999 -9999 -9999 -9999 -9999 -9999
2453 2455 2452 2458 2459 2463 2455 2457 2443 2448 2467 2447 2452 2451 2453 2447 2465 2469 2465 2462 2456 2460 2450 2450 2448 2457 2454 2456 2449 2446 2444 2446 2444 2442 2443 2434 2439 2439 2442 2442 2442 -9999 -9999 -9999 -9999 -9999 -9999 -9999 -9999 -9999 -9999 -9999 -9999 -9999 -9999 -9999 -9999 -9999 -9999 -9999 -9999 -9999 -9999 -9999 -9999 -9999 -9999 -9999 -9999 -9999 -9999 -9999 -9999 -9999 -9999 -9999 -9999 -9999
2455 2451 2458 2454 2482 2475 2466 2451 2451 2447 2434 2441 2442 2446 2444 2442 2448 2448 2452 2449 2456 2447 2454 2450 2454 2459 2453 2452 2434 2434 2433 2442 2437 2429 2428 2427 2432 2433 2432 2452 2434 -9999 -9999 -9999 -9999 -9999 -9999 -9999 -9999 -9999 -9999 -9999 -9999 -9999 -9999 -9999 -9999 -9999 -9999 -9999 -9999 -9999 -9999 -9999 -9999 -9999 -9999 -9999 -9999 -9999 -9999 -9999 -9999 -9999 -9999 -9999 -9999 -9999
2482 2467 2462 2463 2489 2472 2464 2431 2424 2417 2431 2439 2422 2447 2449 2444 2438 2447 2451 2447 2449 2444 2450 2447 2447 2445 2447 2439 2438 2436 2433 2430 2429 2435 2430 2428 2426 2428 2446 2434 2435 -9999 -9999 -9999 -9999 -9999 -9999 -9999 -9999 -9999 -9999 -9999 -9999 -9999 -9999 -9999 -9999 -9999 -9999 -9999 -9999 -9999 -9999 -9999 -9999 -9999 -9999 -9999 -9999 -9999 -9999 -9999 -9999 -9999 -9999 -9999 -9999 -9999
2499 2489 2483 2481 2479 2463 2451 2427 2433 2419 2419 2433 2430 2439 2447 2438 2433 2452 2448 2448 2451 2445 2449 2443 2443 2454 2437 2439 2441 2438 2428 2435 2435 2433 2429 2429 2434 2438 2419 2433 2437 2409 -9999 -9999 -9999 -9999 -9999 -9999 -9999 -9999 -9999 -9999 -9999 -9999 -9999 -9999 -9999 -9999 -9999 -9999 -9999 -9999 -9999 -9999 -9999 -9999 -9999 -9999 -9999 -9999 -9999 -9999 -9999 -9999 -9999 -9999 -9999 -9999
2485 2491 2479 2475 2468 2466 2453 2429 2428 2421 2421 2420 2432 2430 2429 2428 2429 2435 2439 2434 2436 2437 2428 2431 2437 2426 2435 2429 2425 2423 2418 2417 2422 2416 2416 2415 2438 2431 2440 2416 2414 -9999 -9999 -9999 -9999 -9999 -9999 -9999 -9999 -9999 -9999 -9999 -9999 -9999 -9999 -9999 -9999 -9999 -9999 -9999 -9999 -9999 -9999 -9999 -9999 -9999 -9999 -9999 -9999 -9999 -9999 -9999 -9999 -9999 -9999 -9999 -9999 -9999
2489 2474 2468 2465 2472 2451 2457 2443 2443 2429 -9999 2421 2424 2430 2422 2430 2428 2435 2435 2436 2427 2427 2426 2423 2428 2425 2424 2427 2427 2426 2423 2423 2423 2427 2441 2438 2442 2423 -9999 -9999 -9999 -9999 -9999 -9999 -9999 -9999 -9999 -9999 -9999 -9999 -9999 -9999 -9999 -9999 -9999 -9999 -9999 -9999 -9999 -9999 -9999 -9999 -9999 -9999 -9999 -9999 -9999 -9999 -9999 -9999 -9999 -9999 -9999 -9999 -9999 -9999 -9999 -9999
2479 2465 2458 2463 2457 2449 2453 2446 2449 -9999 -9999 -9999 2436 2429 2460 2432 2413 2421 2424 2420 2423 2417 2418 2429 2428 2428 2428 2427 2427 2431 2431 2435 2422 2427 2436 2425 2421 2436 -9999 -9999 -9999 -9999 -9999 -9999 -9999 -9999 -9999 -9999 -9999 -9999 -9999 -9999 -9999 -9999 -9999 -9999 -9999 -9999 -9999 -9999 -9999 -9999 -9999 -9999 -9999 -9999 -9999 -9999 -9999 -9999 -9999 -9999 -9999 -9999 -9999 -9999 -9999 -9999
2462 2467 2466 2457 2457 2451 2457 2457 -9999 -9999 -9999 -9999 -9999 2466 2438 2439 2442 2422 2422 2423 2423 2420 2419 2419 2420 2426 2425 2426 2428 2440 2449 2447 2423 2430 2433 2432 2433 2423 -9999 -9999 -9999 -9999 -9999 -9999 -9999 -9999 -9999 -9999 -9999 -9999 -9999 -9999 -9999 -9999 -9999 -9999 -9999 -9999 -9999 -9999 -9999 -9999 -9999 -9999 -9999 -9999 -9999 -9999 -9999 -9999 -9999 -9999 -9999 -9999 -9999 -9999 -9999 -9999
2471 2471 2463 2466 2458 2470 2456 -9999 -9999 -9999 -9999 -9999 -9999 -9999 2438 2431 2452 2430 2445 2429 2429 2433 2429 2440 2434 2433 2434 2428 2426 2425 2438 2437 2437 2437 2426 2425 2441 -9999 -9999 -9999 -9999 -9999 -9999 -9999 -9999 -9999 -9999 -9999 -9999 -9999 -9999 -9999 -9999 -9999 -9999 -9999 -9999 -9999 -9999 -9999 -9999 -9999 -9999 -9999 -9999 -9999 -9999 -9999 -9999 -9999 -9999 -9999 -9999 -9999 -9999 -9999 -9999 -9999
2455 2455 2451 2456 2461 2464 -9999 -9999 -9999 -9999 -9999 -9999 -9999 2439 2445 2439 2469 2449 2456 2454 2435 2441 2440 2440 2440 2463 2435 2438 2436 2437 2434 2447 2443 2441 2445 -9999 -9999 -9999 -9999 -9999 -9999 -9999 -9999 -9999 -9999 -9999 -9999 -9999 -9999 -9999 -9999 -9999 -9999 -9999 -9999 -9999 -9999 -9999 -9999 -9999 -9999 -9999 -9999 -9999 -9999 -9999 -9999 -9999 -9999 -9999 -9999 -9999 -9999 -9999 -9999 -9999 -9999 -9999
2462 2455 2446 2457 2457 -9999 -9999 -9999 -9999 -9999 -9999 -9999 -9999 -9999 -9999 2445 2444 2444 2455 2461 2453 2449 2451 2447 2456 2449 2455 2462 2456 2453 -9999 -9999 -9999 -9999 -9999 -9999 -9999 -9999 -9999 -9999 -9999 -9999 -9999 -9999 -9999 -9999 -9999 -9999 -9999 -9999 -9999 -9999 -9999 -9999 -9999 -9999 -9999 -9999 -9999 -9999 -9999 -9999 -9999 -9999 -9999 -9999 -9999 -9999 -9999 -9999 -9999 -9999 -9999 -9999 -9999 -9999 -9999 -9999
2449 -9999 2447 2441 -9999 -9999 -9999 -9999 -9999 -9999 -9999 -9999 -9999 -9999 -9999 -9999 -9999 2442 2442 2440 2446 2449 2448 2457 2456 -9999 -9999 2456 2451 -9999 -9999 -9999 -9999 -9999 -9999 -9999 -9999 -9999 -9999 -9999 -9999 -9999 -9999 -9999 -9999 -9999 -9999 -9999 -9999 -9999 -9999 -9999 -9999 -9999 -9999 -9999 -9999 -9999 -9999 -9999 -9999 -9999 -9999 -9999 -9999 -9999 -9999 -9999 -9999 -9999 -9999 -9999 -9999 -9999 -9999 -9999 -9999 -9999
2450 2438 2440 -9999 -9999 -9999 -9999 -9999 -9999 -9999 -9999 -9999 -9999 -9999 -9999 -9999 -9999 -9999 -9999 -9999 -9999 2448 2446 -9999 -9999 -9999 -9999 -9999 -9999 -9999 -9999 -9999 -9999 -9999 -9999 -9999 -9999 -9999 -9999 -9999 -9999 -9999 -9999 -9999 -9999 -9999 -9999 -9999 -9999 -9999 -9999 -9999 -9999 -9999 -9999 -9999 -9999 -9999 -9999 -9999 -9999 -9999 -9999 -9999 -9999 -9999 -9999 -9999 -9999 -9999 -9999 -9999 -9999 -9999 -9999 -9999 -9999 -9999
2450 -9999 -9999 -9999 -9999 -9999 -9999 -9999 -9999 -9999 -9999 -9999 -9999 -9999 -9999 -9999 -9999 -9999 -9999 -9999 -9999 -9999 -9999 -9999 -9999 -9999 -9999 -9999 -9999 -9999 -9999 -9999 -9999 -9999 -9999 -9999 -9999 -9999 -9999 -9999 -9999 -9999 -9999 -9999 -9999 -9999 -9999 -9999 -9999 -9999 -9999 -9999 -9999 -9999 -9999 -9999 -9999 -9999 -9999 -9999 -9999 -9999 -9999 -9999 -9999 -9999 -9999 -9999 -9999 -9999 -9999 -9999 -9999 -9999 -9999 -9999 -9999 -9999
-9999 -9999 -9999 -9999 -9999 -9999 -9999 -9999 -9999 -9999 -9999 -9999 -9999 -9999 -9999 -9999 -9999 -9999 -9999 -9999 -9999 -9999 -9999 -9999 -9999 -9999 -9999 -9999 -9999 -9999 -9999 -9999 -9999 -9999 -9999 -9999 -9999 -9999 -9999 -9999 -9999 -9999 -9999 -9999 -9999 -9999 -9999 -9999 -9999 -9999 -9999 -9999 -9999 -9999 -9999 -9999 -9999 -9999 -9999 -9999 -9999 -9999 -9999 -9999 -9999 -9999 -9999 -9999 -9999 -9999 -9999 -9999 -9999 -9999 -9999 -9999 -9999 -9999
