Old Sample Data/pc1.asc
ncols         1535
nrows         418
xllcorner     -86.908090449054
yllcorner     19.808370557989
cellsize      0.0083333333333333
NODATA_value  -9999
[rows 374 to 407 of 418, columns 1326 to 1403 of 1535]
2152 2156 2136 2157 2162 2142 2168 2161 2144 2147 2136 2162 2149 2145 2144 2143 2147 2171 2189 2178 2176 2181 2179 2163 2127 2151 2127 2126 2121 2081 2083 2091 2099 2091 2079 2078 2077 2079 2073 2065 2056 2043 2067 2065 2042 2027 2023 2066 2142 2114 2058 2117 2047 2056 2054 2101 2126 2117 2069 2057 2054 2080 2106 2129 2126 2094 2122 2109 2122 2057 2041 2016 1973 1923 1908 1903 1904 1892
2138 2191 2184 2182 2160 2173 2184 2172 2134 2126 2141 2122 2120 2132 2126 2140 2135 2143 2138 2130 2161 2176 2176 2168 2154 2133 2142 2139 2106 2080 2093 2113 2103 2101 2085 2079 2089 2092 2059 2066 2067 2065 2061 2053 2045 2018 2025 2060 2091 2103 2098 2082 2058 2074 2048 2069 2126 2099 2091 2076 2056 2080 2123 2127 2107 2113 2089 2093 2063 2062 2049 1974 1946 1916 1892 1897 1886 1900
2185 2186 2180 2179 2159 2173 2187 2161 2121 2121 2126 2111 2110 2106 2127 2119 2114 2123 2111 2123 2145 2150 2148 2152 2145 2141 2145 2120 2086 2070 2083 2103 2106 2098 2097 2087 2090 2088 2057 2069 2070 2070 2051 2048 2029 2016 2017 2027 2036 2103 2092 2076 2060 2062 2052 2048 2092 2094 2076 2039 2029 2029 2085 2080 2083 2094 2079 2086 2063 2017 1981 1906 1900 1874 1875 1867 1877 1887
2188 2190 2191 2173 2147 2163 2151 2152 2134 2115 2135 2107 2092 2090 2114 2122 2100 2110 2107 2096 2120 2122 2135 2143 2155 2142 2083 2099 2082 2101 2086 2096 2109 2090 2095 2084 2087 2083 2073 2059 2054 2085 2085 2059 2030 2023 1994 2015 1983 2048 2064 2048 2041 1999 2009 2000 2042 2060 2035 2040 1973 1997 2003 2020 2030 2046 2059 2029 1994 1902 1901 1895 1865 1869 1856 1869 1872 1860
2162 2202 2198 2144 2163 2173 2161 2142 2145 2151 2100 2100 2081 2113 2102 2120 2115 2121 2145 2129 2111 2111 2139 2147 2126 2101 2103 2124 2116 2085 2110 2105 2084 2092 2115 2188 2130 2108 2064 2079 2098 2114 2077 2081 2019 2015 2036 2004 1976 1964 2019 2027 2033 2021 1954 1936 1992 2013 1994 1948 1934 1931 1907 1924 1910 1956 1899 1903 1874 1891 1878 1882 1874 1871 1860 1850 1856 1859
2214 2161 2156 2166 2196 2194 2157 2147 2115 2124 2101 2087 2083 2092 2086 2097 2111 2147 2125 2130 2135 2131 2121 2135 2105 2104 2112 2120 2107 2096 2102 2149 2094 2088 2094 2106 2087 2073 2050 2051 2036 2071 2031 2053 2022 2041 2038 1983 1964 1947 1944 1931 1936 1959 1947 1934 1917 1912 1912 1909 1890 1869 1893 1882 1877 1854 1873 1858 1868 1858 1872 1854 1857 1845 1848 1844 1837 1851
2200 2168 2191 2199 2195 2201 2186 2131 2119 2120 2088 2093 2084 2066 2071 2111 2110 2109 2114 2151 2142 2140 2132 2142 2111 2119 2114 2090 2097 2081 2091 2109 2147 2113 2070 2058 2057 2048 2036 2027 2020 2010 2033 2023 2059 2030 1994 1955 1949 1935 1939 1930 1925 1915 1906 1911 1897 1904 1903 1913 1899 1862 1858 1849 1853 1872 1844 1847 1841 1855 1866 1860 1825 1848 1819 1826 1834 1814
2188 2191 2168 2207 2191 2183 2165 2153 2169 2110 2094 2096 2090 2081 2082 2079 2086 2108 2115 2109 2129 2150 2133 2170 2166 2163 2141 2084 2103 2083 2076 2086 2129 2135 2069 2061 2045 2020 2018 2015 1998 2011 2005 2002 2007 1966 2020 1976 1964 1939 1951 1947 1986 2000 1918 1904 1880 1891 1887 1878 1859 1855 1831 1840 1858 1830 1834 1831 1808 1839 1833 1813 1811 1813 1814 1796 1828 1816
2180 2188 2175 2200 2182 2223 2189 2163 2162 2158 2090 2114 2069 2100 2113 2095 2090 2098 2110 2109 2122 2178 2175 2229 2231 2246 2193 2171 2154 2122 2104 2077 2127 2161 2095 2077 2052 2033 2026 2011 2005 2002 2008 2027 2051 1996 2002 1984 1950 1949 1952 1949 1984 2032 2022 2001 1908 1897 1893 1891 1858 1831 1830 1826 1835 1818 1818 1834 1825 1826 1809 1815 1812 1800 1788 1795 1812 1807
2222 2174 2177 2182 2122 2096 2193 2128 2186 2127 2107 2059 2109 2146 2131 2094 2105 2111 2098 2117 2198 2172 2201 2212 2232 2195 2162 2158 2201 2129 2138 2123 2248 2215 2066 2036 2027 2018 2014 2019 1993 2000 1997 2007 2034 2037 2003 1986 1952 1959 1944 1979 2016 1997 1979 1968 1942 1922 1892 1863 1843 1845 1820 1822 1809 1819 1822 1832 1819 1805 1788 1791 1774 1772 1788 1777 1783 1792
2166 2034 2036 2038 2001 2010 1971 1948 1998 1993 2070 2062 2138 2143 2127 2096 2104 2139 2141 2126 2109 2128 2164 2198 2219 2219 2198 2137 2128 2109 2176 2140 2233 2228 2191 2158 2115 2019 2010 2017 2012 2002 1982 2014 2017 2027 2036 1978 1969 2030 2005 2010 1997 2011 1993 1934 1925 1906 1896 1859 1828 1827 1823 1831 1795 1793 1829 1795 1788 1766 1769 1767 1779 1765 1764 1770 1771 1774
2032 2032 2003 1973 1967 1938 1930 1946 2003 2101 2145 2203 2216 2228 2230 2136 2134 2156 2157 2168 2213 2154 2244 2236 2220 2190 2123 2131 2113 2119 2085 2086 2076 2074 2060 2196 2224 2106 2031 2015 2018 2018 2022 2035 2055 2026 1979 1960 2015 2025 1969 1950 1935 1942 1926 1906 1900 1886 1844 1844 1827 1795 1809 1783 1803 1812 1803 1793 1765 1759 1752 1754 1745 1756 1757 1756 1762 1773
1927 1959 1901 1919 1915 1922 1893 1951 2004 2002 2025 2045 2108 2143 2131 2010 2132 2184 2174 2149 2160 2255 2287 2216 2130 2138 2175 2202 2131 2092 2090 2103 2110 2093 2072 2159 2219 2204 2095 2050 2004 2024 2038 2062 2167 2035 1979 1998 2079 1984 1931 1915 1957 1903 1913 1891 1850 1844 1824 1811 1813 1800 1765 1798 1794 1780 1786 1769 1773 1755 1746 1751 1745 1760 1746 1761 1749 1763
1891 1870 1898 1969 1891 1865 1874 1882 1891 1904 1937 1944 1959 1951 1977 1999 2134 2217 2232 2218 2234 2257 2203 2162 2203 2131 2134 2164 2111 2118 2209 2138 2153 2122 2070 2057 2142 2193 2208 2200 2010 1999 2014 2087 2121 2077 1995 1988 1939 1957 1932 1989 1927 1889 1857 1857 1796 1817 1803 1784 1776 1783 1796 1801 1793 1760 1763 1750 1733 1730 1738 1751 1742 1729 1736 1738 1743 1738
1876 1828 1834 1845 1852 1827 1839 1838 1844 1873 1871 1890 1932 1938 1996 2049 2118 2194 2295 2276 2210 2208 2166 2133 2215 2242 2227 2178 2125 2133 2198 2190 2213 2182 2106 2047 2036 2037 2070 2128 2110 2022 2019 2036 2035 2017 2065 1946 1977 1980 2013 1984 1886 1878 1857 1835 1790 1798 1770 1781 1785 1772 1772 1770 1771 1773 1749 1731 1730 1732 1721 1724 1749 1729 1721 1734 1717 1710
1816 1810 1809 1798 1811 1817 1813 1823 1830 1844 1846 1857 1897 1956 2039 2059 2235 2279 2273 2252 2236 2271 2261 2251 2248 2243 2205 2149 2194 2176 2165 2233 2267 2204 2083 2077 2098 2031 1984 1976 2021 1980 2028 2009 2002 1994 1954 1979 2076 1975 1974 1984 1967 1859 1833 1810 1795 1783 1783 1785 1794 1781 1773 1768 1760 1752 1727 1725 1720 1706 1701 1708 1736 1722 1712 1698 1693 1693
1801 1813 1802 1801 1803 1810 1808 1812 1813 1824 1839 1856 1886 1933 2088 2106 2192 2293 2298 2267 2276 2261 2292 2280 2261 2243 2190 2225 2218 2226 2248 2240 2282 2218 2190 2174 2174 2118 2028 1979 1942 1959 2016 1979 2045 2008 1965 2008 1960 1919 1921 1976 1972 1829 1837 1803 1786 1784 1779 1786 1773 1768 1784 1765 1748 1721 1739 1710 1700 1710 1702 1714 1704 1709 1698 1693 1682 1677
1814 1808 1799 1781 1810 1828 1832 1817 1810 1829 1839 1865 1854 1896 2033 2057 2146 2202 2291 2377 2312 2279 2287 2274 2266 2247 2273 2223 2241 2202 2184 2156 2203 2150 2059 2118 2074 2037 2074 1966 1945 1930 2032 2189 2198 2069 1999 1983 1926 1934 1953 1961 1911 1839 1806 1794 1792 1803 1787 1783 1777 1772 1789 1758 1727 1732 1727 1708 1692 1692 1702 1692 1702 1694 1682 1678 1668 1658
-9999 -9999 1800 1802 1811 1824 1838 1805 1809 1824 1821 1840 1850 1901 1938 1934 1942 2112 2164 2288 2325 2327 2319 2294 2274 2242 2316 2288 2311 2232 2165 2169 2129 2108 2056 2057 1987 2010 1988 1929 1933 1991 2060 2144 2213 2008 1994 1987 1943 1925 1869 1878 1834 1809 1798 1787 1797 1793 1774 1787 1794 1788 1781 1739 1741 1711 1703 1685 1697 1691 1699 1690 1684 1676 1665 1658 1656 1646
-9999 -9999 1823 1784 1836 1788 1801 1804 1809 1828 1824 1823 1832 1850 1890 1927 1978 2034 2107 2107 2154 2246 2255 2226 2298 2334 2412 2444 2410 2303 2237 2264 2208 2214 2154 2106 2033 1967 2004 1994 1951 1918 1983 2060 2092 1997 1959 1972 1950 1896 1880 1830 1805 1796 1789 1795 1816 1788 1807 1792 1816 1801 1788 1749 1728 1708 1700 1690 1693 1684 1673 1675 1677 1641 1639 1629 1637 1616
-9999 1812 1829 1826 1836 1819 1823 1849 1865 1847 1878 1862 1878 1883 1887 1905 1918 1976 2041 2001 2082 2140 2095 2139 2203 2220 2280 2315 2474 2392 2335 2364 2317 2214 2173 2112 2095 2084 1999 1949 1942 1878 1881 1974 2067 1976 1947 1957 1937 1932 1903 1819 1811 1804 1811 1811 1808 1797 1837 1826 1791 1771 1733 1709 1691 1705 1706 1695 1678 1671 1666 1659 1659 1652 1636 1634 1615 1619
1859 1883 1891 1891 1858 1806 1805 1849 1874 1874 1862 1830 1882 1860 1884 1887 1864 1850 1840 1933 1989 2033 2017 2066 2143 2128 2157 2260 2255 2278 2274 2353 2317 2271 2230 2210 2214 2073 2057 1984 1965 1888 1895 1898 2101 1996 1969 1958 1951 2046 1913 1836 1827 1860 1838 1813 1816 1863 1817 1782 1726 1716 1694 1672 1677 1667 1681 1664 1674 1670 1658 1653 1643 1633 1624 1609 1614 1605
1835 1836 1842 1832 1827 1802 1800 1859 1850 1847 1869 1832 1858 1839 1882 1891 1857 1816 1847 1895 1970 2015 2001 2044 2031 2022 2116 2146 2131 2172 2179 2254 2280 2305 2432 2239 2116 2091 2168 2099 2056 1934 1861 1898 1929 2034 2095 2005 1997 2043 1886 1822 1873 1844 1804 1794 1864 1839 1809 1761 1719 1719 1672 1678 1684 1675 1667 1648 1655 1647 1656 1640 1630 1621 1614 1595 1605 1589
1824 1838 1849 1843 1840 1815 1858 1857 1867 1859 1845 1884 1877 1893 1888 1876 1857 1828 1857 1826 1833 1897 1944 2017 1957 1972 2057 2098 2017 2066 2105 2133 2180 2223 2278 2253 2176 2149 2159 2051 1949 1942 1877 1899 1916 1919 2004 2046 1961 1909 1856 1823 1875 1829 1785 1803 1815 1837 1747 1757 1737 1704 1681 1680 1673 1674 1666 1648 1650 1644 1641 1630 1621 1608 1617 1582 1577 1582
1837 1840 1837 1850 1859 1817 1852 1878 1884 1852 1879 1880 1869 1864 1898 1866 1873 1833 1808 1825 1812 1879 1850 1970 1912 1942 1977 2035 1948 1995 2044 1999 2034 2130 2156 2160 2164 2165 2182 2087 2009 2043 1826 1888 1913 1855 1886 1887 2000 1995 1974 1938 1917 1858 1828 1873 1809 1770 1743 1737 1704 1682 1687 1678 1667 1649 1649 1637 1645 1617 1619 1604 1597 1585 1574 1573 1574 1575
-9999 -9999 -9999 -9999 -9999 -9999 -9999 -9999 -9999 1859 1835 1832 1903 1891 1862 1880 1901 1875 1775 1785 1816 1810 1819 1852 1862 1913 1925 1931 1906 1977 1928 1949 1997 2079 2004 2087 2042 2036 2101 2132 2106 2025 1936 1866 1872 1803 1806 1851 1883 2066 2073 2045 1957 1909 1817 1797 1783 1829 1806 1733 1751 1727 1729 1691 1678 1668 1657 1650 1627 1617 1618 1602 1618 1611 1572 1572 1575 1566
-9999 -9999 -9999 -9999 -9999 -9999 -9999 -9999 -9999 -9999 -9999 -9999 -9999 1793 -9999 -9999 -9999 -9999 -9999 1876 1838 1808 1771 1791 1855 1876 1922 1877 1872 1869 2002 2008 2074 2114 2057 2033 1917 1949 1943 1996 2029 2000 1967 1943 1908 1811 1820 1814 1807 1909 2119 2083 2045 1947 1887 1794 1768 1767 1778 1760 1716 1714 1720 1702 1687 1665 1657 1646 1614 1615 1605 1621 1614 1597 1568 1565 1558 1542
-9999 -9999 -9999 -9999 -9999 -9999 -9999 -9999 -9999 -9999 -9999 -9999 -9999 -9999 -9999 -9999 -9999 -9999 -9999 -9999 1808 1762 1765 1781 1784 1804 1804 1795 1900 1916 1948 1981 1989 2029 2091 2032 1986 1911 1892 1881 1904 1885 1959 1939 1984 1862 1865 1750 1717 1793 1875 2034 2111 2026 1982 1833 1764 1742 1744 1702 1682 1656 1675 1695 1703 1706 1650 1632 1614 1625 1625 1617 1588 1576 1563 1570 1561 1542
-9999 -9999 -9999 -9999 -9999 -9999 -9999 -9999 -9999 -9999 -9999 -9999 -9999 -9999 -9999 -9999 -9999 -9999 -9999 -9999 -9999 -9999 -9999 1773 1767 1793 1795 1822 1828 1865 1922 1902 1923 1950 1997 2127 2022 1966 1855 1814 1796 1840 1835 1886 1859 1877 1914 1743 1721 1705 1747 1885 2067 2081 2032 1994 1826 1746 1752 1677 1689 1673 1676 1661 1697 1712 1679 1680 1635 1640 1631 1618 1595 1573 1565 1535 1551 1540
-9999 -9999 -9999 -9999 -9999 -9999 -9999 -9999 -9999 -9999 -9999 -9999 -9999 -9999 -9999 -9999 -9999 -9999 -9999 -9999 -9999 -9999 -9999 -9999 -9999 1776 1775 1805 1798 1819 1865 1880 1881 1864 1939 2056 1972 1918 1834 1815 1789 1855 1757 1758 1741 1808 1866 1833 1788 1799 1706 1789 1957 2189 2115 2090 1958 1841 1718 1684 1666 1642 1642 1664 1656 1658 1665 1658 1652 1653 1637 1593 1595 1563 1560 1527 1530 -9999
-9999 -9999 -9999 -9999 -9999 -9999 -9999 -9999 -9999 -9999 -9999 -9999 -9999 -9999 -9999 -9999 -9999 -9999 -9999 -9999 -9999 -9999 -9999 -9999 -9999 -9999 1778 1774 1783 1810 1864 1888 1825 1798 1853 1907 1874 1900 1846 1808 1774 1821 1777 1718 1705 1713 1710 1736 1757 1727 1688 1749 1795 1995 2135 2085 1948 1855 1771 1666 1666 1642 1621 1626 1652 1625 1637 1663 1653 1606 1614 1623 1577 1581 1529 1540 1520 -9999
-9999 -9999 -9999 -9999 -9999 -9999 -9999 -9999 -9999 -9999 -9999 -9999 -9999 -9999 -9999 -9999 -9999 -9999 -9999 -9999 -9999 -9999 -9999 -9999 -9999 -9999 -9999 -9999 1781 1847 1818 1870 1902 1763 1811 1853 1829 1868 1808 1780 1739 1744 1823 1745 1700 1687 1699 -9999 1692 1687 1779 1839 1787 1851 2057 2164 2032 1962 1898 1760 1646 1614 1619 1622 1629 1600 1621 1617 1644 1612 1591 1599 1571 1566 1548 1542 1525 -9999
-9999 -9999 -9999 -9999 -9999 -9999 -9999 -9999 -9999 -9999 -9999 -9999 -9999 -9999 -9999 -9999 -9999 -9999 -9999 -9999 -9999 -9999 -9999 -9999 -9999 -9999 -9999 -9999 -9999 1799 1858 1800 1875 1768 1896 1791 1847 1815 1808 1787 1818 1723 1721 1726 1709 1684 1690 -9999 1687 1676 -9999 1700 1693 1768 1837 1959 1932 1948 1972 1908 1796 1633 1614 1609 1602 1603 1603 1599 1608 1603 1585 1579 1546 1542 1535 -9999 -9999 -9999
-9999 -9999 -9999 -9999 -9999 -9999 -9999 -9999 -9999 -9999 -9999 -9999 -9999 -9999 -9999 -9999 -9999 -9999 -9999 -9999 -9999 -9999 -9999 -9999 -9999 -9999 -9999 -9999 -9999 -9999 -9999 -9999 1869 1746 1766 1783 1742 1835 1852 1871 1773 1708 1815 1819 1713 1789 1759 1765 1667 -9999 -9999 -9999 1712 1705 1712 1736 1747 1718 1771 1896 1916 1816 1610 1605 1596 1589 1590 1579 1588 1565 1547 -9999 -9999 -9999 -9999 -9999 -9999 -9999
