Old Sample Data/pc1.asc
ncols         1535
nrows         418
xllcorner     -86.908090449054
yllcorner     19.808370557989
cellsize      0.0083333333333333
NODATA_value  -9999
[rows 272 to 305 of 418, columns 1092 to 1169 of 1535]
2403 2419 2421 2418 2401 2411 2408 2407 2414 2416 2436 2449 2457 2409 2366 2374 2386 2391 2383 2419 2400 2409 2397 2399 2404 2397 2391 2408 2411 2400 2423 2407 2419 2420 2427 2424 2418 2414 2425 2428 2400 2403 2388 2415 2397 2380 2362 2348 2339 2318 2332 2312 2298 2302 2288 2278 2274 2270 2242 2244 2233 2226 2210 2194 2214 2205 2198 2181 2167 2167 2171 2167 2139 2158 2151 2160 2146 2151
2415 2428 2412 2409 2416 2399 2409 2390 2390 2406 2442 2443 2442 2396 2381 2405 2375 2390 2397 2392 2401 2386 2378 2392 2395 2391 2395 2400 2408 2414 2407 2414 2424 2433 2431 2413 2419 2427 2437 2421 2421 2414 2408 2389 2387 2395 2369 2346 2335 2337 2333 2336 2304 2300 2285 2282 2265 2270 2245 2235 2227 2202 2197 2196 2192 2177 2184 2180 2169 2171 2170 2172 2161 2173 2155 2164 2165 2141
2400 2412 2421 2406 2410 2380 2380 2396 2405 2394 2416 2450 2416 2418 2371 2403 2376 2376 2381 2388 2387 2381 2378 2389 2388 2421 2415 2401 2408 2425 2404 2425 2429 2424 2431 2444 2414 2446 2449 2429 2431 2421 2413 2411 2400 2397 2354 2340 2354 2354 2335 2320 2309 2314 2299 2290 2271 2261 2249 2241 2216 2213 2203 2195 2187 2197 2197 2180 2185 2169 2166 2164 2155 2161 2159 2163 2160 2123
2410 2405 2420 2413 2406 2402 2408 2408 2396 2403 2408 2416 2419 2382 2385 2410 2394 2395 2388 2407 2396 2384 2379 2390 2406 2390 2396 2402 2399 2406 2415 2419 2416 2406 2432 2440 2447 2450 2431 2440 2437 2423 2421 2407 2399 2369 2372 2344 2351 2364 2337 2327 2321 2303 2266 2266 2250 2267 2252 2232 2227 2216 2206 2204 2185 2182 2198 2174 2153 2171 2157 2152 2152 2151 2133 2139 2129 2127
2402 2421 2434 2415 2416 2404 2415 2403 2388 2392 2400 2380 2374 2382 2406 2390 2386 2381 2388 2384 2387 2402 2387 2398 2392 2398 2394 2386 2400 2404 2414 2412 2416 2428 2417 2445 2424 2439 2423 2413 2435 2420 2413 2394 2376 2373 2362 2348 2373 2332 2332 2335 2313 2288 2284 2285 2267 2256 2251 2234 2229 2224 2210 2201 2207 2195 2181 2171 2167 2167 2162 2153 2147 2151 2139 2139 2139 2127
2431 2415 2423 2429 2421 2400 2408 2379 2410 2395 2394 2407 2413 2387 2394 2372 2391 2387 2392 2382 2386 2396 2370 2381 2392 2395 2388 2393 2396 2397 2427 2413 2431 2436 2437 2429 2447 2423 2431 2420 2434 2428 2417 2402 2383 2396 2368 2369 2359 2337 2324 2331 2303 2296 2288 2284 2272 2249 2238 2230 2219 2221 2194 2195 2193 2189 2180 2169 2160 2158 2154 2145 2158 2141 2128 2139 2156 2152
2413 2417 2423 2410 2414 2420 2400 2403 2401 2387 2389 2396 2381 2396 2382 2390 2376 2389 2384 2397 2391 2394 2388 2395 2399 2405 2405 2406 2384 2421 2445 2450 2456 2423 2422 2438 2438 2427 2440 2431 2427 2421 2427 2418 2410 2397 2387 2361 2339 2349 2324 2328 2316 2311 2283 2279 2270 2236 2230 2221 2215 2216 2194 2192 2199 2191 2166 2173 2162 2162 2149 2159 2143 2144 2128 2124 2131 2139
2409 2407 2423 2418 2412 2404 2391 2404 2389 2390 2374 2392 2383 2386 2380 2386 2391 2394 2396 2392 2398 2394 2383 2400 2401 2410 2418 2391 2417 2428 2429 2430 2445 2432 2428 2433 2437 2434 2432 2430 2417 2427 2421 2422 2403 2401 2375 2362 2360 2334 2332 2318 2309 2287 2287 2261 2243 2224 2205 2195 2209 2195 2204 2188 2184 2181 2172 2176 2139 2163 2153 2142 2157 2139 2131 2123 2124 2116
2419 2421 2427 2414 2412 2413 2405 2397 2399 2388 2378 2385 2400 2394 2394 2403 2406 2377 2388 2394 2386 2400 2410 2415 2424 2423 2399 2411 2412 2418 2405 2405 2413 2415 2427 2434 2417 2420 2421 2425 2439 2426 2424 2375 2396 2381 2385 2368 2353 2326 2318 2298 2284 2273 2257 2242 2235 2235 2211 2203 2196 2204 2199 2197 2192 2179 2188 2186 2164 2167 2150 2149 2133 2124 2118 2127 2113 2106
2407 2403 2419 2409 2413 2412 2416 2398 2395 2401 2386 2388 2390 2389 2389 2382 2378 2381 2377 2401 2410 2388 2410 2400 2417 2408 2401 2397 2394 2401 2400 2412 2418 2403 2428 2428 2427 2424 2429 2425 2405 2419 2414 2368 2360 2378 2360 2345 2337 2320 2318 2314 2301 2273 2250 2249 2241 2228 2217 2213 2197 2198 2199 2204 2187 2192 2198 2168 2172 2169 2143 2142 2129 2124 2128 2119 2124 2130
2428 2413 2398 2409 2414 2402 2405 2393 2400 2406 2402 2390 2385 2388 2395 2374 2380 2378 2392 2395 2402 2405 2369 2402 2397 2378 2393 2398 2392 2386 2390 2412 2423 2394 2418 2421 2425 2403 2413 2422 2378 2378 2368 2364 2359 2337 2332 2318 2304 2303 2298 2293 2276 2263 2262 2259 2244 2223 2218 2223 2218 2197 2196 2182 2185 2167 2162 2189 2145 2146 2135 2138 2113 2110 2108 2121 2113 2113
2412 2394 2389 2393 2397 2396 2406 2394 2392 2401 2381 2389 2386 2397 2383 2390 2382 2379 2389 2405 2377 2413 2416 2382 2399 2383 2394 2401 2396 2376 2383 2383 2406 2405 2402 2411 2414 2393 2408 2407 2375 2373 2374 2352 2358 2336 2345 2322 2315 2297 2302 2298 2291 2260 2251 2253 2231 2220 2225 2221 2205 2192 2190 2185 2174 2157 2158 2146 2144 2139 2138 2126 2130 2118 2113 2106 2131 2116
2381 2395 2380 2396 2394 2395 2397 2400 2392 2399 2382 2393 2398 2391 2400 2373 2393 2367 2380 2403 2398 2377 2390 2381 2400 2399 2392 2379 2375 2377 2377 2398 2395 2397 2393 2399 2399 2399 2396 2366 2363 2363 2360 2353 2360 2329 2329 2313 2314 2311 2319 2319 2301 2270 2263 2255 2249 2237 2225 2208 2200 2193 2181 2167 2167 2150 2150 2143 2148 2123 2132 2120 2118 2110 2112 2139 2135 2129
2386 2393 2385 2398 2391 2402 2403 2400 2397 2379 2378 2399 2400 2383 2403 2390 2382 2390 2388 2373 2394 2396 2409 2406 2401 2376 2383 2367 2371 2378 2378 2379 2380 2391 2378 2384 2367 2373 2373 2371 2358 2377 2345 2362 2325 2324 2319 2311 2309 2323 2313 2305 2287 2265 2256 2236 2229 2217 2219 2205 2174 2160 2156 2166 2158 2153 2129 2133 2134 2112 2104 2122 2109 2124 2114 2136 2118 2110
2382 2364 2391 2361 2388 2389 2404 2386 2395 2389 2395 2396 2381 2395 2385 2388 2385 2391 2388 2391 2383 2387 2393 2398 2383 2386 2364 2373 2393 2411 2380 2377 2373 2370 2367 2369 2366 2363 2373 2353 2357 2347 2353 2353 2316 2319 2319 2302 2291 2300 2305 2285 2262 2258 2247 2230 2207 2209 2197 2171 2164 2146 2178 2157 2157 2136 2140 2134 2119 2116 2119 2130 2117 2138 2116 2107 2120 2110
2375 2377 2364 2370 2378 2394 2392 2401 2397 2402 2395 2369 2381 2390 2384 2387 2385 2380 2375 2374 2375 2384 2398 2369 2379 2382 2370 2368 2372 2400 2386 2378 2364 2363 2372 2365 2373 2366 2362 2349 2354 2352 2354 2344 2334 2309 2310 2307 2301 2293 2277 2273 2258 2242 2219 2209 2188 2188 2181 2175 2148 2155 2136 2154 2133 2141 2143 2125 2122 2117 2122 2136 2115 2132 2121 2107 2104 2105
2368 2373 2375 2383 2379 2387 2385 2387 2397 2378 2392 2398 2378 2392 2388 2393 2373 2383 2372 2374 2375 2397 2389 2378 2388 2358 2375 2374 2369 2383 2356 2359 2375 2353 2367 2362 2357 2351 2349 2358 2343 2332 2343 2335 2331 2315 2307 2283 2297 2288 2271 2260 2231 2223 2211 2185 2200 2195 2182 2183 2153 2157 2148 2132 2149 2140 2129 2107 2131 2126 2139 2106 2117 2107 2113 2102 2105 2100
2345 2358 2369 2379 2379 2380 2383 2382 2381 2372 2394 2384 2401 2397 2396 2397 2379 2380 2371 2386 2395 2386 2388 2392 2381 2365 2365 2359 2374 2379 2357 2378 2361 2364 2364 2353 2349 2360 2350 2351 2324 2322 2339 2332 2321 2303 2297 2271 2286 2263 2250 2229 2222 2235 2195 2174 2202 2198 2194 2168 2150 2163 2156 2146 2136 2137 2106 2111 2108 2097 2129 2112 2081 2100 2104 2090 2091 2084
2357 2361 2348 2372 2359 2365 2389 2383 2368 2381 2387 2364 2380 2391 2399 2391 2378 2380 2376 2361 2376 2385 2393 2374 2385 2387 2365 2353 2378 2362 2345 2355 2342 2353 2365 2352 2362 2340 2351 2348 2318 2331 2337 2315 2312 2299 2293 2267 2258 2259 2244 2237 2221 2203 2193 2177 2188 2179 2181 2165 2149 2159 2140 2131 2117 2127 2121 2108 2119 2084 2089 2072 2088 2099 2095 2100 2090 2106
2336 2352 2351 2369 2368 2366 2369 2376 2374 2379 2373 2371 2379 2366 2375 2372 2367 2371 2379 2369 2388 2388 2379 2377 2384 2381 2365 2366 2367 2341 2341 2331 2336 2351 2363 2360 2346 2319 2354 2351 2337 2330 2327 2299 2300 2297 2274 2248 2234 2238 2230 2219 2198 2219 2193 2177 2178 2163 2154 2163 2133 2144 2125 2119 2109 2116 2111 2127 2129 2080 2073 2076 2106 2100 2096 2097 2089 2099
2342 2338 2342 2351 2344 2341 2349 2355 2351 2361 2360 2371 2360 2373 2376 2374 2376 2377 2380 2379 2370 2373 2381 2366 2384 2367 2377 2375 2354 2363 2332 2332 2336 2339 2356 2350 2359 2328 2348 2339 2309 2329 2321 2318 2287 2279 2263 2239 2235 2223 2213 2209 2209 2187 2187 2191 2165 2163 2157 2142 2135 2133 2124 2114 2110 2095 2106 2113 2082 2084 2079 2080 2074 2071 2072 2092 2099 2082
2341 2344 2337 2344 2341 2344 2356 2342 2351 2358 2360 2352 2372 2368 2364 2361 2372 2373 2359 2377 2373 2360 2367 2373 2377 2374 2352 2375 2378 2356 2350 2331 2326 2330 2362 2347 2346 2343 2325 2323 2300 2309 2289 2286 2262 2248 2245 2233 2226 2219 2217 2209 2194 2194 2191 2182 2178 2158 2132 2127 2125 2133 2119 2092 2092 2094 2085 2075 2095 2081 2083 2062 2075 2080 2081 2076 2080 2080
2336 2330 2330 2344 2369 2370 2349 2351 2364 2364 2352 2353 2352 2366 2354 2356 2355 2363 2364 2364 2351 2349 2363 2373 2355 2367 2335 2357 2349 2355 2354 2339 2328 2324 2322 2349 2319 2335 2305 2306 2280 2293 2285 2271 2263 2258 2236 2220 2220 2220 2217 2197 2186 2182 2161 2176 2160 2146 2132 2124 2114 2111 2114 2088 2090 2091 2079 2091 2085 2069 2070 2088 2089 2071 2078 2076 2082 2086
2319 2318 2321 2337 2337 2345 2348 2338 2347 2351 2349 2353 2356 2345 2357 2351 2344 2352 2355 2357 2356 2336 2352 2355 2356 2353 2333 2336 2344 2345 2344 2344 2326 2337 2333 2310 2310 2315 2302 2299 2292 2284 2280 2263 2254 2231 2226 2229 2218 2205 2210 2208 2191 2188 2165 2158 2138 2137 2139 2126 2100 2115 2111 2092 2094 2099 2091 2084 2074 2066 2091 2087 2093 2070 2075 2078 2063 2080
2316 2317 2320 2321 2334 2339 2338 2335 2342 2341 2343 2350 2338 2345 2342 2343 2321 2344 2342 2352 2346 2333 2357 2328 2332 2329 2335 2343 2345 2341 2326 2334 2328 2333 2324 2313 2316 2310 2301 2294 2288 2280 2251 2242 2239 2241 2222 2223 2220 2221 2220 2196 2184 2164 2172 2160 2125 2116 2123 2135 2121 2105 2107 2096 2087 2089 2105 2083 2065 2059 2085 2092 2084 2075 2080 2083 2061 2078
2315 2317 2318 2312 2315 2315 2317 2316 2314 2334 2329 2337 2338 2341 2341 2333 2338 2338 2332 2332 2336 2332 2332 2334 2326 2347 2343 2338 2350 2335 2332 2328 2328 2318 2323 2314 2314 2304 2297 2285 2280 2256 2249 2256 2228 2226 2217 2224 2209 2197 2199 2193 2179 2170 2164 2128 2104 2095 2084 2104 2108 2101 2080 2092 2081 2082 2073 2090 2078 2082 2089 2087 2093 2084 2073 2084 2066 2080
2305 2305 2300 2306 2308 2308 2306 2319 2313 2314 2328 2327 2315 2333 2328 2336 2343 2335 2319 2323 2329 2329 2329 2323 2333 2344 2328 2311 2327 2327 2324 2318 2306 2306 2310 2311 2309 2292 2280 2269 2255 2251 2246 2245 2233 2219 2220 2212 2206 2192 2184 2185 2173 2161 2149 2145 2102 2109 2095 2090 2076 2090 2080 2079 2068 2074 2086 2078 2085 2087 2082 2085 2087 2081 2081 2065 2070 2075
2306 2328 2322 2317 2324 2304 2322 2323 2322 2323 2317 2322 2331 2328 2331 2324 2341 2320 2325 2316 2337 2324 2325 2318 2329 2344 2315 2300 2303 2310 2324 2310 2319 2317 2299 2309 2296 2265 2267 2264 2250 2248 2236 2236 2222 2215 2215 2208 2193 2182 2180 2174 2133 2140 2149 2134 2097 2107 2094 2086 2089 2078 2079 2079 2066 2076 2082 2077 2090 2087 2092 2088 2077 2073 2065 2068 2069 2082
2311 2317 2310 2309 2321 2314 2320 2320 2302 2318 2307 2304 2320 2323 2315 2308 2317 2310 2329 2327 2326 2333 2335 2318 2333 2314 2313 2304 2309 2311 2322 2316 2311 2306 2289 2290 2265 2269 2256 2258 2248 2238 2239 2223 2217 2211 2204 2202 2180 2174 2174 2142 2144 2126 2113 2121 2100 2106 2091 2094 2087 2079 2079 2075 2106 2083 2070 2072 2089 2067 2086 2084 2083 2078 2079 2081 2078 2063
2297 2307 2313 2304 2294 2301 2314 2318 2318 2320 2308 2310 2303 2305 2310 2302 2298 2301 2298 2300 2302 2312 2299 2302 2304 2294 2300 2301 2307 2308 2311 2294 2301 2298 2285 2271 2276 2276 2261 2251 2240 2242 2233 2212 2197 2185 2175 2193 2178 2162 2163 2143 2151 2137 2111 2109 2118 2118 2108 2093 2079 2079 2088 2103 2090 2076 2079 2077 2090 2083 2066 2069 2072 2067 2063 2074 2067 2071
2306 2300 2304 2305 2299 2310 2307 2305 2305 2297 2296 2296 2301 2304 2298 2295 2296 2296 2296 2298 2297 2299 2303 2291 2289 2294 2299 2306 2296 2285 2294 2301 2295 2291 2274 2267 2270 2271 2248 2233 2236 2229 2216 2201 2191 2189 2172 2166 2151 2152 2155 2150 2144 2141 2136 2122 2120 2102 2099 2091 2089 2096 2091 2077 2079 2065 2068 2060 2091 2062 2064 2070 2056 2062 2073 2066 2065 2062
2306 2300 2297 2305 2299 2295 2302 2297 2290 2291 2295 2295 2302 2292 2293 2301 2299 2302 2294 2304 2292 2299 2280 2299 2293 2285 2285 2288 2283 2283 2276 2282 2277 2280 2271 2271 2266 2242 2237 2236 2232 2227 2203 2195 2188 2178 2171 2155 2152 2154 2158 2139 2138 2141 2138 2115 2108 2104 2097 2101 2085 2084 2073 2068 2065 2053 2043 2040 2084 2069 2060 2055 2068 2060 2054 2065 2066 2059
2297 2299 2289 2285 2285 2286 2283 2278 2280 2280 2291 2299 2289 2288 2267 2290 2290 2293 2295 2299 2289 2294 2277 2283 2281 2283 2281 2290 2283 2278 2270 2268 2257 2268 2272 2272 2267 2237 2229 2239 2223 2210 2203 2189 2168 2159 2150 2149 2159 2151 2153 2143 2145 2128 2129 2112 2101 2098 2107 2084 2083 2072 2059 2075 2056 2047 2046 2064 2064 2074 2053 2059 2062 2069 2072 2065 2067 2070
2284 2280 2270 2271 2272 2273 2265 2270 2279 2269 2272 2280 2274 2272 2267 2277 2286 2294 2294 2290 2286 2282 2279 2263 2280 2273 2283 2279 2273 2268 2264 2267 2263 2250 2251 2268 2252 2228 2238 2229 2216 2206 2179 2175 2161 2159 2165 2162 2164 2153 2150 2156 2143 2132 2111 2118 2106 2078 2073 2076 2081 2066 2062 2066 2052 2047 2051 2054 2072 2078 2062 2072 2078 2070 2076 2053 2060 2073
