pc2.asc
ncols         1535
nrows         418
xllcorner     -86.908090449054
yllcorner     19.808370557989
cellsize      0.0083333333333333
NODATA_value  -9999
[rows 102 to 135 of 418, columns 858 to 935 of 1535]
1829 1838 1863 1842 1862 1843 1822 1814 1807 1788 1790 1794 1773 1783 1779 1831 1834 1836 1819 1832 1838 1805 1830 1837 1845 1841 1819 1842 1849 1865 1865 1861 1866 1883 1876 1896 1909 1924 1937 1930 1931 1920 1937 1944 1944 1933 -9999 -9999 -9999 -9999 -9999 -9999 -9999 -9999 -9999 -9999 -9999 -9999 -9999 -9999 -9999 -9999 -9999 1995 -9999 -9999 -9999 -9999 -9999 -9999 -9999 -9999 -9999 -9999 -9999 -9999 -9999 -9999
1741 1794 1842 1825 1833 1846 1840 1809 1800 1792 1800 1783 1755 1763 1771 1760 1786 1780 1810 1822 1802 1807 1821 1830 1838 1826 1840 1822 1827 1847 1855 1858 1868 1887 1890 1887 1890 1902 1901 1930 1915 1911 1926 1937 1939 1947 1939 -9999 -9999 -9999 -9999 -9999 -9999 -9999 -9999 -9999 -9999 -9999 -9999 -9999 -9999 -9999 1998 1998 -9999 -9999 -9999 -9999 -9999 -9999 -9999 -9999 -9999 -9999 -9999 -9999 -9999 -9999
1758 1802 1821 1828 1831 1841 1833 1846 1826 1799 1792 1775 1763 1762 1775 1754 1756 1761 1786 1773 1788 1783 1802 1793 1819 1829 1825 1802 1820 1812 1851 1832 1869 1866 1873 1863 1871 1902 1905 1923 1920 1909 1932 1951 1951 1949 1957 1946 1945 -9999 -9999 -9999 -9999 -9999 -9999 -9999 -9999 -9999 -9999 -9999 -9999 -9999 -9999 -9999 -9999 -9999 -9999 -9999 -9999 -9999 -9999 -9999 -9999 -9999 -9999 -9999 -9999 -9999
1784 1795 1792 1836 1810 1817 1833 1850 1843 1801 1811 1760 1758 1744 1729 1765 1752 1744 1740 1787 1783 1792 1778 1801 1801 1801 1800 1818 1812 1815 1812 1808 1830 1836 1850 1855 1871 1862 1874 1902 1943 1935 1903 1941 1954 1956 1973 1965 1945 1961 1963 1966 -9999 -9999 -9999 -9999 -9999 -9999 -9999 -9999 -9999 -9999 -9999 -9999 -9999 -9999 -9999 -9999 -9999 -9999 -9999 -9999 -9999 -9999 -9999 -9999 -9999 -9999
1798 1778 1777 1789 1818 1800 1815 1823 1826 1812 1806 1793 1758 1748 1723 1740 1715 1757 1754 1755 1753 1776 1767 1754 1770 1808 1801 1793 1810 1818 1804 1813 1834 1833 1838 1839 1846 1864 1857 1871 1861 1930 1930 1935 1960 1962 1961 1959 1959 1968 1960 1977 1963 1980 -9999 -9999 -9999 -9999 -9999 1963 -9999 -9999 -9999 -9999 -9999 -9999 -9999 -9999 -9999 -9999 -9999 -9999 -9999 -9999 -9999 -9999 -9999 -9999
1793 1781 1782 1767 1786 1803 1795 1833 1826 1824 1809 1797 1808 1769 1763 1732 1712 1716 1732 1725 1752 1740 1762 1757 1758 1766 1794 1811 1808 1813 1817 1813 1826 1810 1803 1818 1826 1844 1840 1862 1844 1858 1866 1931 1932 1928 1957 1953 1956 1966 1953 1955 1967 1969 1963 1978 1969 1972 -9999 1963 -9999 -9999 -9999 -9999 -9999 -9999 -9999 -9999 -9999 -9999 -9999 -9999 -9999 -9999 2013 2020 2008 -9999
1824 1794 1811 1786 1785 1800 1779 1798 1797 1810 1796 1813 1820 1803 1768 1753 1750 1713 1715 1715 1727 1722 1731 1737 1749 1752 1739 1771 1782 1771 1790 1814 1807 1814 1832 1814 1831 1828 1832 1831 1836 1855 1863 1846 1874 1859 1925 1955 1947 1960 1952 1953 1955 1954 1962 1964 1968 1988 -9999 -9999 -9999 -9999 -9999 -9999 1998 2000 2001 -9999 -9999 -9999 -9999 -9999 -9999 -9999 2016 1985 2006 2003
1817 1821 1781 1804 1760 1746 1755 1781 1781 1791 1788 1770 1767 1803 1782 1780 1763 1730 1720 1701 1721 1712 1729 1730 1715 1733 1731 1742 1751 1752 1793 1806 1815 1818 1815 1820 1825 1825 1844 1848 1830 1841 1845 1864 1843 1863 1861 1909 1923 1943 1943 1952 1951 1967 1972 1966 1966 1961 1983 1985 1980 -9999 -9999 1980 1999 1990 1994 1999 2000 2000 -9999 -9999 -9999 1979 2004 2003 1996 1989
1801 1788 1809 1784 1779 1732 1724 1732 1763 1779 1782 1768 1748 1768 1773 1791 1768 1751 1736 1716 1687 1700 1707 1707 1698 1713 1713 1723 1743 1729 1726 1748 1781 1802 1810 1813 1815 1813 1822 1825 1828 1833 1837 1852 1837 1852 1870 1860 1871 1946 1944 1955 1946 1952 1962 1968 1987 1977 1980 1976 1977 1986 1986 1990 1984 2001 1987 1997 1997 1990 1989 1991 1979 1981 1977 1996 2000 1988
1802 1789 1796 1787 1687 1723 1691 1663 1683 1747 1750 1770 1763 1743 1767 1781 1771 1757 1745 1716 1712 1694 1705 1693 1696 1701 1712 1704 1724 1712 1729 1724 1750 1734 1817 1811 1820 1809 1813 1833 1839 1826 1833 1847 1841 1838 1870 1877 1866 1880 1923 1950 1949 1969 1964 1972 1972 1968 1972 1988 1990 1977 1978 1994 1990 1978 1984 1987 1986 1976 1981 1982 1986 1987 1988 1987 1994 1995
1807 1805 1804 1792 1790 1737 1715 1667 1653 1667 1696 1721 1750 1767 1734 1761 1772 1751 1741 1743 1706 1706 1706 1706 1696 1699 1700 1678 1686 1703 1729 1705 1734 1735 1737 1797 1803 1804 1819 1789 1790 1820 1826 1832 1840 1837 1836 1879 1871 1875 1917 1917 1957 1947 1965 1963 1974 1978 1951 1977 1986 1996 1973 1976 1977 1977 1975 1980 1970 1975 1975 1979 1980 1983 1988 1993 1996 2003
1810 1805 1806 1794 1788 1763 1727 1680 1681 1674 1670 1711 1730 1731 1755 1744 1735 1746 1727 1739 1712 1721 1700 1708 1693 1686 1690 1688 1668 1697 1686 1703 1729 1724 1732 1739 1781 1800 1809 1784 1792 1786 1820 1813 1831 1830 1834 1838 1860 1866 1868 1908 1937 1952 1939 1960 1959 1966 1937 1940 1973 1976 1980 1971 1972 1970 1973 1966 1964 1972 1972 1980 1981 1984 1989 1987 1989 1996
1783 1796 1791 1790 1776 1762 1748 1712 1726 1710 1683 1724 1712 1702 1709 1733 1719 1750 1742 1715 1718 1712 1724 1706 1704 1721 1709 1701 1698 1686 1690 1700 1690 1691 1727 1734 1740 1752 1791 1769 1788 1791 1808 1804 1815 1827 1844 1829 1849 1832 1858 1866 1842 1872 1927 1931 1939 1933 1924 1940 1949 1948 1949 1962 1972 1975 1963 1968 1966 1974 1979 1983 1990 1998 1991 2001 2001 1984
1776 1780 1773 1766 1748 1721 1740 1733 1729 1714 1690 1687 1695 1689 1672 1713 1723 1718 1719 1730 1728 1717 1717 1745 1727 1723 1710 1715 1711 1693 1679 1660 1679 1669 1696 1687 1714 1741 1750 1733 1773 1795 1783 1790 1786 1806 1819 1825 1829 1824 1822 1830 1838 1841 1866 1860 1904 1936 1936 1940 1928 1947 1950 1945 1976 1977 1980 1963 1970 1975 1975 1994 1989 1988 1997 1989 1986 1987
1753 1765 1782 1757 1757 1731 1719 1735 1719 1688 1689 1689 1672 1682 1674 1690 1704 1724 1698 1714 1727 1716 1719 1734 1745 1738 1737 1711 1727 1714 1699 1689 1671 1673 1672 1695 1690 1700 1716 1739 1732 1738 1781 1777 1790 1775 1794 1801 1805 1817 1817 1827 1832 1836 1851 1849 1882 1875 1916 1937 1940 1939 1940 1938 1957 1976 1982 1988 1977 1980 1982 1979 1993 1991 1984 1998 1995 1989
1747 1765 1750 1787 1758 1753 1717 1713 1703 1708 1707 1707 1703 1694 1697 1682 1699 1680 1686 1700 1718 1721 1730 1731 1741 1753 1732 1731 1723 1754 1735 1719 1698 1672 1675 1672 1671 1670 1694 1710 1700 1732 1733 1735 1759 1765 1758 1798 1765 1776 1804 1781 1789 1812 1806 1848 1818 1840 1903 1878 1887 1935 1939 1964 1955 1981 1977 1991 1984 1993 1980 1980 1984 1988 1988 1989 1991 1982
1758 1735 1742 1763 1762 1733 1710 1707 1708 1703 1708 1689 1689 1677 1678 1698 1689 1683 1700 1717 1704 1707 1721 1722 1738 1750 1739 1749 1762 1720 1722 1720 1754 1732 1733 1691 1678 1661 1668 1668 1693 1706 1710 1709 1748 1741 1741 1759 1755 1777 1771 1770 1766 1768 1798 1805 1807 1801 1818 1840 1904 1871 1857 1871 1956 1953 1966 1949 1970 1983 1977 1977 1982 1983 1981 1978 1978 1979
1737 1731 1742 1743 1725 1729 1709 1712 1703 1700 1705 1694 1710 1705 1722 1700 1676 1709 1704 1720 1695 1689 1712 1711 1723 1729 1749 1745 1743 1746 1759 1740 1719 1720 1742 1731 1729 1698 1705 1681 1685 1667 1679 1686 1697 1695 1693 1718 1721 1722 1765 1751 1766 1770 1774 1776 1775 1808 1800 1805 1821 1834 1847 1879 1888 1914 1908 1947 1947 1951 1956 1961 1973 1974 1978 1976 1973 1982
1718 1709 1723 1727 1724 1721 1716 1684 1687 1681 1685 1671 1701 1710 1728 1687 1719 1714 1720 1689 1697 1679 1698 1710 1709 1728 1742 1748 1745 1735 1743 1748 1750 1761 1762 1707 1708 1715 1733 1706 1718 1710 1701 1678 1683 1697 1688 1687 1697 1713 1735 1727 1743 1746 1749 1769 1759 1773 1797 1805 1807 1807 1810 1831 1824 1829 1842 1870 1916 1928 1943 1952 1972 1965 1968 1970 1978 1980
1715 1696 1728 1697 1692 1684 1696 1687 1694 1696 1690 1704 1701 1691 1720 1717 1708 1707 1728 1725 1705 1720 1694 1703 1714 1723 1760 1754 1755 1741 1744 1737 1737 1741 1737 1743 1741 1760 1755 1744 1736 1703 1708 1708 1728 1717 1707 1679 1685 1691 1696 1702 1709 1730 1744 1745 1740 1762 1762 1787 1802 1790 1804 1815 1808 1817 1818 1815 1810 1834 1856 1875 1926 1956 1957 1961 1959 1957
1703 1710 1712 1716 1712 1678 1689 1700 1690 1683 1693 1694 1721 1707 1718 1684 1680 1686 1718 1730 1723 1717 1722 1720 1730 1755 1761 1751 1756 1754 1759 1732 1751 1751 1759 1771 1772 1756 1736 1746 1750 1759 1745 1739 1743 1713 1697 1698 1679 1684 1682 1687 1690 1698 1721 1732 1744 1736 1749 1760 1780 1794 1786 1786 1788 1796 1807 1800 1799 1800 1809 1832 1873 1907 1942 1955 1951 1960
1712 1688 1699 1716 1696 1708 1700 1681 1696 1713 1713 1691 1693 1702 1697 1708 1677 1678 1706 1717 1725 1736 1732 1722 1750 1754 1740 1748 1756 1765 1758 1762 1744 1739 1737 1729 1741 1749 1741 1752 1765 1738 1743 1750 1754 1745 1743 1731 1721 1711 1695 1655 1670 1671 1698 1691 1728 1730 1725 1751 1747 1767 1783 1780 1775 1790 1763 1797 1791 1798 1796 1803 1820 1837 1876 1933 1942 1945
1693 1680 1696 1719 1708 1714 1702 1695 1707 1708 1699 1713 1719 1726 1730 1718 1703 1696 1687 1699 1698 1716 1716 1731 1740 1731 1735 1752 1763 1761 1757 1756 1760 1765 1738 1749 1732 1738 1773 1751 1759 1751 1752 1757 1750 1752 1739 1741 1740 1717 1694 1682 1663 1653 1697 1678 1692 1709 1731 1724 1747 1749 1753 1755 1760 1761 1758 1767 1770 1774 1774 1770 1793 1801 1829 1832 1933 1931
1708 1712 1704 1712 1714 1706 1700 1714 1709 1710 1717 1712 1723 1712 1713 1707 1707 1700 1695 1699 1703 1688 1706 1716 1724 1728 1723 1753 1738 1751 1767 1757 1769 1765 1745 1731 1737 1759 1735 1745 1721 1749 1752 1750 1774 1766 1750 1754 1735 1743 1728 1722 1734 1699 1672 1676 1695 1675 1707 1702 1720 1727 1736 1738 1711 1759 1747 1774 1761 1765 1774 1775 1765 1763 1768 1760 1813 1928
1699 1699 1716 1722 1715 1720 1707 1715 1702 1688 1719 1705 1716 1711 1735 1721 1709 1699 1697 1715 1708 1709 1665 1697 1686 1727 1745 1750 1735 1742 1750 1759 1761 1778 1771 1751 1749 1755 1728 1711 1711 1729 1740 1728 1730 1730 1736 1749 1757 1725 1743 1722 1734 1733 1716 1671 1679 1689 1675 1700 1694 1700 1707 1693 1688 1692 1669 1731 1711 1745 1749 1762 1771 1775 1763 1779 1776 1792
1707 1706 1715 1716 1726 1710 1729 1721 1699 1694 1703 1690 1695 1721 1719 1732 1717 1716 1707 1719 1718 1724 1694 1706 1707 1692 1721 1729 1724 1738 1734 1740 1757 1769 1773 1764 1750 1747 1737 1738 1734 1755 1730 1706 1714 1720 1728 1739 1745 1751 1748 1730 1740 1736 1722 1694 1691 1679 1671 1679 1683 1685 1699 1713 1717 1687 1690 1699 1677 1701 1716 1745 1759 1750 1761 1762 1767 1758
1698 1693 1718 1722 1722 1722 1716 1718 1688 1687 1685 1691 1689 1716 1709 1716 1715 1734 1738 1737 1723 1706 1726 1720 1709 1728 1708 1707 1739 1721 1735 1751 1765 1783 1756 1770 1757 1786 1784 1761 1736 1742 1743 1740 1740 1721 1689 1716 1730 1740 1723 1735 1760 1722 1746 1719 1711 1700 1672 1673 1681 1678 1715 1718 1733 1730 1721 1702 1689 1696 1689 1698 1721 1670 1728 1759 1731 1759
1721 1729 1730 1725 1719 1714 1717 1721 1718 1714 1702 1723 1724 1696 1700 1716 1717 1738 1732 1718 1723 1717 1741 1719 1718 1735 1730 1729 1722 1739 1765 1778 1773 1773 1783 1774 1782 1768 1783 1777 1771 1750 1756 1756 1751 1719 1700 1712 1692 1721 1734 1726 1727 1740 1717 1730 1715 1716 1681 1711 1683 1708 1713 1723 1719 1727 1729 1723 1712 1729 1709 1719 1712 1709 1720 1687 1702 1753
1701 1705 1727 1717 1738 1743 1697 1701 1695 1706 1708 1716 1713 1704 1718 1705 1744 1733 1715 1735 1739 1747 1733 1718 1731 1730 1727 1727 1735 1745 1726 1761 1783 1784 1775 1781 1781 1778 1792 1782 1767 1762 1749 1754 1747 1741 1696 1697 1719 1701 1700 1715 1718 1714 1743 1721 1725 1712 1695 1702 1716 1721 1713 1716 1724 1749 1734 1744 1750 1751 1754 1727 1721 1726 1701 1703 1693 1701
1705 1714 1706 1699 1732 1724 1727 1704 1741 1706 1713 1705 1713 1724 1715 1726 1711 1710 1739 1744 1711 1750 1729 1728 1734 1727 1725 1743 1727 1719 1755 1762 1773 1764 1752 1770 1794 1793 1791 1788 1785 1792 1777 1763 1743 1742 1744 1726 1727 1692 1666 1671 1705 1718 1720 1715 1716 1706 1710 1712 1709 1727 1732 1732 1733 1760 1745 1749 1745 1736 1746 1745 1735 1740 1723 1674 1711 1733
1713 1742 1723 1717 1726 1722 1720 1710 1707 1694 1697 1700 1696 1695 1709 1706 1695 1713 1707 1731 1741 1757 1730 1762 1758 1745 1734 1744 1727 1745 1728 1749 1746 1740 1754 1775 1772 1790 1805 1790 1776 1784 1767 1767 1770 1728 1720 1748 1749 1724 1691 1665 1689 1691 1725 1704 1701 1713 1719 1727 1714 1728 1738 1729 1740 1735 1740 1731 1747 1757 1749 1752 1771 1765 1761 1763 1768 1757
1721 1713 1720 1725 1738 1732 1711 1708 1715 1697 1702 1687 1692 1698 1680 1707 1699 1691 1702 1733 1711 1743 1753 1752 1757 1748 1754 1752 1751 1760 1761 1737 1741 1745 1736 1756 1759 1777 1805 1795 1771 1753 1738 1747 1774 1767 1743 1737 1751 1740 1694 1689 1654 1680 1694 1695 1709 1714 1716 1739 1727 1754 1764 1744 1760 1750 1728 1723 1746 1751 1741 1738 1731 1739 1758 1752 1757 1775
1732 1716 1733 1733 1716 1713 1707 1718 1709 1685 1694 1682 1691 1689 1703 1690 1706 1716 1704 1716 1738 1742 1726 1725 1747 1754 1742 1748 1748 1762 1737 1746 1742 1759 1750 1750 1748 1781 1787 1793 1781 1750 1743 1759 1778 1758 1767 1764 1753 1720 1732 1721 1708 1695 1671 1703 1692 1713 1728 1745 1741 1732 1728 1747 1759 1737 1753 1727 1747 1744 1744 1765 1766 1774 1769 1769 1778 1772
1748 1719 1726 1731 1728 1714 1700 1713 1696 1689 1676 1654 1686 1668 1691 1709 1712 1718 1724 1729 1735 1727 1733 1729 1725 1741 1741 1745 1755 1761 1745 1752 1758 1743 1743 1760 1758 1760 1775 1775 1777 1779 1767 1778 1789 1763 1763 1760 1751 1771 1747 1734 1723 1696 1686 1663 1668 1696 1724 1733 1749 1756 1743 1754 1747 1731 1740 1745 1737 1739 1760 1768 1773 1767 1764 1767 1768 1784
