pc2.asc
ncols         1535
nrows         418
xllcorner     -86.908090449054
yllcorner     19.808370557989
cellsize      0.0083333333333333
NODATA_value  -9999
[rows 306 to 339 of 418, columns 1326 to 1403 of 1535]
1818 1810 1790 1799 1804 1774 1792 1794 1757 1779 -9999 -9999 -9999 -9999 -9999 -9999 -9999 -9999 -9999 -9999 -9999 -9999 1734 1751 1738 1730 1748 1738 1764 1756 1729 1747 -9999 -9999 -9999 1730 1731 1739 1730 1745 -9999 -9999 1719 1731 1742 1730 1710 1726 1722 1727 1713 1726 1719 1707 1709 -9999 -9999 -9999 -9999 -9999 -9999 -9999 -9999 -9999 -9999 -9999 -9999 -9999 -9999 -9999 -9999 -9999 -9999 -9999 -9999 -9999 -9999 -9999
1775 1777 1776 1803 1800 1773 1769 1762 1770 1779 -9999 -9999 -9999 -9999 -9999 -9999 -9999 -9999 -9999 -9999 -9999 -9999 1734 1723 1746 1742 1753 1734 1741 1731 1725 1729 -9999 1747 1752 1753 -9999 -9999 -9999 -9999 -9999 -9999 -9999 -9999 1728 1735 1745 1717 1711 1712 1704 1708 1714 1719 1710 1704 1708 1699 1681 1678 1667 -9999 -9999 -9999 -9999 -9999 -9999 -9999 -9999 -9999 -9999 -9999 -9999 -9999 -9999 -9999 -9999 -9999
1766 1757 1759 1768 1779 1768 1774 1774 1767 1772 1778 -9999 -9999 -9999 -9999 -9999 -9999 -9999 -9999 -9999 1725 1733 1716 1745 1730 1740 1740 1743 1750 1727 -9999 -9999 -9999 1726 -9999 -9999 -9999 -9999 -9999 -9999 -9999 -9999 -9999 -9999 -9999 1729 -9999 1731 1727 1704 1712 1696 1705 -9999 1682 1681 1673 1685 1672 1693 1689 1669 1652 -9999 -9999 -9999 -9999 -9999 -9999 -9999 1631 1625 -9999 -9999 -9999 1635 -9999 -9999
1795 1796 1796 1788 1784 1770 1770 1762 1771 1780 1785 1775 -9999 -9999 -9999 -9999 -9999 -9999 -9999 -9999 1728 1729 1731 1739 1744 1744 1741 1731 1735 1750 1747 1736 1733 1738 -9999 -9999 1745 -9999 -9999 -9999 -9999 -9999 -9999 -9999 -9999 1689 1732 -9999 -9999 1718 1694 1697 1709 1709 1693 1679 1702 1695 1674 1678 1693 1663 1689 1663 1663 1667 1666 1625 1621 1655 1650 1646 1633 1625 1628 1616 1632 1632
1804 1813 1797 1792 1777 1775 1769 1754 1771 1767 1762 1772 1766 1770 -9999 -9999 -9999 -9999 -9999 -9999 1708 1710 1714 1713 1722 1728 1726 1736 1733 1732 -9999 1735 1735 -9999 -9999 -9999 1737 1724 -9999 -9999 -9999 -9999 -9999 -9999 -9999 1713 -9999 -9999 -9999 -9999 1697 1698 1718 1713 1705 1687 1695 1683 -9999 -9999 -9999 -9999 -9999 1678 1641 1661 1657 1647 1639 1644 1636 1651 1647 1634 1634 1628 1615 1604
1798 1784 1780 1793 1781 1775 1787 1770 1768 1761 1770 1755 1751 1732 1749 1718 -9999 -9999 1735 1720 1713 1708 1708 1710 1723 1722 1720 1721 1733 1740 1734 1736 1743 -9999 -9999 -9999 -9999 1732 1721 -9999 -9999 -9999 -9999 -9999 -9999 1719 1729 1730 -9999 -9999 1691 1703 1707 1704 1702 1700 1673 1691 1691 -9999 -9999 -9999 -9999 -9999 -9999 -9999 1639 1654 1651 1642 1637 1645 1642 1630 1638 1616 1626 1616
1778 1772 1769 1767 1761 1760 1768 1761 1748 1745 1733 1729 1740 1715 1727 1729 1729 -9999 1715 1699 1687 1709 1717 1720 1730 1698 1730 1713 1725 1724 1701 1739 1734 1733 1740 -9999 -9999 1722 1748 1740 1734 1723 -9999 1735 1745 1710 1722 1727 1727 1727 1706 1709 1701 1709 1681 1687 1682 1670 1696 1672 -9999 -9999 -9999 -9999 -9999 -9999 1637 -9999 -9999 1651 1652 1636 1645 1645 1640 1636 1629 1614
1780 1782 1766 1784 1776 1777 1774 1760 1750 1745 1754 1731 1744 1743 1735 1731 1715 1712 1717 1700 1692 1701 1685 1706 1716 1705 1710 1714 1715 1722 1699 1723 1727 1747 1744 1737 1740 1732 1734 1721 1724 1709 1715 1702 1701 1689 1709 1708 1721 1707 1680 1689 1695 1655 1681 1664 1657 1675 1680 1708 1702 -9999 1684 -9999 1675 -9999 -9999 -9999 1648 1659 1651 1650 1637 1638 1639 1625 1620 1614
1779 1755 1773 1774 1773 1770 1753 1776 1765 1753 1770 1769 1729 1756 1742 1742 1737 1726 1722 1701 1707 1704 1707 1697 1720 1698 1665 1697 1667 1713 1693 1685 1705 1727 1729 1749 1738 1738 1736 1710 1726 1705 1704 1682 1683 1682 1702 1689 1721 1683 1678 1678 1685 1659 1643 1666 1636 1661 1662 1640 1693 1701 1686 1681 -9999 -9999 -9999 -9999 1654 1638 1633 1636 1638 1636 1632 1626 1628 1582
1765 1778 1785 1791 1770 1764 1763 1764 1728 1746 1748 1739 1752 1740 1739 1733 1717 1721 1711 1725 1726 1720 1723 1720 1724 1695 1663 1679 1697 1707 1680 1676 1684 1721 1714 1700 1734 1718 1723 1731 1721 1677 1690 1660 1644 1644 1676 1687 1693 1665 1667 1652 1671 1660 1651 1627 1662 1643 1657 1642 1666 1670 1663 1681 -9999 -9999 -9999 1673 1654 1649 1645 1595 1615 1630 1625 1628 1585 1558
1765 1774 1788 1774 1777 1745 1754 1728 1747 1746 1721 1732 1742 1728 1722 1726 1699 1713 1697 1711 1717 1713 1722 1717 1728 1725 1670 1663 1686 1686 1681 1713 1711 1715 1696 1688 1684 1722 1730 1720 1722 1646 1644 1597 1580 1606 1686 1701 1661 1618 1632 1644 1641 1641 1610 1615 1605 1632 1647 1618 1645 1647 1646 1651 1664 1681 1679 1672 1660 1649 1632 1631 1631 1625 1628 1621 1589 1583
1777 1768 1770 1760 1766 1732 1731 1749 1754 1712 1745 1708 1721 1722 1716 1714 1711 1708 1714 1703 1715 1711 1710 1703 1721 1713 1684 1639 1630 1623 1668 1691 1683 1659 1668 1664 1690 1704 1710 1724 1686 1622 1574 1473 1526 1515 1617 1602 1551 1563 1626 1641 1615 1617 1589 1604 1645 1636 1630 1635 1641 1658 1655 1670 1680 1680 1680 1674 1664 1658 1628 1625 1624 1632 1638 1632 1590 1586
1770 1763 1764 1755 1768 1730 1733 1722 1749 1687 1729 1690 1714 1704 1707 1699 1717 1719 1719 1735 1747 1741 1713 1702 1714 1698 1713 1673 1658 1633 1624 1648 1675 1621 1602 1630 1653 1707 1694 1702 1651 1522 1512 1521 1508 1396 1598 1649 1533 1559 1634 1659 1626 1587 1570 1602 1638 1622 1589 1607 1624 1646 1654 1639 1642 1688 1659 1649 1646 1642 1615 1634 1647 1642 1638 1628 1611 1603
1775 1756 1756 1742 1731 1707 1690 1673 1700 1708 1723 1684 1693 1698 1696 1704 1721 1708 1724 1741 1734 1738 1725 1742 1739 1694 1699 1665 1612 1625 1637 1624 1661 1549 1587 1600 1654 1647 1702 1696 1559 1633 1474 1416 1380 1323 1514 1570 1597 1570 1593 1621 1623 1597 1595 1609 1629 1606 1598 1612 1611 1629 1655 1641 1653 1667 1680 1639 1647 1612 1635 1666 1663 1651 1647 1645 1630 1626
1763 1750 1730 1739 1706 1686 1689 1657 1665 1691 1715 1677 1638 1683 1680 1679 1707 1678 1706 1730 1740 1750 1739 1746 1685 1689 1687 1696 1615 1545 1532 1594 1527 1483 1504 1559 1589 1678 1726 1652 1607 1563 1515 1502 1340 1341 1496 1494 1539 1577 1544 1599 1614 1574 1554 1589 1595 1558 1575 1559 1645 1650 1651 1650 1679 1671 1663 1627 1602 1605 1618 1634 1665 1652 1649 1642 1638 1603
1743 1761 1747 1708 1690 1689 1648 1682 1687 1676 1640 1640 1584 1644 1599 1656 1666 1679 1698 1718 1731 1724 1724 1735 1692 1652 1661 1660 1598 1516 1520 1573 1506 1335 1434 1483 1533 1558 1719 1636 1596 1586 1466 1421 1395 1302 1501 1433 1536 1570 1516 1558 1602 1569 1531 1560 1575 1568 1577 1566 1620 1661 1651 1658 1640 1638 1611 1609 1591 1593 1620 1616 1646 1637 1652 1639 1618 1597
1735 1740 1709 1695 1689 1634 1652 1586 1670 1649 1628 1621 1616 1585 1567 1552 1623 1612 1636 1660 1715 1672 1664 1681 1689 1653 1577 1614 1653 1568 1513 1505 1461 1229 1339 1362 1364 1589 1662 1620 1556 1578 1470 1349 1268 1255 1438 1460 1564 1576 1550 1581 1580 1525 1522 1547 1570 1614 1618 1631 1681 1653 1659 1675 1668 1638 1589 1610 1602 1645 1642 1621 1648 1637 1612 1625 1613 1613
1730 1729 1667 1647 1679 1671 1625 1651 1657 1556 1448 1529 1484 1527 1489 1585 1577 1570 1637 1625 1638 1608 1733 1709 1642 1628 1539 1511 1583 1562 1449 1289 1398 1223 1139 1260 1346 1571 1682 1534 1539 1420 1548 1443 1438 1178 1289 1475 1571 1529 1565 1530 1494 1495 1542 1574 1583 1629 1629 1636 1614 1639 1635 1679 1635 1591 1588 1606 1638 1615 1661 1660 1651 1635 1626 1613 1630 1613
1707 1684 1633 1655 1646 1611 1630 1617 1608 1541 1397 1448 1348 1548 1500 1508 1435 1563 1579 1587 1610 1636 1706 1710 1686 1604 1412 1478 1481 1502 1387 1207 1294 1143 1142 1411 1452 1372 1538 1630 1461 1329 1333 1308 1400 1245 1222 1379 1453 1485 1543 1496 1465 1517 1542 1546 1582 1577 1621 1581 1573 1651 1655 1675 1623 1578 1528 1598 1593 1617 1614 1638 1658 1658 1641 1637 1644 1621
1705 1689 1696 1676 1639 1599 1591 1578 1517 1477 1474 1334 1421 1298 1446 1322 1512 1549 1474 1581 1533 1649 1650 1722 1662 1663 1595 1575 1530 1470 1408 1209 1055 1057 1125 1262 1311 1271 1458 1641 1511 1378 1291 1135 1361 1192 978 1230 1427 1509 1514 1473 1415 1465 1582 1471 1595 1576 1562 1586 1602 1598 1604 1621 1607 1566 1498 1541 1584 1591 1608 1599 1607 1640 1644 1657 1610 1614
1702 1613 1656 1671 1621 1588 1610 1467 1558 1521 1292 1243 1246 1263 1334 1258 1443 1313 1297 1515 1500 1568 1662 1714 1706 1670 1652 1641 1580 1490 1293 1196 1263 1123 1073 1075 1269 1392 1434 1564 1547 1393 1169 1085 1169 1185 1027 1148 1442 1417 1399 1304 1348 1360 1478 1512 1561 1493 1515 1609 1591 1584 1591 1544 1569 1556 1541 1550 1582 1570 1604 1606 1620 1647 1640 1621 1626 1579
1674 1651 1641 1625 1593 1485 1391 1440 1490 1430 1247 1164 1157 1230 1251 1252 1292 1267 1250 1314 1464 1609 1668 1671 1681 1647 1669 1547 1583 1589 1484 1412 1282 1071 1001 1167 1328 1396 1533 1561 1434 1252 1321 1212 995 1053 940 1185 1251 1163 1285 1401 1420 1441 1436 1558 1587 1465 1542 1554 1577 1580 1533 1533 1533 1575 1589 1585 1597 1566 1579 1581 1590 1642 1638 1628 1603 1561
1633 1639 1657 1547 1522 1545 1322 1282 1320 1351 1256 1191 1153 1186 1213 1224 1220 1212 1182 1248 1483 1589 1580 1618 1659 1682 1675 1667 1620 1548 1436 1289 1227 1037 1058 1232 1396 1499 1591 1363 1400 1285 1176 1279 1159 953 957 1180 1022 1107 1274 1363 1494 1545 1498 1546 1460 1357 1439 1442 1517 1562 1547 1530 1604 1609 1607 1605 1608 1553 1591 1592 1651 1641 1624 1633 1594 1567
1641 1615 1649 1535 1394 1329 1380 1202 1198 1236 1177 1145 1118 1156 1157 1169 1158 1171 1204 1249 1308 1317 1484 1641 1669 1670 1668 1566 1563 1559 1487 1372 1317 997 1088 1301 1323 1248 1451 1465 1154 1131 1018 1048 953 817 1021 953 1119 1318 1321 1372 1373 1378 1411 1406 1344 1293 1414 1498 1540 1601 1560 1520 1588 1645 1619 1640 1635 1652 1654 1672 1654 1617 1584 1637 1610 1570
1566 1602 1490 1404 1423 1399 1231 1238 1150 1170 1145 1106 1143 1073 1148 1156 1156 1197 1235 1294 1457 1498 1639 1691 1658 1658 1671 1611 1619 1551 1517 1418 1328 1085 1041 1198 1239 1135 1369 1515 1340 1316 1243 1045 928 844 789 801 835 1018 1113 1215 1348 1335 1249 1346 1469 1437 1536 1470 1604 1499 1634 1631 1595 1625 1588 1592 1637 1643 1680 1614 1624 1565 1536 1644 1646 1632
1485 1518 1396 1282 1248 1213 1190 1156 1129 1136 1109 1062 1060 1090 1126 1135 1148 1182 1443 1446 1577 1644 1703 1677 1715 1504 1619 1617 1613 1549 1523 1373 1262 1081 1030 1050 1027 1154 1282 1433 1270 1133 1027 1009 1075 1083 1050 892 885 906 1092 1245 1400 1469 1505 1481 1549 1528 1545 1538 1475 1540 1622 1615 1624 1614 1586 1575 1590 1608 1585 1493 1527 1476 1520 1518 1627 1625
1431 1408 1495 1371 1276 1209 1180 1166 1115 1056 1063 1062 1067 1094 1132 1133 1151 1216 1259 1399 1507 1583 1655 1644 1668 1574 1495 1579 1537 1510 1501 1434 1167 1100 1324 1071 1028 1173 1361 1437 1370 1167 1079 1138 1185 1091 1014 1076 1087 1146 1194 1171 1361 1433 1458 1492 1500 1463 1589 1559 1531 1568 1631 1543 1570 1601 1556 1503 1510 1496 1465 1422 1445 1454 1483 1555 1607 1640
1492 1411 1382 1392 1290 1234 1192 1120 1086 1058 1071 1074 1066 1104 1131 1149 1306 1279 1291 1403 1536 1544 1469 1556 1656 1585 1546 1491 1477 1533 1524 1323 1315 1440 1328 1161 1049 1168 1417 1467 1461 1267 1227 1295 1176 1125 1077 1144 1174 1192 1176 1169 1339 1415 1488 1563 1540 1487 1530 1583 1538 1577 1581 1461 1516 1591 1607 1467 1501 1542 1465 1461 1476 1483 1489 1573 1532 1600
1547 1521 1444 1287 1193 1186 1104 1107 1060 1045 1095 1103 1082 1088 1120 1252 1210 1435 1403 1413 1461 1442 1432 1484 1583 1697 1668 1581 1587 1528 1621 1509 1470 1430 1308 1292 1236 1170 1256 1326 1463 1460 1372 1345 1255 1190 1072 1244 1325 1264 1259 1362 1391 1466 1498 1592 1601 1538 1421 1576 1604 1560 1570 1545 1485 1548 1553 1553 1555 1528 1519 1508 1460 1495 1509 1559 1651 1570
1477 1407 1306 1231 1173 1114 1035 1059 1086 1087 1104 1109 1125 1205 1110 1408 1411 1374 1444 1502 1561 1592 1589 1614 1564 1621 1673 1557 1596 1599 1471 1430 1424 1450 1504 1380 1263 1242 1204 1274 1363 1257 1246 1197 1142 1105 1123 1309 1448 1356 1359 1347 1418 1554 1605 1563 1598 1539 1498 1618 1634 1463 1579 1501 1538 1486 1540 1517 1543 1526 1506 1552 1551 1576 1571 1582 1632 1546
1557 1448 1393 1239 1063 912 1042 1101 1111 1101 1114 1189 1199 1319 1348 1416 1495 1415 1351 1358 1380 1383 1428 1571 1581 1663 1603 1558 1595 1592 1369 1418 1406 1387 1397 1385 1360 1274 1241 1314 1293 1176 1151 1093 1135 1155 1148 1315 1494 1480 1490 1460 1539 1577 1548 1529 1541 1579 1575 1583 1478 1461 1555 1589 1557 1455 1471 1485 1499 1538 1567 1575 1536 1522 1563 1604 1579 1485
1506 1392 1471 1110 868 980 1082 1094 1108 1099 1123 1238 1400 1436 1468 1483 1553 1555 1365 1356 1377 1405 1458 1522 1567 1610 1538 1471 1438 1508 1545 1578 1496 1424 1359 1363 1299 1383 1336 1399 1308 1251 1325 1162 1284 1231 1293 1374 1415 1489 1493 1545 1523 1565 1526 1513 1562 1582 1560 1611 1559 1520 1496 1582 1561 1445 1471 1504 1525 1550 1558 1560 1527 1530 1614 1566 1503 1434
1408 1423 1250 1025 978 1052 1097 1110 1147 1239 1243 1332 1310 1387 1514 1273 1330 1454 1564 1500 1449 1508 1508 1467 1527 1621 1528 1449 1341 1436 1451 1508 1478 1401 1365 1473 1426 1445 1444 1471 1395 1349 1435 1414 1390 1346 1414 1439 1427 1487 1525 1530 1441 1517 1544 1538 1586 1562 1584 1612 1523 1505 1450 1481 1501 1447 1531 1543 1576 1597 1565 1592 1563 1581 1587 1577 1465 1366
1266 1249 982 967 1025 1075 1128 1158 1303 1387 1445 1381 1424 1380 1320 1299 1333 1342 1435 1500 1542 1609 1576 1522 1596 1599 1506 1414 1399 1453 1404 1366 1399 1370 1414 1486 1504 1503 1479 1380 1437 1497 1466 1439 1400 1341 1432 1460 1520 1510 1460 1434 1433 1484 1535 1568 1515 1546 1583 1624 1527 1504 1452 1446 1384 1497 1566 1595 1582 1547 1541 1534 1627 1595 1553 1496 1468 1461
