pc2.asc
ncols         1535
nrows         418
xllcorner     -86.908090449054
yllcorner     19.808370557989
cellsize      0.0083333333333333
NODATA_value  -9999
[rows 136 to 169 of 418, columns 1014 to 1091 of 1535]
1973 1977 1974 1976 1981 1982 1981 1981 1989 1997 2010 2010 2001 2010 2014 2018 2021 2025 2042 -9999 2030 2031 2034 2034 -9999 -9999 -9999 -9999 -9999 -9999 -9999 -9999 -9999 -9999 -9999 -9999 -9999 -9999 -9999 -9999 -9999 -9999 -9999 -9999 -9999 -9999 -9999 -9999 -9999 -9999 -9999 -9999 -9999 -9999 2032 2030 2032 2044 2036 2029 2035 2031 2027 2023 2022 2026 2026 2026 2016 2012 1991 -9999 2000 2009 2007 -9999 -9999 -9999
1952 1962 1973 1970 1975 1981 1990 1995 1995 2006 1991 2006 2009 2013 2018 2023 2029 2036 2035 2039 2038 2053 2054 2055 2049 -9999 -9999 -9999 -9999 -9999 -9999 -9999 -9999 2048 -9999 -9999 -9999 -9999 -9999 -9999 -9999 -9999 -9999 -9999 -9999 -9999 -9999 -9999 -9999 -9999 -9999 -9999 2018 -9999 -9999 2023 2026 2021 2034 2032 2019 2028 2020 2028 2012 2020 2011 2022 2018 2002 1991 1996 1986 1996 1996 2006 -9999 -9999
1947 1956 1983 1987 1990 1992 1998 1990 1987 1998 2002 1998 1997 2012 2005 2016 2018 2030 2033 2036 2041 2042 2045 2052 2053 2054 -9999 -9999 -9999 -9999 -9999 2053 -9999 -9999 -9999 -9999 -9999 -9999 -9999 -9999 -9999 -9999 -9999 -9999 -9999 -9999 -9999 -9999 -9999 -9999 -9999 -9999 -9999 2026 -9999 -9999 -9999 2022 2023 2028 2027 2016 -9999 2003 2004 2014 2012 2012 2006 2013 1996 1986 1993 -9999 1990 -9999 -9999 -9999
1983 1974 1969 1976 1971 1972 1985 2000 2011 2007 2000 2000 2003 2001 2017 2021 2020 2026 2019 2030 2030 2025 2030 2033 2037 2046 2047 -9999 -9999 2047 -9999 2048 -9999 -9999 2045 2050 -9999 -9999 -9999 -9999 -9999 -9999 -9999 -9999 -9999 -9999 -9999 -9999 -9999 -9999 -9999 -9999 -9999 -9999 2023 -9999 2004 -9999 2021 2029 2024 2024 2012 2005 2004 2002 2009 1999 1996 1993 1991 1990 1979 1978 1986 1987 -9999 -9999
1938 1935 1959 1972 1969 1971 1984 1988 1981 1990 1997 1996 1989 1998 2009 2004 2006 2026 2017 2029 2031 2032 2034 2034 2035 2035 2041 2050 2049 2049 2049 2050 2043 2047 2044 2036 -9999 -9999 -9999 -9999 -9999 -9999 -9999 -9999 -9999 -9999 -9999 -9999 -9999 -9999 -9999 -9999 -9999 -9999 -9999 -9999 -9999 -9999 -9999 -9999 2021 2019 2014 2011 2001 2001 1998 1999 2001 1987 1979 1995 1975 1976 1969 -9999 -9999 -9999
1903 1851 1761 1778 1789 1910 1962 1989 1996 1999 1995 2000 1989 1994 2004 2008 2015 2009 2014 2019 2021 2029 2030 2030 2031 2024 2024 2025 2034 2035 2052 2046 2043 2044 2040 2039 2040 -9999 -9999 -9999 -9999 -9999 -9999 -9999 -9999 -9999 -9999 -9999 -9999 -9999 -9999 -9999 -9999 -9999 -9999 -9999 -9999 -9999 -9999 -9999 -9999 2009 2008 2016 1999 1997 1990 1992 1995 1991 1979 1979 1985 1976 1972 -9999 -9999 -9999
1767 1760 1756 1722 1750 1899 1965 1970 1973 1990 1977 1987 1995 1995 1994 2009 2004 2014 2007 2005 2020 2026 2015 2013 2005 2010 2012 2012 2022 2028 2022 2024 2025 2026 2021 2020 2030 2029 -9999 -9999 -9999 -9999 -9999 -9999 -9999 -9999 -9999 -9999 -9999 -9999 -9999 -9999 -9999 -9999 -9999 -9999 -9999 -9999 -9999 -9999 -9999 1997 1995 2008 -9999 -9999 1992 1981 1988 1980 1981 1967 1991 1988 1967 -9999 -9999 -9999
1796 1785 1788 1799 1942 1942 1971 1968 1978 1975 1981 1976 1995 2000 2012 2005 2003 2010 2012 2012 2012 2014 2015 2013 2014 2016 2005 2001 2009 2005 2011 2028 2028 2030 2000 2001 2028 2027 2023 2014 2020 2019 -9999 -9999 -9999 -9999 -9999 -9999 -9999 -9999 -9999 -9999 -9999 -9999 -9999 -9999 -9999 -9999 -9999 -9999 -9999 1987 1994 -9999 2004 2005 1995 1982 1986 1978 1977 1975 1965 1984 1974 1978 1964 1982
1817 1890 1905 1937 1951 1963 1970 1978 1979 1986 1989 1988 1991 2008 2011 2020 2014 2020 2024 2019 2017 2013 2014 2013 2020 2015 2001 2021 2016 2014 2009 2011 2011 2008 2008 2004 2029 2033 2006 2017 2016 2009 -9999 -9999 -9999 -9999 -9999 -9999 -9999 -9999 -9999 -9999 -9999 -9999 -9999 -9999 -9999 -9999 -9999 -9999 -9999 -9999 -9999 -9999 1987 1992 -9999 1987 1981 1981 1972 1972 1973 1964 1964 1970 1976 1963
1930 1929 1932 1942 1955 1961 1963 1976 1991 1988 1999 1990 2001 2004 2014 2015 2016 2023 2024 2028 2019 2006 2003 2003 2004 2010 2016 2011 2011 2012 2013 1995 1994 2014 2009 2009 2011 2032 1995 1994 2022 2017 2007 2006 1998 -9999 2002 -9999 -9999 -9999 -9999 -9999 -9999 -9999 -9999 -9999 -9999 -9999 -9999 -9999 -9999 -9999 -9999 1969 1978 1977 1991 1991 1977 1980 1969 1970 1968 1970 1969 1968 1973 1967
1937 1941 1958 1950 1956 1955 1960 1959 1979 1971 1977 1990 1995 1989 1998 2010 2012 2006 2013 2011 2012 1987 1996 1980 2022 2020 2008 2010 2001 2008 2000 1995 2003 2002 2002 1998 2011 1980 2007 2001 2007 2007 2001 2019 2000 1986 1990 1988 1997 -9999 -9999 -9999 -9999 -9999 -9999 -9999 -9999 -9999 -9999 -9999 -9999 -9999 1984 -9999 1966 1974 1980 1977 1968 1967 1970 1962 1967 1961 1955 1964 1981 1970
1941 1946 1952 1949 1944 1960 1963 1957 1970 1958 1965 1973 1975 1988 1997 2003 1999 2008 2002 2006 1998 1996 2010 2013 2020 2015 1987 1994 1988 1983 1979 1983 1977 1987 1993 1981 1998 2000 1984 1997 2012 2009 1997 2007 2000 1999 1981 1988 1976 -9999 -9999 -9999 -9999 -9999 -9999 -9999 -9999 -9999 -9999 -9999 -9999 -9999 1989 1978 1973 1967 1961 1970 1971 1956 1964 1974 1953 1954 1953 1984 1954 1965
1925 1927 1944 1939 1939 1945 1945 1963 1961 1947 1957 1957 1962 1974 1977 1988 1994 1996 1992 2000 1972 1990 1997 1993 1993 1991 1992 1991 1986 1984 1984 1983 1985 1983 1986 1986 1984 1975 1988 1968 1983 2001 2001 2016 2014 1995 1988 1992 1998 1989 -9999 -9999 -9999 -9999 -9999 -9999 -9999 -9999 -9999 -9999 -9999 -9999 1987 1985 1973 1962 1962 1958 1965 1966 1953 1968 1962 1966 1954 1954 1976 1981
1919 1915 1938 1929 1919 1925 1930 1946 1941 1943 1948 1952 1958 1962 1961 1969 1977 1976 1981 1978 1982 1971 1991 1989 1992 1992 2000 1992 2002 1997 1994 1988 1988 1982 1980 1981 1982 1977 1978 1977 1979 1971 1987 1992 1993 2004 1997 2001 1998 1983 1977 -9999 -9999 -9999 -9999 -9999 -9999 -9999 -9999 -9999 -9999 -9999 1974 1983 1981 1967 1953 1952 1957 1960 1954 1954 1959 1960 1954 1967 1957 1961
1899 1914 1906 1926 1926 1913 1924 1925 1931 1947 1946 1945 1950 1954 1965 1969 1972 1973 1983 1970 1973 1978 1982 1982 1984 1999 2000 1999 1998 1996 1999 2001 2003 1996 1989 1988 1981 1979 1975 1975 1976 1978 1968 1964 1966 1982 1993 1991 1996 1994 1989 -9999 -9999 -9999 -9999 -9999 -9999 -9999 -9999 -9999 -9999 -9999 -9999 1973 1967 1976 1954 1948 1938 1943 1957 1937 1948 1955 1953 1962 1960 1940
1890 1899 1902 1913 1918 1922 1934 1936 1940 1944 1950 1958 1951 1949 1964 1964 1973 1976 1978 1973 1979 1975 1992 1988 1988 1990 1991 1989 1991 1991 1987 1988 1995 1997 1985 1999 1987 1992 1986 1974 1978 1981 1975 1967 1965 1957 1975 1992 1996 1992 1984 1973 -9999 -9999 -9999 -9999 -9999 -9999 -9999 -9999 -9999 -9999 -9999 -9999 1968 1973 1965 1955 1953 1938 1945 1962 1957 1958 -9999 -9999 1953 1936
1884 1888 1892 1908 1919 1924 1932 1934 1944 1938 1941 1955 1954 1952 1964 1964 1971 1972 1980 1981 1972 1976 1987 1989 1987 1994 1988 1986 1989 1990 1978 1984 1985 1992 1992 1997 1998 1991 2001 1981 1975 1968 1970 1966 1958 1975 1957 1979 1992 1999 1987 1987 1975 -9999 -9999 -9999 -9999 -9999 -9999 -9999 -9999 -9999 -9999 -9999 -9999 -9999 1967 1957 1948 1935 1937 1941 1936 -9999 1953 -9999 -9999 1939
1886 1911 1908 1906 1917 1923 1926 1935 1945 1930 1943 1942 1942 1960 1965 1963 1966 1963 1969 1969 1972 1979 1967 1967 1969 1977 1977 1971 1980 1972 1974 1974 1979 1984 1984 1991 1993 1985 1988 1987 1981 1993 1965 1967 1966 1953 1965 1940 1983 1982 1987 1983 1981 -9999 -9999 -9999 -9999 -9999 -9999 -9999 -9999 -9999 -9999 -9999 -9999 -9999 -9999 1945 1951 1944 1935 1928 1944 -9999 1943 -9999 -9999 -9999
1896 1900 1903 1914 1918 1914 1926 1935 1936 1941 1930 1947 1950 1937 1948 1952 1962 1957 1964 1954 1954 1959 1968 1966 1971 1972 1964 1965 1967 1970 1961 1964 1964 1966 1984 1976 1982 1983 1981 1982 1991 1992 1989 1963 1961 1952 1953 1947 1942 1945 1974 1980 1979 1974 -9999 -9999 -9999 -9999 -9999 -9999 -9999 -9999 -9999 -9999 -9999 -9999 -9999 -9999 -9999 -9999 -9999 1936 1931 -9999 -9999 -9999 -9999 -9999
1901 1905 1905 1912 1907 1907 1916 1916 1913 1927 1941 1941 1950 1944 1942 1939 1964 1950 1953 1965 1950 1953 1956 1956 1958 1962 1960 1961 1962 1957 1957 1959 1955 1970 1948 1957 1957 1970 1974 1979 1975 1972 1985 1993 1965 1962 1945 1946 1926 1926 1937 1937 1951 1967 1967 -9999 -9999 -9999 -9999 -9999 -9999 -9999 -9999 -9999 -9999 -9999 -9999 -9999 -9999 -9999 -9999 -9999 1940 -9999 -9999 -9999 -9999 -9999
1888 1890 1893 1897 1894 1893 1898 1902 1908 1922 1925 1934 1941 1934 1954 1950 1962 1954 1960 1963 1964 1971 1965 1974 1970 1961 1957 1975 1964 1972 1967 1965 1966 1967 1966 1957 1951 1953 1953 1948 1952 1954 1954 1975 1973 1971 1967 1945 1941 1923 1915 1923 1912 1953 1969 -9999 -9999 -9999 -9999 -9999 -9999 -9999 -9999 -9999 -9999 -9999 -9999 -9999 -9999 -9999 -9999 -9999 -9999 -9999 -9999 1935 -9999 1909
1882 1891 1890 1889 1890 1885 1890 1921 1921 1929 1911 1919 1936 1936 1934 1944 1952 1960 1953 1955 1956 1961 1954 1967 1961 1967 1971 1979 1987 1980 1989 1989 1972 1979 1964 1988 1971 1969 1959 1953 1945 1950 1947 1946 1954 1958 1949 1947 1938 1919 1941 1937 1933 1931 1953 1953 -9999 -9999 -9999 -9999 -9999 -9999 -9999 -9999 -9999 -9999 -9999 -9999 -9999 -9999 -9999 -9999 -9999 -9999 -9999 -9999 -9999 1904
1880 1877 1886 1890 1886 1892 1896 1902 1899 1926 1908 1936 1932 1926 1940 1951 1948 1956 1950 1949 1947 1948 1945 1947 1957 1966 1976 1971 1981 1981 1982 1987 1983 1984 1979 1986 1986 1978 1960 1962 1945 1942 1940 1963 1937 1956 1950 1942 1948 1944 1922 1930 1920 1928 1912 1927 -9999 -9999 -9999 -9999 -9999 -9999 -9999 -9999 -9999 -9999 -9999 -9999 -9999 -9999 -9999 -9999 -9999 -9999 -9999 -9999 -9999 -9999
1876 1877 1882 1887 1885 1893 1899 1903 1906 1919 1911 1941 1946 1926 1943 1941 1944 1947 1949 1946 1933 1934 1945 1954 1963 1970 1973 1967 1968 1970 1981 1981 1979 1979 1980 1979 1976 1980 1975 1975 1968 1958 1956 1957 1940 1941 1933 1928 1938 1958 1940 1922 1924 1917 1910 1918 1921 1937 1922 -9999 -9999 -9999 -9999 -9999 -9999 -9999 -9999 -9999 -9999 -9999 -9999 -9999 -9999 1909 1893 1916 -9999 -9999
1879 1882 1884 1873 1882 1880 1902 1890 1902 1917 1928 1923 1927 1929 1933 1935 1942 1944 1936 1935 1929 1931 1956 1959 1953 1955 1957 1960 1957 1962 1952 1965 1972 1970 1971 1977 1980 1983 1979 1972 1976 1967 1965 1956 1953 1944 1935 1926 1929 1935 1938 1929 1923 1913 1892 1914 1924 1912 1929 1935 -9999 -9999 -9999 -9999 -9999 -9999 -9999 -9999 -9999 -9999 -9999 -9999 1921 1908 1894 1890 -9999 1892
1885 1880 1874 1885 1889 1901 1906 1904 1916 1920 1917 1922 1925 1927 1925 1933 1938 1941 1930 1925 1928 1942 1945 1943 1946 1955 1933 1943 1945 1961 1969 1956 1954 1937 1970 1961 1962 1975 1974 1974 1954 1972 1961 1959 1958 1954 1941 1928 1940 1915 1924 1930 1938 1919 1905 1895 1892 1911 1907 1914 1904 -9999 -9999 -9999 -9999 -9999 -9999 -9999 -9999 -9999 -9999 -9999 1911 1895 1893 1878 1886 1890
1874 1868 1879 1882 1895 1893 1904 1904 1907 1920 1922 1928 1915 1913 1903 1908 1911 1921 1916 1918 1927 1935 1941 1949 1951 1949 1946 1946 1954 1948 1951 1927 1932 1935 1937 1960 1956 1953 1961 1965 1949 1977 1966 1966 1957 1946 1924 1936 1928 1914 1908 1920 1920 1935 1912 1898 1891 1893 1895 1891 1903 1897 -9999 -9999 -9999 -9999 -9999 -9999 -9999 -9999 -9999 1890 1888 1907 -9999 -9999 -9999 -9999
1882 1875 1875 1885 1882 1886 1893 1894 1897 1906 1900 1899 1905 1915 1904 1905 1920 1915 1925 1929 1925 1929 1940 1947 1949 1951 1960 1958 1940 1945 1925 1929 1933 1938 1933 1942 1942 1947 1951 1941 1944 1963 1969 1970 1959 1948 1952 1931 1911 1902 1905 1906 1908 1917 1912 1904 1888 1873 1868 1892 1891 1912 1889 -9999 -9999 -9999 -9999 -9999 -9999 -9999 -9999 1890 1893 -9999 -9999 -9999 -9999 -9999
1881 1875 1872 1877 1870 1879 1888 1888 1885 1883 1892 1897 1892 1897 1901 1899 1905 1911 1915 1926 1938 1946 1943 1950 1952 1931 1944 1941 1931 1942 1940 1939 1938 1932 1945 1940 1941 1952 1953 1946 1944 1942 1943 1942 1961 1934 1938 1940 1926 1916 1901 1896 1899 1900 1913 1905 1879 1876 1870 1877 1901 1892 1888 -9999 -9999 -9999 -9999 -9999 -9999 -9999 -9999 -9999 1891 -9999 -9999 -9999 -9999 -9999
1867 1873 1870 1870 1880 1869 1880 1883 1881 1889 1886 1896 1892 1902 1899 1904 1898 1906 1899 1915 1919 1925 1921 1952 1955 1940 1935 1942 1948 1949 1952 1942 1945 1944 1950 1949 1940 1960 1948 1953 1949 1935 1945 1953 1937 1939 1931 1948 1932 1931 1908 1901 1890 1883 1887 1900 1893 1879 1869 1883 1878 1881 1881 1872 -9999 -9999 -9999 -9999 -9999 -9999 -9999 -9999 1883 -9999 -9999 -9999 -9999 -9999
1860 1869 1870 1859 1873 1877 1879 1867 1885 1888 1893 1889 1886 1903 1905 1911 1913 1902 1897 1908 1916 1925 1920 1933 1940 1941 1937 1940 1943 1945 1948 1947 1943 1952 1955 1956 1946 1938 1945 1958 1942 1947 1951 1913 1929 1929 1925 1931 1920 1927 1924 1908 1877 1885 1877 1878 1890 1878 1878 1872 1863 1864 1863 1862 1869 1866 -9999 -9999 -9999 -9999 -9999 -9999 -9999 1874 -9999 -9999 -9999 -9999
1869 1877 1862 1879 1875 1870 1889 1891 1894 1890 1892 1901 1903 1908 1907 1907 1906 1908 1920 1917 1919 1919 1926 1926 1932 1935 1944 1940 1939 1942 1934 1942 1954 1937 1946 1943 1954 1947 1947 1937 1946 1927 1925 1918 1938 1933 1919 1922 1924 1918 1920 1908 1904 1881 1876 1868 1865 1876 1873 1871 1860 1850 1850 1859 1857 1866 -9999 -9999 -9999 -9999 -9999 -9999 1866 1871 1873 -9999 -9999 -9999
1874 1877 1877 1872 1874 1877 1875 1874 1892 1897 1902 1902 1908 1915 1919 1918 1900 1907 1896 1911 1923 1922 1912 1925 1914 1918 1934 1942 1926 1936 1928 1954 1921 1926 1932 1940 1942 1938 1940 1936 1925 1926 1930 1919 1927 1915 1912 1914 1915 1912 1903 1895 1892 1890 1868 1868 1859 1863 1875 1865 1854 1844 1847 1857 1848 1847 1860 -9999 -9999 -9999 -9999 -9999 1869 1867 1877 1875 -9999 -9999
1870 1878 1866 1870 1883 1883 1879 1888 1894 1895 1905 1899 1916 1891 1909 1907 1897 1893 1900 1908 1917 1913 1922 1921 1914 1923 1926 1928 1929 1927 1924 1923 1926 1928 1916 1931 1924 1937 1936 1935 1934 1925 1912 1914 1920 1918 1913 1904 1892 1893 1899 1897 1891 1880 1866 1865 1858 1856 1850 1864 1856 1829 1830 1842 1844 1838 1846 -9999 -9999 -9999 -9999 -9999 1872 1859 1874 1869 1874 -9999
