pc2.asc
ncols         1535
nrows         418
xllcorner     -86.908090449054
yllcorner     19.808370557989
cellsize      0.0083333333333333
NODATA_value  -9999
[rows 374 to 407 of 418, columns 1326 to 1403 of 1535]
1485 1502 1483 1488 1499 1506 1476 1495 1508 1527 1536 1506 1494 1495 1489 1482 1459 1449 1445 1468 1441 1448 1456 1448 1504 1485 1497 1515 1537 1533 1552 1542 1557 1553 1557 1567 1578 1590 1592 1595 1592 1580 1600 1592 1601 1610 1609 1574 1478 1529 1605 1492 1611 1559 1543 1427 1421 1446 1468 1472 1474 1451 1404 1388 1405 1400 1410 1413 1414 1456 1525 1572 1601 1629 1692 1681 1680 1685
1468 1437 1453 1469 1455 1474 1431 1445 1494 1502 1534 1521 1514 1518 1506 1485 1481 1468 1454 1448 1454 1449 1469 1472 1490 1477 1498 1497 1523 1549 1537 1549 1544 1563 1554 1555 1577 1581 1564 1580 1578 1584 1554 1575 1621 1602 1623 1575 1519 1465 1431 1439 1479 1502 1498 1468 1421 1440 1448 1482 1472 1450 1395 1387 1427 1422 1391 1429 1406 1445 1514 1593 1645 1680 1671 1699 1666 1687
1414 1376 1401 1399 1458 1445 1433 1452 1492 1507 1518 1513 1521 1516 1525 1508 1512 1512 1486 1490 1482 1465 1483 1479 1486 1490 1502 1519 1526 1531 1527 1523 1513 1539 1522 1522 1560 1563 1550 1562 1571 1583 1552 1563 1587 1614 1622 1608 1563 1497 1489 1508 1502 1513 1508 1512 1451 1456 1482 1484 1516 1496 1448 1428 1441 1444 1437 1445 1468 1541 1614 1662 1680 1668 1675 1687 1691 1700
1416 1387 1392 1389 1473 1398 1406 1457 1476 1478 1514 1514 1511 1506 1486 1511 1485 1475 1488 1482 1484 1491 1472 1460 1467 1455 1502 1522 1510 1531 1515 1502 1524 1520 1506 1506 1511 1526 1533 1524 1545 1521 1495 1554 1579 1608 1595 1606 1634 1549 1527 1564 1587 1603 1582 1598 1491 1490 1511 1523 1587 1568 1585 1510 1480 1482 1468 1528 1612 1654 1664 1687 1672 1684 1683 1709 1716 1688
1357 1380 1383 1444 1432 1405 1435 1456 1461 1444 1494 1494 1504 1526 1498 1482 1482 1471 1440 1465 1473 1465 1464 1412 1480 1479 1508 1492 1471 1513 1501 1491 1492 1490 1458 1326 1446 1446 1525 1517 1497 1498 1497 1501 1564 1562 1601 1595 1617 1640 1607 1593 1551 1575 1639 1659 1593 1513 1567 1654 1654 1637 1677 1650 1685 1616 1682 1672 1678 1688 1679 1707 1702 1702 1686 1708 1714 1712
1340 1426 1429 1441 1358 1381 1401 1425 1448 1461 1458 1489 1499 1511 1475 1485 1459 1439 1441 1458 1437 1468 1465 1411 1466 1488 1505 1519 1495 1509 1445 1414 1454 1463 1461 1460 1495 1499 1541 1554 1547 1546 1537 1556 1559 1557 1554 1618 1629 1646 1645 1649 1655 1635 1644 1670 1663 1682 1662 1689 1669 1678 1697 1691 1695 1684 1677 1703 1690 1676 1688 1683 1714 1696 1716 1722 1694 1714
1356 1406 1378 1390 1351 1329 1374 1403 1412 1454 1481 1495 1485 1485 1491 1475 1474 1465 1459 1433 1385 1411 1417 1384 1434 1460 1489 1442 1485 1496 1491 1465 1429 1454 1482 1510 1528 1542 1565 1569 1578 1577 1555 1545 1511 1554 1597 1626 1634 1646 1661 1659 1641 1657 1677 1682 1678 1687 1687 1687 1696 1698 1699 1682 1699 1721 1711 1719 1715 1683 1710 1724 1714 1715 1721 1727 1697 1706
1378 1372 1359 1317 1348 1346 1372 1393 1411 1470 1467 1477 1474 1483 1491 1484 1482 1478 1471 1443 1406 1389 1387 1367 1366 1368 1408 1445 1480 1492 1469 1467 1452 1368 1481 1503 1531 1534 1551 1577 1573 1604 1603 1581 1576 1604 1560 1605 1636 1632 1631 1632 1608 1539 1648 1688 1696 1685 1664 1683 1682 1688 1694 1680 1714 1714 1730 1719 1717 1738 1702 1710 1720 1712 1735 1720 1720 1731
1346 1349 1356 1285 1283 1320 1348 1387 1388 1410 1441 1447 1480 1462 1459 1472 1492 1457 1450 1446 1412 1353 1307 1193 1177 1203 1242 1359 1367 1445 1455 1444 1455 1335 1443 1504 1534 1539 1559 1573 1570 1577 1575 1543 1475 1562 1563 1588 1614 1625 1631 1625 1593 1484 1504 1551 1695 1671 1666 1702 1697 1689 1701 1703 1705 1721 1735 1753 1751 1757 1728 1731 1740 1720 1722 1731 1736 1749
1256 1313 1339 1317 1401 1459 1329 1410 1350 1414 1453 1482 1441 1401 1432 1469 1444 1444 1443 1433 1312 1346 1321 1248 1227 1307 1349 1303 1262 1437 1386 1373 1197 1176 1470 1487 1501 1524 1545 1537 1556 1561 1558 1557 1482 1540 1567 1579 1604 1621 1604 1581 1513 1507 1531 1551 1586 1630 1655 1671 1679 1700 1700 1716 1713 1733 1733 1743 1756 1752 1734 1741 1721 1719 1747 1740 1747 1755
1335 1490 1508 1506 1519 1534 1550 1542 1556 1535 1449 1464 1364 1335 1381 1422 1407 1360 1363 1389 1397 1362 1320 1260 1190 1224 1296 1403 1383 1390 1269 1324 1180 1198 1240 1270 1396 1545 1543 1538 1535 1558 1549 1549 1527 1502 1528 1582 1583 1477 1550 1532 1548 1526 1576 1610 1609 1643 1644 1661 1669 1694 1694 1709 1712 1718 1741 1726 1728 1738 1742 1743 1752 1747 1750 1756 1758 1766
1510 1512 1536 1523 1552 1554 1576 1544 1518 1455 1335 1298 1243 1217 1270 1330 1379 1324 1350 1314 1289 1282 1161 1213 1218 1309 1385 1377 1419 1393 1415 1437 1462 1461 1444 1193 1164 1396 1528 1521 1515 1544 1535 1493 1462 1527 1529 1564 1513 1499 1569 1578 1599 1560 1656 1667 1667 1684 1662 1660 1675 1685 1715 1706 1745 1757 1752 1741 1740 1744 1743 1750 1742 1757 1763 1761 1769 1766
1584 1528 1579 1564 1546 1566 1569 1566 1518 1496 1499 1493 1386 1356 1400 1500 1411 1319 1260 1350 1269 1133 1104 1211 1376 1346 1332 1213 1313 1433 1415 1389 1388 1450 1480 1275 1137 1161 1357 1471 1510 1536 1534 1415 1278 1439 1521 1558 1444 1535 1592 1610 1605 1671 1681 1687 1686 1698 1680 1678 1711 1672 1693 1739 1748 1753 1770 1763 1772 1757 1758 1768 1758 1778 1768 1784 1779 1756
1562 1599 1577 1555 1590 1588 1602 1578 1559 1549 1585 1558 1544 1530 1538 1515 1339 1230 1220 1184 1188 1101 1180 1320 1262 1348 1327 1282 1386 1404 1206 1349 1289 1376 1433 1444 1332 1209 1168 1145 1480 1498 1491 1417 1263 1355 1517 1549 1569 1596 1576 1509 1593 1689 1672 1698 1669 1698 1701 1702 1703 1715 1727 1752 1758 1743 1766 1768 1757 1759 1763 1776 1743 1771 1779 1786 1794 1792
1560 1616 1601 1596 1587 1592 1611 1603 1592 1597 1570 1555 1581 1556 1509 1458 1383 1233 1089 1095 1144 1200 1224 1301 1165 1135 1135 1242 1369 1347 1185 1258 1197 1268 1373 1443 1452 1469 1422 1293 1364 1484 1503 1469 1479 1451 1370 1556 1570 1478 1467 1522 1666 1690 1704 1686 1672 1700 1683 1711 1729 1728 1739 1751 1760 1775 1760 1757 1765 1771 1764 1772 1768 1766 1788 1798 1790 1792
1597 1619 1629 1617 1614 1597 1597 1609 1605 1606 1594 1586 1581 1533 1448 1429 1179 1028 1054 1098 1091 1091 1105 1164 1139 1113 1251 1231 1252 1240 1193 1074 1004 1145 1367 1362 1364 1436 1509 1550 1501 1528 1489 1487 1505 1524 1543 1534 1361 1558 1541 1480 1519 1682 1682 1673 1692 1694 1689 1726 1745 1744 1751 1762 1768 1772 1756 1759 1767 1768 1763 1776 1769 1794 1799 1788 1789 1795
1619 1632 1631 1630 1622 1624 1605 1605 1602 1595 1608 1576 1591 1535 1411 1350 1197 1005 1031 1056 1060 1095 1051 1065 1082 1095 1235 1152 1135 1141 1109 1076 967 1097 1178 1243 1209 1299 1481 1536 1537 1539 1431 1471 1402 1436 1538 1446 1527 1554 1540 1503 1506 1656 1699 1673 1685 1695 1710 1713 1727 1729 1755 1758 1755 1743 1751 1755 1762 1783 1782 1804 1803 1809 1808 1804 1801 1797
1635 1634 1631 1603 1584 1604 1597 1602 1607 1606 1610 1592 1566 1534 1456 1437 1333 1222 986 815 987 999 997 1009 1067 1083 1013 1063 1078 1173 1270 1263 1197 1200 1371 1318 1391 1414 1377 1512 1560 1544 1431 1167 1151 1368 1437 1514 1540 1583 1554 1517 1582 1652 1682 1681 1688 1665 1706 1718 1722 1716 1747 1752 1745 1726 1747 1761 1774 1783 1798 1792 1811 1813 1807 1807 1801 1800
-9999 -9999 1626 1593 1566 1613 1590 1600 1605 1612 1593 1602 1564 1546 1515 1495 1501 1332 1290 983 843 942 934 1011 983 1004 906 947 933 1119 1182 1239 1315 1310 1409 1411 1456 1489 1544 1511 1550 1481 1408 1250 1150 1441 1458 1523 1566 1606 1639 1671 1669 1674 1667 1674 1638 1675 1684 1698 1722 1725 1724 1738 1715 1718 1747 1756 1792 1797 1810 1807 1806 1810 1813 1809 1805 1811
-9999 -9999 1636 1586 1576 1585 1589 1601 1597 1590 1607 1585 1575 1573 1559 1530 1469 1415 1355 1336 1256 1065 1093 1077 990 848 757 735 758 922 1075 1065 1140 1097 1207 1346 1428 1506 1470 1463 1525 1550 1462 1331 1320 1419 1482 1516 1573 1581 1628 1643 1653 1669 1660 1654 1644 1661 1675 1685 1651 1694 1710 1717 1729 1742 1708 1748 1787 1788 1800 1810 1813 1800 1801 1799 1818 1803
-9999 1622 1589 1576 1576 1586 1617 1572 1540 1533 1559 1557 1563 1549 1533 1550 1530 1474 1414 1445 1360 1234 1333 1308 1186 1057 1003 903 670 737 842 796 875 1085 1188 1319 1311 1313 1409 1501 1520 1555 1556 1467 1332 1453 1486 1521 1533 1533 1559 1637 1645 1650 1621 1637 1629 1643 1611 1656 1688 1713 1728 1738 1738 1749 1737 1739 1792 1803 1806 1808 1810 1822 1819 1822 1813 1827
1542 1551 1558 1522 1575 1607 1609 1535 1548 1535 1585 1561 1560 1554 1547 1557 1587 1596 1574 1544 1464 1393 1461 1372 1281 1299 1234 990 1071 966 964 789 903 1008 1110 1138 1144 1286 1354 1483 1491 1545 1585 1560 1283 1444 1449 1479 1501 1358 1524 1615 1648 1596 1619 1614 1627 1587 1638 1714 1732 1742 1734 1727 1756 1757 1770 1778 1784 1804 1819 1821 1822 1820 1822 1814 1829 1825
1577 1545 1547 1584 1594 1605 1606 1571 1560 1550 1567 1577 1578 1531 1543 1548 1568 1612 1585 1539 1491 1482 1442 1382 1398 1390 1311 1179 1194 1150 1126 1001 981 847 720 1027 1209 1298 1194 1291 1364 1527 1575 1577 1484 1365 1247 1432 1372 1330 1552 1601 1575 1579 1617 1638 1601 1611 1679 1720 1719 1727 1722 1744 1763 1780 1785 1782 1806 1810 1825 1824 1826 1826 1828 1816 1834 1828
1577 1583 1569 1561 1546 1589 1543 1544 1542 1535 1560 1551 1537 1543 1541 1548 1565 1618 1592 1608 1591 1568 1492 1397 1472 1444 1380 1316 1401 1395 1280 1258 1179 1032 923 967 1099 1122 1157 1351 1506 1529 1570 1582 1535 1506 1437 1327 1479 1504 1559 1583 1565 1621 1629 1659 1619 1620 1669 1696 1707 1710 1735 1747 1762 1782 1798 1796 1811 1820 1826 1825 1828 1825 1827 1820 1822 1837
1571 1560 1542 1562 1556 1568 1526 1540 1553 1528 1556 1535 1529 1527 1551 1538 1520 1591 1607 1646 1620 1558 1572 1478 1534 1472 1460 1392 1496 1443 1390 1399 1356 1268 1184 1158 1154 1213 1160 1282 1391 1380 1589 1565 1574 1597 1593 1522 1406 1408 1411 1505 1529 1565 1622 1557 1648 1702 1709 1706 1720 1715 1736 1739 1759 1762 1789 1792 1814 1795 1819 1817 1821 1816 1812 1827 1837 1846
-9999 -9999 -9999 -9999 -9999 -9999 -9999 -9999 -9999 1579 1551 1548 1548 1546 1535 1562 1536 1561 1614 1627 1623 1600 1606 1582 1571 1532 1530 1507 1524 1444 1478 1466 1403 1334 1377 1297 1348 1389 1258 1197 1222 1361 1534 1610 1586 1633 1622 1579 1513 1260 1264 1323 1401 1503 1594 1662 1678 1646 1644 1692 1653 1653 1684 1698 1751 1766 1791 1799 1803 1806 1821 1825 1774 1814 1827 1840 1853 1854
-9999 -9999 -9999 -9999 -9999 -9999 -9999 -9999 -9999 -9999 -9999 -9999 -9999 1618 -9999 -9999 -9999 -9999 -9999 1537 1586 1639 1619 1616 1576 1570 1530 1581 1580 1559 1428 1448 1353 1222 1297 1338 1468 1480 1530 1398 1400 1392 1462 1487 1473 1642 1624 1630 1624 1501 1267 1280 1294 1397 1518 1633 1643 1660 1648 1649 1678 1691 1678 1683 1725 1771 1781 1805 1793 1806 1812 1790 1792 1831 1837 1844 1848 1848
-9999 -9999 -9999 -9999 -9999 -9999 -9999 -9999 -9999 -9999 -9999 -9999 -9999 -9999 -9999 -9999 -9999 -9999 -9999 -9999 1572 1615 1621 1633 1631 1625 1593 1608 1505 1511 1439 1455 1400 1303 1264 1345 1444 1505 1525 1541 1488 1538 1439 1488 1450 1553 1517 1661 1690 1621 1504 1294 1247 1298 1362 1573 1647 1666 1662 1698 1712 1722 1743 1702 1700 1703 1749 1778 1789 1789 1773 1774 1811 1820 1835 1859 1862 1854
-9999 -9999 -9999 -9999 -9999 -9999 -9999 -9999 -9999 -9999 -9999 -9999 -9999 -9999 -9999 -9999 -9999 -9999 -9999 -9999 -9999 -9999 -9999 1632 1633 1615 1642 1597 1582 1549 1467 1484 1474 1471 1424 1202 1334 1424 1571 1619 1634 1625 1595 1541 1549 1486 1484 1661 1713 1714 1685 1523 1220 1179 1308 1399 1585 1648 1633 1694 1724 1747 1751 1746 1711 1708 1721 1747 1746 1776 1746 1763 1790 1801 1813 1823 1858 1861
-9999 -9999 -9999 -9999 -9999 -9999 -9999 -9999 -9999 -9999 -9999 -9999 -9999 -9999 -9999 -9999 -9999 -9999 -9999 -9999 -9999 -9999 -9999 -9999 -9999 1649 1640 1635 1599 1594 1538 1529 1499 1540 1490 1299 1414 1480 1581 1597 1617 1585 1662 1660 1671 1609 1511 1554 1593 1587 1703 1621 1390 1070 1169 1197 1383 1545 1657 1713 1729 1748 1761 1749 1732 1747 1752 1716 1717 1729 1739 1769 1802 1817 1836 1827 1847 -9999
-9999 -9999 -9999 -9999 -9999 -9999 -9999 -9999 -9999 -9999 -9999 -9999 -9999 -9999 -9999 -9999 -9999 -9999 -9999 -9999 -9999 -9999 -9999 -9999 -9999 -9999 1656 1642 1625 1578 1536 1537 1544 1584 1569 1483 1548 1528 1536 1577 1643 1585 1614 1685 1700 1707 1698 1689 1633 1696 1730 1671 1587 1409 1174 1204 1353 1488 1604 1739 1738 1763 1766 1772 1757 1756 1740 1712 1723 1754 1731 1755 1786 1778 1800 1836 1848 -9999
-9999 -9999 -9999 -9999 -9999 -9999 -9999 -9999 -9999 -9999 -9999 -9999 -9999 -9999 -9999 -9999 -9999 -9999 -9999 -9999 -9999 -9999 -9999 -9999 -9999 -9999 -9999 -9999 1609 1541 1552 1531 1459 1643 1602 1546 1569 1552 1572 1572 1673 1654 1599 1653 1703 1712 1741 -9999 1727 1727 1601 1549 1603 1500 1281 1042 1264 1346 1464 1614 1756 1750 1770 1777 1766 1778 1772 1736 1734 1768 1772 1769 1790 1773 1796 1817 1832 -9999
-9999 -9999 -9999 -9999 -9999 -9999 -9999 -9999 -9999 -9999 -9999 -9999 -9999 -9999 -9999 -9999 -9999 -9999 -9999 -9999 -9999 -9999 -9999 -9999 -9999 -9999 -9999 -9999 -9999 1621 1502 1611 1505 1614 1517 1618 1553 1562 1583 1616 1574 1696 1699 1651 1689 1717 1739 -9999 1729 1725 -9999 1708 1673 1604 1508 1385 1386 1363 1332 1427 1558 1754 1771 1781 1784 1786 1777 1766 1739 1789 1792 1777 1797 1806 1813 -9999 -9999 -9999
-9999 -9999 -9999 -9999 -9999 -9999 -9999 -9999 -9999 -9999 -9999 -9999 -9999 -9999 -9999 -9999 -9999 -9999 -9999 -9999 -9999 -9999 -9999 -9999 -9999 -9999 -9999 -9999 -9999 -9999 -9999 -9999 1476 1673 1643 1595 1660 1521 1513 1533 1602 1691 1533 1576 1704 1578 1608 1628 1728 -9999 -9999 -9999 1715 1688 1678 1656 1644 1656 1603 1424 1365 1499 1762 1782 1786 1797 1802 1760 1770 1788 1796 -9999 -9999 -9999 -9999 -9999 -9999 -9999
