test/testdata/pc3.asc
ncols         1535
nrows         418
xllcorner     -86.908090449054
yllcorner     19.808370557989
cellsize      0.0083333333333333
NODATA_value  -9999
[rows 350 to 384 of 418, columns 1264 to 1342 of 1535]
989 1014 986 978 978 969 969 984 978 973 957 972 972 967 964 956 964 944 949 959 947 947 956 951 958 961 977 964 977 958 968 972 967 981 967 975 972 976 970 967 960 948 959 936 940 933 931 924 902 915 916 911 898 880 896 902 885 892 894 914 921 935 962 971 934 971 992 1023 1021 1002 1042 1023 1022 992 983 1001 1010 981 944
974 1008 966 984 973 970 989 966 967 971 959 973 964 962 970 961 959 956 951 950 951 948 950 969 959 970 975 986 980 972 953 973 970 983 973 978 969 972 958 960 942 956 934 915 912 911 903 914 909 913 910 902 882 884 877 877 896 898 901 895 919 909 935 958 930 938 958 977 1050 967 973 954 1016 1015 1002 1006 998 963 967
995 986 975 983 981 978 977 975 967 971 969 967 965 972 966 960 957 947 950 942 938 958 971 945 972 975 976 982 980 982 966 974 991 973 968 968 961 950 954 957 941 941 936 935 908 936 931 914 911 913 899 891 898 880 878 883 897 895 906 901 902 906 903 922 929 933 942 966 990 962 952 961 949 1003 1032 1008 963 980 969
979 1001 979 995 983 988 971 971 972 971 967 960 963 960 976 976 964 948 941 942 956 955 975 980 981 973 968 971 973 970 977 974 969 958 968 949 945 944 946 928 932 922 918 913 922 904 920 907 910 902 905 901 896 882 875 888 901 890 892 915 904 898 909 915 922 947 945 944 961 949 939 946 957 956 955 1010 1014 1060 1066
987 972 978 981 984 970 986 992 952 958 970 960 974 969 957 944 949 943 942 937 935 951 978 958 976 959 962 961 957 976 952 973 973 958 957 937 939 930 931 933 923 930 917 925 920 913 909 912 910 893 904 896 896 892 887 897 889 899 901 894 908 919 916 911 908 907 929 953 939 935 947 959 958 956 961 968 1019 1085 1097
983 966 975 985 988 958 976 964 965 975 959 948 968 969 969 942 944 940 938 938 937 920 956 959 942 964 943 962 945 946 964 962 953 951 948 950 939 946 920 936 916 917 913 919 916 906 912 907 903 900 899 896 901 888 890 889 899 910 904 897 908 948 935 918 914 908 922 937 937 965 948 952 959 961 954 951 1000 1082 1118
984 973 987 962 992 974 957 949 963 962 942 976 945 973 942 933 936 942 937 929 925 933 938 929 937 957 940 946 920 939 959 949 941 962 961 939 948 943 941 930 929 922 925 918 908 901 911 901 903 904 897 905 895 899 884 906 903 919 901 901 915 956 964 931 929 922 922 935 956 954 950 962 956 994 957 996 1002 1046 1103
992 991 985 984 948 979 965 948 978 938 964 953 966 933 952 930 944 937 933 936 926 934 923 927 927 923 927 937 922 922 931 946 944 940 939 954 951 923 927 938 914 930 918 913 912 907 898 898 901 898 902 896 907 886 893 896 890 899 898 903 921 927 929 931 949 959 933 954 953 965 947 954 1039 1031 1005 1037 1036 1067 1036
985 969 1000 948 945 982 938 951 969 966 933 951 937 959 928 933 931 946 941 944 929 929 925 946 921 944 943 925 951 942 945 963 940 962 972 944 940 929 937 906 915 919 917 903 905 914 904 909 900 899 898 889 894 893 881 914 933 944 898 926 902 900 932 938 920 954 942 954 941 965 1011 937 944 997 1008 1007 1012 1002 1035
974 1019 964 957 958 979 945 974 976 940 937 954 942 942 958 943 931 936 943 927 942 923 924 921 934 930 933 937 937 944 948 941 952 960 954 931 955 924 935 935 916 909 920 909 908 901 899 899 906 895 904 887 889 891 886 904 922 888 899 906 901 910 912 947 893 916 911 931 931 964 972 937 946 984 1008 1006 1002 1004 980
985 979 980 974 1005 986 947 970 957 948 960 953 957 951 931 936 927 930 927 935 931 927 926 933 928 946 947 935 940 932 944 935 947 956 973 935 932 950 926 937 925 921 911 904 902 897 889 899 891 899 901 889 889 890 880 877 901 889 881 900 900 905 893 902 892 910 888 919 903 922 917 935 973 974 962 958 967 1004 972
978 996 1016 1016 1044 1024 983 978 946 956 964 974 962 946 944 922 916 924 921 932 926 927 923 923 926 939 957 937 939 952 957 934 946 948 948 967 941 925 943 925 913 922 911 900 899 897 901 894 899 899 898 900 895 878 888 886 875 881 876 904 901 894 887 888 898 905 908 892 895 878 912 943 953 961 976 954 961 979 1005
998 993 1014 1002 1008 1000 999 999 974 956 941 947 942 942 957 942 921 930 948 951 932 945 926 926 924 942 935 930 962 928 954 946 950 960 955 950 927 938 925 929 921 922 915 901 899 905 894 896 906 903 897 894 891 901 876 881 887 881 888 880 897 871 889 886 890 884 882 874 875 903 907 907 938 965 962 945 945 948 982
992 1010 1018 997 956 972 998 995 978 980 949 926 926 933 913 927 929 906 955 931 947 955 944 924 941 958 946 952 952 958 955 943 960 956 943 937 935 928 922 929 919 919 908 904 897 895 902 891 896 896 917 899 897 879 889 887 884 894 884 875 895 885 884 885 885 870 879 874 874 892 886 894 926 912 922 960 924 942 958
1036 1022 1026 985 986 976 979 962 970 964 939 933 933 932 920 917 923 924 953 950 942 960 950 925 918 948 940 958 958 944 939 954 948 944 951 944 931 939 936 922 918 917 910 909 900 902 895 897 900 894 912 916 897 886 892 886 886 879 887 882 874 878 876 882 871 865 875 868 876 878 883 916 911 903 913 930 944 946 932
1005 1028 1019 1004 979 981 972 972 961 951 972 975 939 926 914 917 922 964 955 959 960 958 953 951 935 953 946 940 947 951 945 949 958 949 944 937 925 925 931 918 920 908 915 898 899 897 897 896 881 896 912 908 899 887 890 888 892 887 896 882 869 876 877 884 874 872 872 873 880 872 889 886 903 887 914 913 927 928 936
1028 1024 1029 1018 1001 964 967 959 950 987 982 1030 975 925 935 913 922 967 966 972 959 942 945 924 942 955 946 965 964 964 960 967 961 973 955 943 932 931 941 926 927 912 917 917 900 896 892 882 902 910 896 904 896 902 891 898 885 882 904 874 879 870 891 877 882 858 857 862 862 881 866 886 890 907 910 935 942 942 933
1037 1033 1035 1027 1020 1003 966 976 972 984 982 980 959 919 911 911 916 920 918 930 950 943 938 925 939 936 984 972 987 973 979 970 971 984 952 941 948 925 937 939 924 927 913 907 906 894 893 885 896 912 906 908 875 884 890 867 867 884 897 902 906 872 901 865 870 869 858 865 871 875 873 885 880 888 892 926 941 934 930
1062 1054 1047 1039 1016 1021 998 959 979 967 963 947 911 937 916 903 904 907 898 921 928 956 946 934 927 934 948 942 967 983 984 970 985 975 968 951 932 930 918 922 921 921 905 914 899 903 878 883 915 921 922 906 893 909 883 872 869 886 880 885 894 871 878 873 886 862 862 867 866 861 876 893 909 902 917 929 948 945 935
1062 1081 1059 1057 1051 1022 1010 944 939 926 934 964 983 937 922 913 907 921 927 928 943 949 932 931 933 929 928 935 940 973 989 975 980 975 972 950 947 933 925 915 914 902 894 899 905 905 905 883 928 945 926 912 903 899 889 887 889 889 883 891 899 885 889 888 877 868 865 866 872 873 863 884 907 909 915 918 933 917 927
1157 1105 1089 1095 1040 1048 1029 988 958 947 985 977 958 934 963 927 946 951 926 943 940 936 940 941 924 937 931 933 975 1017 999 974 958 953 966 946 942 921 911 915 902 901 908 890 895 895 897 901 917 940 905 913 897 920 897 901 895 899 881 894 911 898 899 899 878 888 881 868 880 878 863 884 898 904 916 917 909 924 920
1138 1114 1078 1063 1032 1023 992 976 975 981 1001 1027 979 960 951 943 939 932 943 932 933 945 977 950 937 935 922 935 952 1001 983 973 968 948 935 936 919 913 900 921 902 901 910 892 889 898 897 903 909 941 917 904 901 929 914 915 889 887 877 902 915 910 911 902 889 882 876 880 883 881 876 885 904 908 904 909 903 908 933
1142 1135 1063 1037 1036 1015 972 982 1019 1075 1028 1026 961 951 952 939 950 920 936 950 952 935 970 970 970 965 940 954 958 947 957 944 941 945 914 913 911 913 904 899 905 908 902 904 891 889 899 898 886 889 898 896 898 924 897 916 903 902 893 893 902 915 890 903 891 868 887 891 889 885 898 888 884 893 896 898 915 923 908
1139 1130 1041 1036 1035 964 983 1000 983 1050 1074 1059 1003 996 969 964 948 941 948 1000 985 949 984 1025 1012 1007 1003 963 953 934 936 946 928 918 917 916 914 920 912 905 900 906 910 908 893 895 900 891 872 891 886 883 891 907 922 910 912 898 899 908 907 910 901 891 894 898 890 890 902 906 896 883 887 899 915 927 900 935 922
1140 1136 1061 1052 992 951 995 1008 1058 1072 1051 1038 1065 1044 1019 953 937 930 950 974 977 1009 1016 1067 1060 991 974 969 941 928 940 908 916 938 935 957 950 944 946 920 910 894 907 906 909 910 891 893 895 879 894 892 899 912 896 909 910 902 913 912 909 905 902 905 887 906 906 889 918 910 892 896 892 917 909 911 911 912 918
1101 1097 1023 996 977 962 972 974 1008 1011 975 948 944 983 936 931 945 937 928 959 966 973 1029 1097 1047 975 966 949 950 948 940 966 981 978 962 970 967 947 948 926 889 902 905 913 943 908 895 893 893 890 896 896 901 899 900 905 914 901 896 909 920 911 898 945 940 937 919 928 944 933 894 892 904 892 894 908 902 915 915
1062 1031 997 997 996 989 990 971 977 959 937 942 934 928 935 926 946 965 940 940 975 986 1013 1000 962 965 954 943 954 958 957 1000 983 963 959 934 953 954 930 932 897 893 922 920 932 936 925 902 911 900 882 890 904 907 899 917 904 912 923 922 922 931 948 955 947 946 922 940 952 929 894 896 902 892 893 892 912 908 906
1019 1031 1074 1024 1060 1022 965 995 1053 971 945 934 937 921 918 919 933 1068 974 952 977 991 1001 977 972 940 950 955 963 978 984 968 961 957 958 923 931 905 908 905 891 914 928 929 931 925 905 932 895 916 925 890 916 962 955 938 936 963 974 955 945 938 960 961 963 946 921 936 926 927 915 899 919 897 888 888 906 915 901
1072 1057 1133 1101 1025 980 972 1010 1090 996 953 983 953 970 936 920 933 1051 1042 1055 967 997 1013 1002 988 988 1008 1021 1012 968 955 947 959 958 961 938 901 908 902 903 886 914 915 936 932 926 970 907 938 911 932 911 912 923 964 992 965 954 940 947 947 953 941 974 975 927 943 952 940 925 930 935 897 897 886 911 903 919 916
1091 1126 1108 1027 1036 1006 1008 1044 1147 994 987 1044 966 984 923 930 945 975 1017 1050 1083 1037 1034 1037 1043 993 1022 1012 1008 974 956 943 977 943 921 914 908 908 929 923 911 917 921 915 931 962 972 933 951 928 978 920 970 931 957 959 973 978 965 975 994 997 992 944 941 949 981 976 944 935 910 918 901 895 895 904 897 908 920
1149 1018 1050 1025 1005 1051 1100 1131 1100 1024 1036 1102 1092 1022 933 958 966 960 968 1018 1056 1056 1100 1108 1057 1029 1011 1010 990 983 965 938 937 926 912 925 932 930 937 921 910 902 907 898 934 940 982 954 932 955 964 995 1000 1004 913 922 962 983 949 995 995 1023 983 956 975 981 981 991 974 928 920 922 900 907 902 890 895 923 925
1061 1061 1099 1138 994 1039 1221 1250 1128 993 1097 1141 996 970 978 979 1007 993 989 1078 1110 1098 1116 1117 1033 1023 988 988 986 980 943 937 921 924 926 930 934 928 935 931 917 913 900 884 932 914 920 957 919 951 1034 1044 1038 961 934 913 939 969 946 993 1021 1018 977 982 965 999 983 977 964 954 967 921 909 917 909 904 908 906 912
1126 1090 1159 1202 1081 1074 1215 1296 1142 1152 1165 1060 1002 981 950 974 1057 1090 1070 1112 1106 1100 1082 1032 976 961 951 947 957 941 948 929 930 938 938 934 911 933 925 938 918 928 907 919 916 900 931 923 952 933 1002 1042 988 951 918 944 961 992 980 985 1036 989 976 984 971 1000 982 1020 989 967 967 966 913 931 900 925 934 924 923
1142 1118 1322 1218 1048 1119 1268 1246 1206 1111 1024 1030 1094 969 994 991 969 1071 1105 1108 1144 1108 1077 1070 998 1035 974 960 933 939 934 946 933 947 983 948 943 939 919 913 952 1004 962 935 923 899 911 936 950 962 1002 984 956 952 934 945 987 1024 1004 1022 1024 1040 1020 975 978 989 935 920 996 943 993 944 933 900 937 966 956 929 936
1144 1185 1322 1228 1077 1130 1265 1320 1260 1148 1201 1177 1126 972 1040 1046 991 1044 1037 1048 1103 1097 1113 1104 1078 1014 951 972 944 973 980 992 938 936 960 950 949 949 961 948 990 968 943 914 907 923 930 946 953 1004 995 956 949 959 935 958 966 985 980 967 932 994 971 890 896 896 876 886 871 855 886 875 909 906 965 972 959 933 943
