test/testdata/pc3.asc
ncols         1535
nrows         418
xllcorner     -86.908090449054
yllcorner     19.808370557989
cellsize      0.0083333333333333
NODATA_value  -9999
[rows 175 to 209 of 418, columns 948 to 1026 of 1535]
1061 1053 1055 1047 1047 1048 1047 1045 1043 1041 1050 1040 1039 1035 1046 1040 1031 1024 1034 1032 1022 1033 1031 1029 1023 1018 1023 1021 1029 1018 1019 1016 1014 1018 1019 1010 1020 1015 1011 1010 1010 1011 1011 1006 1000 999 995 993 1014 1012 1019 1018 1016 996 994 996 992 997 998 994 995 994 993 991 992 992 994 1000 991 993 1012 1006 1013 1009 1012 1009 1015 1012 1015
1053 1061 1063 1042 1045 1046 1047 1049 1055 1041 1046 1033 1033 1045 1044 1040 1032 1039 1035 1023 1020 1033 1031 1030 1022 1014 1027 1020 1031 1032 1024 1029 1030 1028 1028 1029 1028 1029 1021 1012 1009 1010 1009 999 998 1002 991 1003 990 997 1005 1011 999 1020 1003 997 997 1001 996 997 995 993 994 997 998 997 994 992 993 998 1016 1008 1009 1011 1019 1007 1006 1022 1030
1045 1048 1049 1047 1042 1050 1049 1048 1056 1056 1049 1048 1047 1048 1046 1044 1033 1028 1022 1017 1017 1028 1017 1016 1014 1015 1019 1020 1030 1029 1027 1018 1022 1028 1021 1024 1015 1018 1027 1010 1020 1020 1015 1012 1015 1009 1008 993 1003 999 996 1002 1008 1015 1017 1019 1012 1022 1013 1014 1005 997 999 996 999 1001 998 1001 1001 1018 1014 1013 1015 1018 1016 1014 1011 1028 1028
1058 1047 1053 1052 1048 1049 1036 1045 1030 1042 1046 1044 1046 1042 1041 1054 1055 1029 1034 1018 1016 1027 1016 1014 1014 1019 1026 1030 1037 1032 1024 1023 1021 1033 1035 1025 1029 1030 1033 1026 1030 1016 998 1019 1012 1012 1010 1011 999 991 1001 1000 1010 1004 1011 1005 1012 1012 1010 1016 1008 1015 1018 1003 1012 1007 1012 1001 1009 1020 1015 1005 1012 1013 1004 1013 1019 1026 1023
1058 1047 1046 1046 1044 1050 1040 1033 1038 1040 1036 1045 1058 1054 1056 1048 1050 1040 1028 1019 1017 1025 1025 1015 1023 1020 1013 1028 1025 1027 1027 1024 1025 1020 1020 1020 1022 1021 1021 1006 1008 1003 1003 1012 1013 1001 994 1000 1013 1008 1004 996 994 1001 997 1013 1011 1003 1004 1018 1011 1006 1004 1009 1009 1008 1003 1008 1014 1011 1010 1006 1013 1010 1019 1023 1025 1029 1023
1063 1058 1049 1054 1052 1049 1040 1033 1040 1041 1043 1055 1052 1056 1059 1060 1049 1033 1035 1036 1021 1023 1023 1026 1022 1017 1025 1020 1021 1032 1029 1030 1031 1034 1030 1018 1011 1013 1013 1011 1012 1029 1021 1013 1012 1011 1011 1008 994 1001 1011 1003 1005 997 1001 1007 1010 1008 1007 1009 1005 1006 1009 1012 1012 1010 1006 1010 1007 1008 1009 1015 1008 1010 1022 1024 1027 1024 1024
1060 1054 1053 1051 1051 1045 1049 1035 1034 1052 1050 1045 1059 1057 1061 1039 1040 1031 1036 1035 1027 1035 1019 1028 1023 1027 1026 1023 1022 1028 1026 1032 1039 1028 1013 1016 1006 1014 1019 1019 1018 1019 1024 1020 1029 1029 1013 1008 1010 1011 997 1001 1008 1004 1006 998 1003 1007 1014 1015 1010 1011 1006 1008 1008 1012 1017 1007 1016 1014 1017 1008 1022 1017 1020 1028 1016 1015 1017
1055 1059 1055 1047 1043 1041 1047 1046 1042 1049 1054 1055 1035 1054 1046 1041 1048 1039 1032 1026 1024 1028 1022 1025 1030 1022 1025 1022 1020 1028 1029 1029 1042 1033 1019 1014 1009 1010 1007 1008 1015 1016 1017 1043 1048 1032 1027 1022 1008 1012 1017 1010 1010 1004 1005 1007 1000 997 999 1009 1021 1007 1003 1004 1010 1019 1012 1014 1016 1012 1030 1014 1017 1014 1018 1013 1021 1018 1032
1051 1048 1050 1042 1038 1039 1032 1053 1056 1061 1050 1034 1038 1037 1044 1046 1049 1043 1032 1032 1024 1025 1029 1026 1029 1017 1021 1016 1016 1030 1033 1038 1040 1046 1034 1013 1013 1014 1014 1009 1022 1034 1028 1035 1045 1050 1046 1030 1029 1029 1018 1013 1007 1003 1007 999 1008 998 998 1014 1013 1006 1003 1010 1012 1012 1018 1018 1015 1023 1025 1028 1022 1030 1019 1019 1023 1024 1023
1060 1056 1044 1038 1029 1029 1046 1050 1051 1057 1045 1039 1040 1039 1049 1053 1045 1045 1034 1035 1028 1026 1023 1022 1028 1015 1020 1023 1023 1038 1044 1041 1036 1028 1026 1026 1012 1017 1018 1018 1024 1024 1036 1032 1039 1039 1034 1042 1033 1025 1027 1018 1012 1015 1014 1011 1018 999 999 1006 1015 1014 1006 1011 1012 1020 1021 1019 1016 1024 1033 1030 1027 1019 1025 1030 1021 1023 1031
1061 1059 1046 1033 1030 1026 1042 1050 1049 1053 1042 1048 1036 1035 1038 1048 1048 1039 1031 1032 1030 1023 1019 1026 1031 1041 1038 1034 1048 1048 1046 1040 1048 1035 1029 1037 1011 1018 1018 1022 1034 1033 1031 1030 1037 1041 1038 1031 1028 1031 1020 1018 1017 1018 1018 1019 1024 1014 1002 1032 1017 1011 1015 1018 1011 1015 1016 1017 1018 1026 1027 1035 1025 1013 1035 1036 1034 1038 1042
1038 1047 1049 1041 1046 1049 1039 1049 1057 1058 1044 1043 1045 1041 1050 1060 1050 1045 1041 1035 1037 1027 1026 1022 1031 1033 1037 1037 1044 1049 1053 1046 1047 1038 1041 1031 1016 1025 1021 1028 1028 1032 1036 1033 1036 1027 1021 1021 1028 1026 1022 1027 1022 1018 1020 1020 1020 1027 1021 996 993 1007 1016 1006 1014 1014 1010 1018 1022 1021 1024 1021 1019 1019 1008 1024 1020 1034 1035
1044 1044 1058 1055 1051 1047 1039 1048 1050 1055 1046 1046 1042 1042 1058 1047 1046 1041 1038 1039 1041 1035 1028 1026 1043 1041 1048 1049 1049 1055 1055 1035 1053 1043 1033 1017 1013 1033 1033 1033 1032 1032 1040 1030 1031 1032 1030 1025 1035 1036 1025 1025 1019 1024 1022 1018 1022 1033 1025 1007 995 1014 1021 1010 1018 1015 1011 1020 1012 1016 1023 1022 1023 1011 1035 1046 1028 1034 1036
1037 1036 1033 1046 1039 1043 1041 1049 1051 1058 1056 1054 1054 1049 1044 1046 1035 1036 1038 1039 1037 1031 1033 1030 1043 1049 1042 1050 1056 1036 1048 1045 1046 1049 1037 1018 1015 1036 1032 1034 1033 1028 1032 1031 1036 1035 1022 1027 1022 1028 1028 1026 1024 1018 1016 1024 1023 1028 1021 1024 1010 995 1020 1023 1010 1005 1011 1012 1011 1016 1026 1012 1023 1014 1046 1040 1036 1034 1034
1039 1033 1051 1054 1040 1046 1037 1044 1056 1054 1063 1054 1040 1044 1046 1042 1046 1048 1045 1045 1047 1041 1036 1041 1053 1042 1059 1047 1044 1044 1045 1056 1035 1048 1030 1036 1041 1035 1033 1031 1033 1037 1036 1023 1021 1031 1020 1024 1028 1026 1026 1030 1014 1021 1016 1015 1025 1031 1031 1023 1020 1003 997 1013 1009 1006 1005 1012 1012 1007 1026 1012 1016 1011 1038 1035 1032 1037 1032
1051 1049 1048 1051 1034 1032 1041 1051 1052 1055 1054 1049 1038 1036 1040 1043 1043 1057 1057 1057 1044 1044 1032 1045 1043 1042 1055 1044 1044 1047 1042 1036 1032 1032 1032 1043 1044 1049 1036 1036 1030 1034 1030 1017 1020 1019 1028 1026 1030 1032 1038 1028 1025 1025 1022 1016 1015 1015 1022 1019 1020 1015 1009 1004 1014 1009 1007 1013 1011 1014 1022 1013 1016 1010 1010 1015 1025 1023 1017
1057 1053 1049 1042 1044 1034 1043 1053 1054 1061 1048 1047 1039 1035 1044 1047 1045 1056 1060 1051 1052 1036 1037 1038 1046 1046 1046 1054 1041 1041 1050 1031 1038 1035 1040 1044 1051 1047 1039 1032 1032 1032 1024 1015 1023 1033 1025 1022 1034 1033 1022 1021 1021 1025 1020 1012 1017 1015 1024 1024 1019 1016 1015 1010 1006 1002 1004 1009 1008 1009 1017 1014 1013 1028 1015 1010 1016 1028 1009
1063 1056 1059 1037 1038 1039 1047 1044 1046 1058 1049 1047 1041 1035 1050 1052 1049 1060 1055 1047 1051 1050 1050 1044 1050 1038 1038 1041 1044 1044 1050 1036 1047 1042 1040 1044 1046 1051 1041 1032 1034 1041 1022 1026 1029 1016 1021 1030 1037 1019 1024 1027 1026 1020 1018 1016 1018 1016 1009 1019 1026 1026 1017 1017 1001 1001 1010 1005 1003 998 1006 1003 991 1000 1014 1028 1008 1006 1021
1064 1057 1064 1039 1045 1044 1050 1036 1048 1056 1057 1047 1044 1045 1047 1063 1064 1058 1061 1056 1045 1046 1055 1055 1032 1037 1038 1044 1046 1045 1036 1040 1046 1038 1043 1047 1052 1052 1030 1031 1025 1028 1017 1015 1014 1013 1031 1035 1033 1027 1025 1020 1027 1018 1019 1017 1016 1016 1009 1004 1010 1016 1021 1020 1002 1009 1000 1002 993 1001 985 1008 1002 997 1001 999 1011 1012 1002
1059 1066 1060 1043 1048 1046 1052 1037 1051 1041 1062 1048 1047 1053 1053 1064 1063 1050 1044 1053 1053 1057 1049 1049 1046 1035 1036 1041 1042 1041 1040 1050 1043 1045 1041 1040 1052 1053 1038 1032 1025 1029 1018 1012 1014 1015 1021 1029 1034 1027 1018 1021 1023 1019 1018 1017 1017 1012 1012 1017 1012 1031 1024 1021 1015 1013 1014 1004 1001 1002 1004 999 1002 998 998 1001 1006 1005 998
1054 1057 1050 1056 1054 1053 1049 1044 1034 1048 1056 1051 1055 1053 1047 1054 1054 1056 1061 1052 1040 1046 1052 1058 1051 1059 1038 1039 1042 1045 1042 1046 1051 1046 1044 1042 1054 1056 1044 1039 1026 1029 1022 1014 1016 1013 1022 1035 1033 1024 1021 1018 1018 1024 1011 1018 1018 1013 1013 1017 1002 1002 1023 1017 1009 1008 1006 1014 1012 992 989 996 999 999 1005 1006 999 1020 1010
1046 1044 1048 1051 1057 1055 1051 1045 1042 1040 1056 1052 1051 1040 1052 1059 1047 1041 1045 1055 1062 1051 1055 1063 1045 1063 1063 1064 1037 1047 1041 1050 1049 1051 1048 1032 1045 1049 1044 1040 1033 1029 1026 1022 1013 1012 1019 1018 1018 1025 1017 1022 1021 1021 1025 1011 1016 1008 1003 1006 1004 1004 1005 1023 1013 1009 1006 1004 1011 1007 984 988 1000 1012 1006 1011 999 1010 1022
1042 1049 1046 1057 1054 1053 1053 1048 1043 1049 1062 1052 1043 1036 1034 1060 1052 1040 1035 1053 1053 1053 1067 1065 1060 1055 1058 1046 1043 1045 1038 1042 1045 1044 1043 1041 1046 1049 1040 1044 1039 1036 1030 1021 1018 1016 1017 1016 1018 1016 1024 1017 1014 1028 1020 1019 1014 1013 1008 1010 1004 1004 1005 1003 1002 1004 1004 1000 1006 1006 1001 991 991 999 1001 999 999 1009 1021
1059 1056 1050 1059 1064 1055 1053 1051 1035 1044 1063 1053 1046 1040 1052 1055 1043 1035 1041 1049 1051 1051 1054 1065 1056 1058 1062 1051 1068 -9999 -9999 1042 1042 1050 1043 1041 1040 1051 1042 1032 1033 1033 1030 1027 1020 1021 1008 1022 1018 1014 1022 1026 1021 1022 1019 1017 1016 1019 1003 1014 1004 1010 1009 1006 1005 994 1000 1006 1002 996 997 991 998 1011 1009 1009 996 999 1016
1051 1058 1050 1067 1071 1060 1070 1049 1047 1047 1070 1052 1052 1050 1060 1056 1044 1044 1034 1052 1052 1060 1066 1075 1067 1056 1061 1059 -9999 -9999 -9999 -9999 1034 1039 1042 1045 1052 1052 1045 1043 1035 1036 1035 1037 1028 1011 1008 1011 1021 1014 1018 1026 1024 1019 1024 1017 1017 1019 1008 1008 1012 1009 1014 1011 1003 999 996 999 1002 1002 993 992 998 1003 997 1009 998 1021 1021
1056 1059 1058 1058 1063 1059 1059 1049 1058 1053 1072 1049 1046 1049 1056 1043 1050 1048 1046 -9999 -9999 -9999 -9999 -9999 -9999 -9999 -9999 -9999 -9999 -9999 -9999 -9999 -9999 -9999 1044 1060 1049 1051 1050 1044 1042 1037 1036 1036 1021 1010 1014 1011 1015 1015 1020 1027 1024 1017 1016 1019 1009 1018 1007 1013 1013 1019 1017 1005 1006 1001 1001 996 1008 994 985 985 1003 988 989 1003 1004 1011 1011
1061 1068 1066 1060 1050 1064 1053 1056 1060 1064 1058 1055 1051 1053 1053 1064 1048 -9999 -9999 -9999 -9999 -9999 -9999 -9999 -9999 -9999 -9999 -9999 -9999 -9999 -9999 -9999 -9999 -9999 -9999 -9999 1055 1053 1049 1039 1042 1037 1036 1037 1041 1027 1016 1018 1022 1029 1029 1024 1023 1016 1019 1017 1018 1010 1004 1009 1010 1019 1023 1017 1014 1009 996 992 985 1001 989 979 979 987 987 1013 999 1000 1008
1052 1064 1066 1061 1050 1059 1056 1057 1059 1059 1067 1061 1067 1049 1039 -9999 -9999 -9999 -9999 -9999 -9999 -9999 -9999 -9999 -9999 -9999 -9999 -9999 -9999 -9999 -9999 -9999 -9999 -9999 -9999 -9999 -9999 1050 1052 1046 1045 1040 1035 1032 1030 1032 1019 1027 1023 1027 1024 1018 1016 1020 1018 1017 1011 1006 1004 1009 1009 1011 1011 1021 995 994 991 989 984 994 1001 1007 998 991 994 995 1000 1001 1009
1040 -9999 -9999 -9999 -9999 -9999 -9999 -9999 -9999 -9999 -9999 -9999 -9999 1049 -9999 -9999 -9999 -9999 -9999 -9999 -9999 -9999 -9999 -9999 -9999 -9999 -9999 -9999 -9999 -9999 -9999 -9999 -9999 -9999 -9999 -9999 -9999 -9999 1051 1047 1045 1043 1031 1032 1037 1023 1017 1020 1028 1024 1019 1022 1023 1016 1025 1010 1006 1005 1002 1001 1002 993 997 996 995 987 993 987 983 980 993 994 995 994 997 993 1008 1008 1009
-9999 -9999 -9999 -9999 -9999 -9999 -9999 -9999 -9999 -9999 -9999 -9999 -9999 -9999 -9999 -9999 -9999 -9999 -9999 -9999 -9999 -9999 -9999 -9999 -9999 -9999 -9999 -9999 -9999 -9999 -9999 1046 1044 1042 -9999 -9999 1033 -9999 1048 1041 1043 1043 1030 1038 1031 1022 1023 1024 1021 1014 1018 1022 1021 1025 1020 1021 1006 1006 1006 1004 996 993 982 996 995 993 994 990 985 979 985 986 1001 991 995 991 987 998 985
-9999 -9999 -9999 -9999 -9999 -9999 -9999 -9999 -9999 -9999 -9999 -9999 -9999 -9999 -9999 -9999 -9999 -9999 -9999 -9999 -9999 -9999 -9999 -9999 -9999 -9999 -9999 -9999 -9999 -9999 -9999 1041 1039 1037 1033 1036 1040 1033 1039 1043 1038 1047 1033 1023 1029 1018 1019 1023 1016 1020 1017 1019 1027 1020 1022 1021 1013 1001 1000 999 987 986 984 992 986 996 989 984 982 981 976 986 987 985 985 976 972 975 978
-9999 -9999 -9999 -9999 -9999 -9999 -9999 -9999 -9999 -9999 -9999 -9999 -9999 -9999 -9999 -9999 -9999 -9999 -9999 -9999 -9999 -9999 -9999 -9999 -9999 -9999 -9999 -9999 -9999 -9999 1051 1041 1043 1031 1043 1027 1040 1034 1029 1040 1041 1040 1030 1034 1032 1026 1023 1021 1016 1024 1013 1024 1017 1023 1022 1009 1000 997 997 988 986 985 993 987 987 984 994 981 985 975 969 982 979 975 985 980 978 973 996
-9999 -9999 -9999 -9999 -9999 -9999 -9999 -9999 -9999 -9999 -9999 -9999 -9999 -9999 -9999 -9999 -9999 -9999 -9999 -9999 -9999 -9999 -9999 -9999 -9999 -9999 -9999 -9999 -9999 1048 1053 -9999 1040 -9999 1039 1035 1041 1028 1028 1035 1042 1035 1033 1044 1040 1017 1023 1024 1025 999 1004 1023 1014 1021 1017 1007 1000 1009 997 1000 1003 1006 995 985 990 978 975 973 971 975 982 976 982 987 985 972 970 970 989
-9999 -9999 -9999 -9999 -9999 -9999 -9999 -9999 -9999 -9999 -9999 -9999 -9999 -9999 -9999 -9999 -9999 -9999 -9999 1063 -9999 -9999 -9999 -9999 -9999 -9999 -9999 -9999 1056 1047 -9999 -9999 -9999 -9999 -9999 -9999 -9999 -9999 -9999 -9999 1037 1044 1043 1037 1036 1028 1019 1014 1008 1000 1020 1011 1021 1013 1010 997 995 999 997 1008 1000 988 985 989 986 980 974 977 975 974 977 975 969 969 982 977 1001 993 976
-9999 -9999 -9999 -9999 -9999 -9999 -9999 -9999 -9999 -9999 -9999 -9999 -9999 -9999 -9999 -9999 -9999 -9999 -9999 -9999 -9999 -9999 -9999 -9999 -9999 -9999 -9999 -9999 1065 -9999 -9999 -9999 -9999 -9999 -9999 -9999 -9999 -9999 -9999 -9999 -9999 1047 1032 1037 1033 1038 1008 1026 998 1012 1018 1016 1016 1005 1003 995 995 1001 1010 1012 1001 989 986 989 989 995 971 970 976 979 978 977 977 986 977 979 985 981 995
