test/testdata/pc3.asc
ncols         1535
nrows         418
xllcorner     -86.908090449054
yllcorner     19.808370557989
cellsize      0.0083333333333333
NODATA_value  -9999
[rows 70 to 104 of 418, columns 711 to 789 of 1535]
921 921 923 920 932 934 927 935 926 924 935 921 920 922 930 933 921 924 929 938 931 932 913 930 920 931 934 928 929 929 930 941 933 935 944 940 941 937 944 934 944 948 948 957 954 961 961 958 954 954 947 948 946 952 954 984 973 973 973 980 975 984 977 984 983 980 975 981 999 992 989 995 991 991 994 1005 999 998 988
920 915 923 933 934 930 931 928 921 927 924 920 916 916 923 926 929 917 936 938 937 933 915 914 919 924 922 935 931 925 927 947 936 949 947 938 925 930 936 943 944 942 938 952 953 959 952 952 957 954 955 956 945 956 964 973 975 972 977 978 973 974 977 984 980 981 975 998 993 982 977 990 998 990 994 989 1007 1004 995
920 920 923 929 931 933 939 926 911 913 925 933 924 930 921 925 921 931 936 928 924 923 922 929 918 914 928 921 936 930 932 944 934 939 928 922 929 934 936 930 938 939 945 945 951 959 954 958 960 956 955 945 948 953 952 970 971 973 978 969 978 979 972 968 972 973 968 982 994 1002 995 1001 1008 994 988 989 996 990 992
917 924 918 921 924 924 930 929 920 919 933 911 907 906 899 925 921 916 919 935 928 943 940 926 932 923 935 924 920 920 919 914 914 916 916 920 929 931 932 930 930 945 951 941 950 958 959 959 959 951 943 953 950 946 968 956 968 969 969 976 969 972 982 978 977 972 971 988 990 1003 990 995 999 1001 978 990 985 982 990
926 916 917 918 913 925 925 925 920 913 913 914 918 906 893 895 903 909 917 919 924 913 910 914 927 931 927 922 906 912 912 913 915 912 912 917 919 921 928 930 932 943 940 940 942 953 954 965 961 956 962 959 948 948 957 960 971 973 971 972 972 975 969 967 972 970 971 977 982 997 974 998 1000 985 996 989 994 1009 997
908 915 908 918 916 928 928 928 918 913 913 923 915 911 903 904 903 901 893 899 903 915 912 913 931 931 926 929 915 911 908 905 906 914 915 919 919 921 919 924 927 938 942 942 939 947 954 955 960 970 963 957 965 954 949 955 955 969 964 970 972 965 968 960 970 972 971 977 978 989 976 999 1001 998 978 997 995 1005 992
909 903 905 909 910 920 925 909 913 906 909 910 917 911 914 912 901 900 887 900 894 911 910 933 930 935 919 908 907 916 919 906 919 908 911 917 920 919 919 930 925 932 930 940 939 939 955 957 960 968 964 974 964 958 949 952 963 960 965 970 971 961 967 971 970 979 969 978 978 983 982 1000 1004 1001 988 1001 995 999 987
916 904 915 897 901 901 920 902 903 899 893 906 904 913 905 912 906 910 900 903 917 918 912 907 909 928 914 916 916 922 924 925 923 913 912 910 921 919 917 922 929 920 930 927 942 943 948 955 959 961 966 966 966 957 961 952 952 967 967 976 957 964 966 968 974 981 970 970 983 976 984 995 994 998 1000 998 999 998 989
916 910 903 902 899 898 898 897 900 900 901 907 911 920 917 910 903 907 907 907 905 906 915 909 916 904 909 910 924 918 920 909 921 916 925 917 912 914 916 924 918 923 918 924 933 949 947 943 952 955 959 965 964 964 953 954 946 951 955 956 954 952 959 956 964 970 973 969 974 976 972 994 993 990 996 999 1002 996 987
911 902 900 896 892 887 897 890 886 895 896 906 913 918 909 911 914 907 901 903 908 912 913 915 915 918 907 930 921 918 914 918 920 921 926 921 916 920 918 924 917 913 923 924 943 947 955 961 957 952 960 956 961 962 945 952 948 940 951 952 950 960 968 957 961 965 966 970 978 971 975 988 992 991 984 996 1000 1003 986
909 904 901 894 897 893 892 897 906 909 912 903 905 906 917 913 904 905 907 909 903 900 900 909 909 912 922 919 926 911 915 916 921 925 912 912 907 907 912 928 925 934 931 926 935 947 953 952 946 943 951 948 948 955 954 946 957 958 935 965 963 957 965 964 960 972 975 971 978 979 986 980 987 993 985 992 998 1002 987
911 896 900 899 896 884 894 889 896 905 905 897 893 898 907 912 895 905 895 904 911 910 899 895 896 903 909 912 911 911 926 920 920 908 914 911 913 906 927 921 928 932 925 924 936 945 946 948 940 941 949 951 950 949 949 957 953 955 955 953 956 963 967 964 963 960 959 969 972 980 984 987 997 1002 1004 983 1007 1006 1005
904 902 905 896 892 889 882 886 895 909 909 897 890 893 903 898 898 899 904 902 896 898 901 904 896 905 913 909 914 914 922 923 919 912 920 910 918 924 929 920 917 919 920 934 936 939 943 939 944 946 948 936 945 945 948 944 957 953 951 952 954 957 960 962 964 955 970 969 980 978 980 986 988 1000 998 996 984 992 1015
901 888 901 895 889 891 883 887 896 907 900 902 903 896 900 898 900 900 899 906 906 901 894 906 896 903 900 908 916 919 915 914 919 926 923 926 921 927 919 917 917 916 924 934 916 939 934 939 945 940 937 937 945 943 937 945 955 957 948 953 952 954 959 959 958 961 969 968 962 978 977 981 979 996 989 997 996 989 998
905 898 896 896 888 892 879 871 887 899 899 899 885 884 882 898 886 897 906 898 913 911 909 896 898 911 903 910 904 905 904 907 901 913 912 911 921 911 917 915 911 921 924 922 922 929 925 935 938 943 938 938 944 941 943 960 950 955 944 950 948 952 953 929 962 955 961 963 968 973 978 981 978 991 988 993 996 991 983
902 898 887 892 891 888 893 873 873 895 896 896 894 900 883 892 890 900 893 895 904 904 906 892 893 900 898 895 905 899 902 906 895 915 924 929 922 922 921 912 921 928 934 930 922 931 932 937 936 932 932 941 936 945 953 949 956 947 955 945 945 950 951 952 958 959 954 953 962 972 975 978 978 980 983 990 977 979 993
901 889 884 891 895 894 891 893 897 880 882 894 891 894 883 886 891 892 904 898 894 901 898 897 904 902 887 899 902 887 898 896 902 917 921 914 927 913 917 920 909 902 915 921 927 927 926 936 931 930 923 929 935 948 949 933 924 948 940 931 944 937 934 941 952 951 957 962 959 969 959 967 971 973 986 980 977 989 973
895 892 888 892 882 884 890 895 892 879 887 892 886 894 895 893 893 886 885 887 893 883 891 894 893 892 890 887 903 890 894 896 886 910 907 916 930 916 900 896 909 906 909 915 908 908 911 922 920 915 916 926 939 920 942 931 939 935 930 933 939 936 939 941 955 960 952 960 943 976 968 962 969 975 964 967 969 986 984
898 892 899 898 903 874 873 875 871 876 876 874 883 888 902 894 896 897 900 898 896 893 898 885 880 881 894 900 890 887 894 887 895 906 912 919 925 929 919 889 912 912 921 921 937 908 910 917 912 905 912 916 920 925 932 927 927 933 924 926 942 944 938 952 958 944 936 939 965 951 951 949 953 971 973 961 958 962 980
904 914 893 902 900 875 880 875 875 881 882 886 888 889 891 893 900 909 902 891 881 872 884 883 868 876 892 897 887 883 885 884 878 895 907 914 922 923 921 898 914 923 920 933 909 908 904 919 913 911 910 903 914 921 923 927 923 925 923 921 924 944 944 943 929 954 942 942 956 939 934 949 942 941 953 963 950 961 954
906 915 914 905 885 881 876 878 874 880 886 880 889 889 890 893 901 902 908 896 892 878 872 878 872 881 887 895 895 896 883 878 882 887 886 898 915 917 922 908 909 920 919 922 907 913 918 901 908 899 903 901 908 913 931 925 918 923 918 919 923 939 931 926 923 923 919 919 927 933 941 948 936 943 950 945 950 954 943
906 916 894 888 871 872 881 875 878 882 888 886 884 896 892 898 894 895 911 901 898 889 892 891 878 857 871 894 894 897 885 885 878 866 875 897 913 916 923 902 899 902 908 897 898 906 898 908 910 908 890 899 898 908 923 910 918 919 921 919 916 928 927 912 923 928 934 922 921 933 933 948 941 939 950 944 947 948 945
917 914 891 883 890 896 889 890 889 880 883 888 879 881 887 895 901 899 901 897 895 894 891 891 869 867 870 883 900 899 899 890 891 873 888 897 913 918 904 920 915 914 885 887 900 907 910 906 907 897 883 900 905 914 919 917 913 924 921 914 914 915 912 913 920 913 922 918 918 922 930 939 935 941 937 934 940 939 942
905 889 891 906 898 901 897 891 896 892 888 883 887 875 876 881 883 884 893 899 897 893 890 887 890 870 878 874 885 892 896 899 891 892 892 898 894 909 908 905 888 901 900 883 897 901 905 906 894 890 890 898 898 905 918 933 919 909 910 910 919 923 916 911 922 912 910 905 924 920 931 930 926 923 932 919 937 934 916
909 886 906 907 897 894 899 896 892 892 883 889 879 875 875 881 889 887 891 894 895 892 875 879 875 868 876 876 892 878 896 892 895 883 887 899 894 915 892 913 901 904 891 891 889 905 906 888 873 882 892 895 894 907 919 909 911 904 909 909 920 899 916 902 912 901 915 913 905 914 911 921 922 920 920 936 932 906 907
906 902 897 907 908 892 894 899 883 889 886 879 879 878 873 873 881 892 889 893 882 886 886 887 885 891 887 888 887 893 891 887 886 882 871 868 891 903 914 903 899 891 885 898 889 886 886 881 881 880 891 904 901 897 909 907 907 902 899 899 899 898 921 890 913 908 918 910 903 911 910 920 917 923 916 905 927 917 927
896 898 902 903 901 901 894 892 894 890 882 881 873 873 880 881 886 887 885 888 886 891 892 887 880 875 885 880 883 888 883 875 869 878 886 869 874 899 911 908 893 892 896 896 879 889 887 882 892 895 886 901 896 892 907 894 905 903 895 897 902 885 887 887 899 903 910 909 915 908 909 910 919 911 913 895 923 922 920
913 906 913 903 902 899 893 884 894 895 883 878 880 873 874 886 885 889 886 883 886 888 889 893 886 890 883 880 881 881 884 887 883 882 870 868 866 872 889 901 902 889 889 892 887 898 883 889 893 896 888 896 896 916 915 901 894 898 893 893 883 899 891 885 909 886 882 898 904 909 909 906 916 915 913 915 915 910 892
909 915 915 903 903 906 896 896 895 899 880 881 882 875 876 884 886 888 885 877 875 876 884 884 878 888 874 890 878 881 899 885 895 880 879 872 865 881 870 884 890 901 894 892 904 908 907 888 892 879 889 893 893 898 895 898 889 887 893 887 880 900 903 901 896 890 886 902 900 901 903 900 912 914 917 920 912 911 899
911 921 915 906 905 902 897 900 883 893 880 881 874 871 874 873 868 872 875 872 873 880 872 866 873 883 877 883 876 884 878 890 886 878 868 873 870 873 871 867 885 892 894 895 908 899 883 878 881 885 881 885 896 883 904 893 890 895 880 891 876 899 877 887 898 888 895 897 896 888 908 911 909 912 914 910 903 900 895
925 924 914 912 917 904 915 905 882 889 880 883 883 876 887 878 874 881 892 879 894 880 875 879 889 889 883 884 873 872 891 879 877 881 880 877 863 881 887 885 883 890 885 890 888 891 882 882 877 881 884 895 881 894 898 892 890 898 889 894 896 883 881 881 889 887 898 897 879 905 900 894 911 918 917 911 910 904 884
931 930 921 923 905 916 907 901 890 888 886 888 885 883 879 880 876 878 875 884 884 881 892 871 883 889 888 886 875 875 882 882 879 891 884 874 866 872 893 891 893 881 881 881 884 877 882 875 874 877 882 896 889 891 890 889 876 892 873 876 894 879 878 879 881 889 894 876 878 892 897 912 918 913 899 910 907 892 895
932 932 930 927 922 906 915 897 900 888 884 893 884 883 884 879 877 878 889 882 886 887 886 876 874 878 886 890 884 876 870 878 873 894 883 881 874 871 873 878 886 877 889 882 894 868 871 882 878 877 890 882 891 895 881 884 875 889 868 879 877 890 887 878 872 884 887 882 880 891 899 906 907 913 902 885 891 888 885
932 928 928 929 914 913 913 903 893 896 888 893 888 884 883 872 884 881 880 881 881 882 886 884 873 886 880 884 887 882 878 872 878 880 890 878 872 869 873 874 886 879 888 872 866 866 873 859 872 879 881 868 881 884 887 883 873 862 869 869 867 865 868 863 870 872 876 877 885 894 902 909 914 911 901 902 890 894 888
934 935 934 932 928 924 917 906 907 900 892 889 889 884 885 883 873 889 880 882 890 883 870 866 885 886 883 887 887 885 884 880 884 886 871 881 872 866 873 876 879 870 881 855 861 867 875 872 866 881 864 879 880 880 882 866 881 884 871 874 868 881 885 878 875 872 877 891 898 899 909 899 898 898 877 882 877 894 887
