test/testdata/pc3.asc
ncols         1535
nrows         418
xllcorner     -86.908090449054
yllcorner     19.808370557989
cellsize      0.0083333333333333
NODATA_value  -9999
[rows 175 to 209 of 418, columns 869 to 947 of 1535]
1044 1039 1103 1166 1125 1097 1102 1076 1061 1044 1062 1044 1033 1039 1025 1020 1016 1041 1025 1017 1018 1001 995 985 984 988 984 974 972 979 980 989 976 995 986 978 991 979 1002 997 1001 1014 995 1013 1015 1022 1012 1015 1014 1008 1036 1019 1012 1018 1024 1022 1017 1013 1031 1034 1030 1038 1035 1037 1048 1020 1020 1034 1038 1045 1051 1056 1058 1049 1042 1045 1057 1049 1047
1030 1046 1080 1172 1083 1091 1094 1091 1049 1061 1055 1044 1033 1031 1025 1033 1016 1023 1020 1033 1025 1019 1010 1004 986 985 998 990 996 997 993 997 988 982 981 989 982 986 988 1001 1016 1010 1015 1018 1004 1020 1023 1022 1015 1010 1005 1015 1017 1017 1027 1027 1024 1017 1030 1038 1039 1036 1023 1015 1043 1034 1036 1039 1038 1057 1059 1052 1060 1044 1040 1053 1047 1052 1061
1042 1065 1065 1081 1074 1077 1080 1062 1051 1044 1054 1038 1038 1035 1047 1037 1035 1026 1022 1020 1023 1015 1006 1001 1020 988 1010 1003 982 999 1008 990 996 985 978 983 1003 987 1003 1000 1007 996 992 1024 1027 1020 1017 996 1016 1007 1012 1011 1022 1024 1019 1018 1024 1025 1016 1024 1017 1024 1030 1020 1036 1040 1042 1042 1042 1058 1053 1053 1043 1039 1049 1055 1065 1060 1049
1059 1069 1065 1055 1073 1053 1063 1056 1061 1041 1055 1054 1044 1036 1046 1038 1044 1038 1041 1017 1027 1026 1022 1026 999 1011 1007 1008 994 1002 1006 1010 1008 995 996 995 999 996 1001 1013 1020 1023 1006 1005 1014 1014 1001 1012 1014 1017 1018 1022 1023 1025 1028 1028 1013 1034 1036 1019 1037 1029 1033 1033 1033 1045 1058 1047 1052 1041 1060 1054 1042 1041 1041 1054 1064 1069 1058
1041 1061 1045 1056 1073 1062 1057 1059 1057 1054 1057 1057 1053 1042 1049 1048 1044 1041 1032 1040 1026 1018 1030 1010 1024 1020 1012 1015 1011 1005 1014 1005 992 996 997 1015 1005 1006 1016 1002 1019 1006 1022 1020 1007 1018 1013 1004 1023 1019 1016 1017 1024 1037 1026 1026 1023 1031 1038 1033 1027 1038 1034 1038 1032 1056 1054 1055 1056 1042 1041 1063 1046 1040 1048 1047 1062 1067 1065
1041 1057 1062 1068 1068 1066 1063 1059 1061 1073 1059 1060 1055 1058 1068 1053 1043 1029 1026 1030 1041 1027 1042 1030 1020 1023 1026 1025 1018 1011 1022 1010 1024 1005 1008 1009 1011 1004 1014 1021 1012 1020 1023 1019 1029 1021 1028 1021 1020 1019 1024 1018 1018 1019 1027 1028 1013 1047 1043 1042 1044 1037 1043 1035 1036 1035 1056 1048 1041 1043 1042 1047 1060 1066 1057 1044 1045 1043 1044
1053 1066 1070 1077 1056 1074 1061 1061 1086 1051 1075 1061 1055 1055 1069 1050 1068 1066 1040 1050 1037 1051 1036 1040 1027 1033 1025 1028 1018 1019 1012 1019 1017 1011 1025 1017 1017 1006 1018 1028 1013 1018 1030 1019 1008 1020 1033 1014 1020 1014 1029 1030 1021 1027 1028 1035 1030 1029 1034 1028 1040 1042 1041 1034 1037 1033 1051 1046 1043 1041 1039 1044 1058 1064 1066 1045 1049 1047 1045
1054 1063 1068 1072 1070 1072 1083 1089 1059 1080 1062 1064 1079 1068 1060 1065 1054 1049 1042 1041 1051 1050 1046 1052 1040 1047 1040 1032 1033 1042 1015 1022 1014 1012 1012 1022 1016 1007 1025 1036 1029 1019 1031 1045 1013 1028 1032 1016 1033 1031 1021 1025 1027 1031 1031 1039 1034 1021 1028 1029 1034 1041 1052 1058 1045 1041 1053 1052 1040 1045 1043 1058 1046 1052 1064 1052 1046 1053 1039
1065 1066 1073 1075 1080 1081 1084 1077 1073 1093 1068 1067 1077 1086 1067 1057 1061 1060 1051 1046 1045 1047 1042 1045 1042 1052 1036 1033 1029 1041 1037 1018 1004 1021 1023 1035 1012 1044 1018 1019 1024 1034 1022 1028 1019 1031 1023 1032 1030 1029 1034 1036 1036 1036 1037 1040 1032 1029 1032 1038 1037 1045 1053 1053 1042 1031 1034 1040 1041 1050 1057 1056 1057 1042 1052 1055 1050 1042 1049
1066 1076 1071 1084 1069 1082 1090 1077 1093 1096 1075 1075 1085 1077 1056 1071 1069 1069 1052 1060 1051 1059 1055 1057 1055 1043 1036 1040 1039 1021 1017 1012 1024 1031 1023 1017 1016 1020 1012 1017 1029 1028 1029 1022 1039 1033 1032 1029 1023 1028 1029 1038 1037 1038 1039 1045 1034 1035 1023 1041 1046 1047 1053 1061 1054 1049 1028 1027 1033 1039 1065 1066 1067 1050 1046 1045 1053 1046 1046
1072 1071 1082 1094 1099 1088 1097 1099 1079 1091 1090 1103 1090 1086 1082 1087 1062 1071 1062 1065 1063 1065 1062 1050 1064 1053 1046 1040 1037 1029 1024 1030 1035 1031 1022 1047 1028 1031 1039 1039 1027 1035 1034 1045 1034 1033 1031 1042 1027 1027 1022 1038 1036 1042 1036 1042 1034 1035 1041 1044 1054 1048 1056 1057 1046 1035 1036 1042 1046 1043 1059 1056 1055 1047 1040 1048 1054 1051 1051
1083 1079 1089 1085 1089 1091 1095 1090 1099 1083 1108 1078 1099 1070 1092 1088 1075 1070 1063 1064 1064 1062 1052 1070 1066 1064 1044 1046 1042 1036 1033 1033 1042 1025 1055 1047 1046 1029 1031 1036 1037 1027 1023 1032 1020 1033 1030 1041 1033 1037 1027 1037 1039 1045 1042 1029 1031 1032 1027 1037 1053 1054 1059 1044 1043 1041 1047 1051 1047 1051 1045 1046 1047 1066 1043 1055 1045 1062 1049
1081 1089 1086 1092 1100 1103 1092 1102 1100 1089 1096 1095 1092 1080 1071 1071 1062 1072 1062 1077 1064 1063 1066 1072 1064 1058 1061 1049 1049 1039 1026 1023 1052 1052 1056 1037 1039 1043 1051 1043 1035 1026 1029 1033 1032 1024 1028 1039 1045 1039 1029 1035 1043 1042 1049 1031 1037 1037 1038 1041 1045 1049 1047 1033 1043 1038 1045 1054 1050 1053 1048 1040 1035 1046 1057 1056 1066 1051 1044
1076 1081 1085 1096 1099 1109 1115 1119 1110 1109 1107 1103 1106 1097 1101 1096 1086 1083 1066 1062 1059 1062 1064 1066 1068 1057 1065 1066 1057 1044 1032 1054 1044 1058 1032 1036 1036 1035 1037 1037 1035 1024 1035 1039 1034 1020 1026 1044 1051 1047 1026 1047 1042 1036 1042 1043 1037 1037 1040 1045 1056 1051 1045 1054 1036 1044 1047 1047 1059 1055 1053 1037 1037 1046 1055 1058 1060 1059 1044
1084 1090 1080 1080 1095 1112 1116 1119 1119 1104 1104 1094 1094 1091 1088 1086 1081 1080 1079 1085 1072 1076 1069 1070 1054 1059 1062 1060 1057 1046 1048 1049 1052 1039 1049 1039 1040 1044 1046 1045 1040 1027 1049 1044 1047 1027 1018 1037 1056 1051 1039 1045 1047 1044 1048 1047 1035 1044 1042 1041 1044 1030 1044 1041 1047 1048 1047 1055 1053 1051 1049 1040 1040 1035 1052 1059 1056 1061 1047
1078 1087 1096 1083 1091 1101 1105 1107 1125 1108 1119 1121 1117 1107 1109 1092 1084 1075 1080 1085 1082 1074 1069 1073 1075 1065 1066 1060 1057 1057 1050 1049 1050 1048 1045 1049 1050 1053 1052 1048 1049 1044 1042 1048 1034 1030 1022 1045 1059 1053 1041 1046 1052 1044 1034 1041 1042 1053 1041 1044 1040 1028 1025 1044 1043 1051 1058 1063 1048 1047 1041 1054 1054 1049 1065 1053 1040 1048 1068
1087 1101 1101 1114 1094 1105 1119 1123 1121 1128 1136 1130 1117 1119 1110 1105 1091 1082 1077 1073 1076 1071 1072 1078 1075 1068 1070 1072 1059 1059 1054 1060 1058 1047 1037 1037 1030 1047 1050 1046 1051 1047 1043 1037 1039 1037 1025 1043 1050 1052 1045 1044 1041 1040 1040 1034 1043 1048 1045 1040 1036 1023 1029 1041 1045 1053 1054 1047 1044 1042 1044 1054 1049 1050 1068 1058 1053 1054 1060
-9999 -9999 1104 1108 1114 1110 1119 1128 1128 1117 1124 1119 1116 1113 1098 1084 1078 1090 1078 1078 1078 1077 1071 1076 1075 1071 1059 1065 1060 1057 1058 1063 1059 1059 1046 1043 1041 1036 1053 1048 1053 1049 1036 1034 1042 1046 1037 1053 1048 1059 1052 1047 1048 1041 1041 1045 1046 1055 1040 1039 1038 1032 1031 1048 1048 1056 1057 1057 1050 1038 1038 1043 1052 1047 1063 1053 1056 1052 1060
-9999 -9999 -9999 -9999 -9999 1113 1119 1129 1121 1127 1116 1101 1105 1099 1100 1090 1085 1090 1093 1083 1085 1080 1084 1075 1082 1076 1067 1057 1045 1057 1059 1074 1065 1069 1063 1052 1045 1037 1041 1053 1056 1046 1036 1038 1036 1050 1041 1060 1057 1046 1048 1044 1045 1051 1056 1051 1048 1056 1038 1038 1041 1034 1036 1051 1051 1053 1054 1053 1033 1040 1041 1048 1058 1048 1066 1056 1048 1042 1043
-9999 -9999 -9999 -9999 -9999 -9999 -9999 1119 -9999 1130 1123 1104 1121 1110 1107 1097 1093 1082 1080 1081 1086 1083 1084 1086 1082 1078 1070 1059 1055 1057 1062 1068 1074 1073 1064 1062 1054 1048 1042 1043 1063 1055 1034 1039 1042 1041 1050 1064 1061 1049 1046 1048 1041 1061 1063 1060 1056 1058 1038 1040 1039 1033 1044 1048 1053 1042 1052 1060 1038 1040 1050 1049 1053 1053 1064 1052 1049 1039 1041
-9999 -9999 -9999 -9999 -9999 -9999 -9999 -9999 1124 1121 1120 1112 1103 1105 1107 1093 1093 1088 1082 1078 1076 1072 1087 1088 1082 1078 1075 1071 1063 1057 1055 1072 1070 1070 1061 1054 1051 1045 1045 1052 1062 1050 1037 1040 1040 1039 1054 1065 1059 1043 1041 1045 1044 1053 1061 1062 1065 1052 1050 1038 1036 1039 1047 1055 1054 1045 1053 1057 1047 1040 1053 1057 1049 1048 1067 1058 1055 1046 1035
-9999 -9999 -9999 -9999 -9999 -9999 -9999 -9999 -9999 1120 1112 1118 1111 1105 1098 1097 1089 1085 1085 1076 1081 1078 1072 1077 1083 1079 1080 1074 1068 1058 1056 1062 1062 1067 1070 1062 1059 1051 1038 1049 1055 1051 1046 1049 1041 1042 1062 1067 1056 1045 1047 1041 1040 1055 1070 1069 1063 1051 1048 1036 1035 1039 1046 1058 1045 1041 1043 1054 1043 1049 1050 1059 1047 1043 1063 1066 1055 1052 1051
-9999 -9999 -9999 -9999 -9999 -9999 -9999 -9999 1117 1123 1111 1111 1107 1095 1093 1085 1087 1090 1090 1077 1072 1071 1069 1069 1076 1079 1083 1083 1071 1061 1068 1065 1065 1059 1064 1065 1057 1054 1037 1047 1050 1055 1054 1046 1044 1050 1067 1062 1058 1047 1044 1034 1042 1060 1064 1056 1062 1049 1044 1038 1037 1041 1055 1052 1042 1042 1045 1050 1046 1048 1053 1064 1046 1044 1051 1061 1059 1058 1053
-9999 -9999 -9999 -9999 -9999 -9999 -9999 -9999 -9999 -9999 -9999 -9999 -9999 1095 1091 1090 1093 1089 -9999 1078 1071 1071 1075 1065 1075 1075 1075 1076 1079 1070 1066 1067 1068 1059 1067 1060 1055 1053 1051 1050 1048 1045 1063 1051 1048 1058 1061 1067 1060 1049 1038 1039 1036 1049 1060 1058 1058 1040 1035 1032 1042 1041 1045 1044 1037 1036 1043 1044 1042 1050 1048 1058 1044 1046 1054 1053 1050 1047 1050
-9999 -9999 -9999 -9999 -9999 -9999 -9999 -9999 -9999 -9999 -9999 -9999 -9999 -9999 1086 1089 1093 1090 -9999 -9999 -9999 1077 1073 1070 1069 1079 1076 1075 1079 1071 1070 1069 1070 1060 1057 1058 1055 1055 1063 1052 1053 1047 1052 1049 1061 1054 1063 1057 1059 1056 1047 1047 1045 1063 1058 1056 1046 1037 1033 1033 1040 1044 1050 1049 1048 1035 1041 1047 1045 1051 1052 1062 1049 1049 1055 1048 1066 1053 1060
-9999 -9999 -9999 -9999 -9999 -9999 -9999 -9999 -9999 -9999 -9999 -9999 -9999 -9999 -9999 1083 -9999 -9999 -9999 -9999 -9999 -9999 1080 1083 1089 1081 1082 1072 1075 1071 1065 1065 1066 1059 1057 1060 1058 1056 1066 1055 1056 1050 1049 1054 1064 1064 1061 1059 1056 1050 1049 1044 1043 1059 1061 1054 1047 1035 1027 1036 1035 1044 1046 1051 1044 1045 1042 1049 1049 1055 1055 1046 1047 1041 1056 1066 1063 1053 1047
-9999 -9999 -9999 -9999 -9999 -9999 -9999 -9999 -9999 -9999 -9999 -9999 -9999 -9999 -9999 -9999 -9999 -9999 -9999 -9999 -9999 -9999 -9999 1083 1087 1091 1082 1081 1067 1064 1064 1065 1068 1065 1056 1067 1062 1072 1061 1053 1042 1050 1052 1056 1059 1060 1054 1048 1052 1045 1050 1044 1058 1060 1060 1052 1051 1037 1030 1033 1037 1046 1045 1048 1042 1042 1052 1056 1048 1052 1039 1049 1051 1047 1060 1053 1065 1048 1048
-9999 -9999 -9999 -9999 -9999 -9999 -9999 -9999 -9999 -9999 -9999 -9999 -9999 -9999 -9999 -9999 -9999 -9999 -9999 -9999 -9999 -9999 -9999 -9999 -9999 1088 1080 1078 1075 1072 1075 1071 1064 1064 1079 1075 1058 1061 1056 1055 1045 1054 1047 1049 1064 1060 1055 1042 1047 1046 1050 1054 1051 1068 1056 1045 1049 1042 1037 1039 1038 1044 1047 1045 1037 1046 1054 1058 1048 1053 1048 1054 1051 1057 1049 1057 1051 1057 1044
-9999 -9999 -9999 -9999 -9999 -9999 -9999 -9999 -9999 -9999 -9999 -9999 -9999 -9999 -9999 -9999 -9999 -9999 -9999 -9999 -9999 -9999 -9999 -9999 -9999 -9999 -9999 -9999 1067 1075 1068 1073 1069 -9999 -9999 -9999 -9999 -9999 1058 1054 1043 1056 1072 1051 1066 1063 1068 1043 1043 1035 1047 1062 1053 1059 1063 1046 1046 1045 1041 1041 1046 1046 1049 1048 1044 1041 1056 1059 1050 1050 1060 1050 1041 1056 1044 1059 1067 1061 1042
-9999 -9999 -9999 -9999 -9999 -9999 -9999 -9999 -9999 -9999 -9999 -9999 -9999 -9999 -9999 -9999 -9999 -9999 -9999 -9999 -9999 -9999 -9999 -9999 -9999 -9999 -9999 -9999 -9999 -9999 -9999 -9999 -9999 -9999 -9999 -9999 -9999 -9999 -9999 -9999 1051 1049 1060 1057 1062 1065 1071 1055 1044 1033 1049 1054 1057 1062 1063 1053 1045 1046 1043 1043 1043 1059 1051 1045 1054 1047 1058 1063 1048 1040 1042 1049 -9999 -9999 -9999 -9999 -9999 -9999 -9999
-9999 -9999 -9999 -9999 -9999 -9999 -9999 -9999 -9999 -9999 -9999 -9999 -9999 -9999 -9999 -9999 -9999 -9999 -9999 -9999 -9999 -9999 -9999 -9999 -9999 -9999 -9999 -9999 -9999 -9999 -9999 -9999 -9999 -9999 -9999 -9999 -9999 -9999 -9999 -9999 -9999 -9999 1052 1063 1064 1068 1066 1053 1052 1036 1040 1046 1052 1059 1058 1055 1046 1043 1043 1047 1047 1063 1047 1050 1050 1057 1053 1051 1054 1044 -9999 -9999 -9999 -9999 -9999 -9999 -9999 -9999 -9999
-9999 -9999 -9999 -9999 -9999 -9999 -9999 -9999 -9999 -9999 -9999 -9999 -9999 -9999 -9999 -9999 -9999 -9999 -9999 -9999 -9999 -9999 -9999 -9999 -9999 -9999 -9999 -9999 -9999 -9999 -9999 -9999 -9999 -9999 -9999 -9999 -9999 -9999 -9999 -9999 -9999 -9999 -9999 -9999 1071 1070 1070 1045 1038 1044 1047 1057 1049 1050 1049 1041 1050 1049 1051 1058 1056 1051 1050 1043 1043 1060 1065 1067 -9999 -9999 -9999 -9999 -9999 -9999 -9999 -9999 -9999 -9999 -9999
-9999 -9999 -9999 -9999 -9999 -9999 -9999 -9999 -9999 -9999 -9999 -9999 -9999 -9999 -9999 -9999 -9999 -9999 -9999 -9999 -9999 -9999 -9999 -9999 -9999 -9999 -9999 -9999 -9999 -9999 -9999 -9999 -9999 -9999 -9999 -9999 -9999 -9999 -9999 -9999 -9999 -9999 -9999 -9999 -9999 -9999 1068 1059 1048 1044 1056 1062 1065 1056 1048 1047 1046 1049 1040 1051 1054 1043 1043 1033 1046 1038 -9999 -9999 -9999 -9999 -9999 -9999 -9999 -9999 -9999 -9999 -9999 -9999 -9999
-9999 -9999 -9999 -9999 -9999 -9999 -9999 -9999 -9999 -9999 -9999 -9999 -9999 -9999 -9999 -9999 -9999 -9999 -9999 -9999 -9999 -9999 -9999 -9999 -9999 -9999 -9999 -9999 -9999 -9999 -9999 -9999 -9999 -9999 -9999 -9999 -9999 -9999 -9999 -9999 -9999 -9999 -9999 -9999 -9999 -9999 -9999 -9999 -9999 1051 1052 1056 1052 1063 1053 1047 1047 1050 1039 1055 1052 -9999 -9999 -9999 -9999 -9999 -9999 -9999 -9999 -9999 -9999 -9999 -9999 -9999 -9999 -9999 -9999 -9999 -9999
-9999 -9999 -9999 -9999 -9999 -9999 -9999 -9999 -9999 -9999 -9999 -9999 -9999 -9999 -9999 -9999 -9999 -9999 -9999 -9999 -9999 -9999 -9999 -9999 -9999 -9999 -9999 -9999 -9999 -9999 -9999 -9999 -9999 -9999 -9999 -9999 -9999 -9999 -9999 -9999 -9999 -9999 -9999 -9999 -9999 -9999 -9999 -9999 -9999 -9999 -9999 -9999 -9999 1043 1045 1042 1053 -9999 -9999 -9999 -9999 -9999 -9999 -9999 -9999 -9999 -9999 -9999 -9999 -9999 -9999 -9999 -9999 -9999 -9999 -9999 -9999 -9999 -9999
