test/testdata/Hispaniola_WorldClim/snv_4.asc
ncols         743
nrows         319
xllcorner     -74.500956448335
yllcorner     17.448920549066
cellsize      0.0083333333333333
NODATA_value  -9999
[rows 252 to 287 of 319, columns 328 to 409 of 743]
-9999 -9999 -9999 -9999 -9999 -9999 1325 1316 1351 1344 1294 1272 1261 1293 1244 1261 1232 1226 1201 1192 1207 1139 1194 1168 1163 1143 1124 1100 1143 1143 1096 1086 1116 1118 1094 1090 1114 1080 1089 1077 1078 1064 1062 1072 1063 1063 1086 1064 1043 1035 1070 1029 1036 1018 1043 1047 1085 1058 1092 1086 1076 1112 1096 1106 1102 1040 1032 994 933 923 937 895 950 932 889 -9999 -9999 -9999 -9999 -9999 -9999 -9999
-9999 -9999 -9999 -9999 -9999 -9999 -9999 -9999 1339 1311 1270 1273 1287 1309 1278 1261 1236 1238 1202 1191 1204 1185 1137 1148 1146 1150 1116 1110 1122 1100 1145 1082 1127 1101 1087 1056 1083 1108 1073 1074 1080 1095 1068 1064 1050 1080 1046 1051 1048 1029 1049 1041 1008 1034 1058 1023 1019 1020 1053 1043 1087 1062 1081 1087 1039 1028 1050 1012 993 963 907 893 903 875 -9999 -9999 -9999 -9999 -9999 -9999 -9999 -9999
-9999 -9999 -9999 -9999 -9999 -9999 -9999 -9999 -9999 1290 1296 1303 1282 1270 1242 1240 1248 1245 1193 1195 1209 1183 1167 1163 1150 1161 1138 1103 1146 1121 1080 1078 1100 1062 1096 1099 1068 1048 1091 1084 1068 1077 1075 1085 1073 1039 1047 1062 1055 1054 1048 1039 1037 996 1021 1023 1019 1022 1069 1041 1044 1054 1085 1031 1068 1041 1037 1004 1000 947 947 856 861 -9999 -9999 -9999 -9999 -9999 -9999 -9999 -9999 -9999
-9999 -9999 -9999 -9999 -9999 -9999 -9999 -9999 -9999 -9999 -9999 1278 1308 1272 1277 1287 1248 1229 1203 1230 1225 1203 1163 1190 1199 1162 1151 1139 1119 1137 1117 1101 1109 1072 1079 1074 1075 1093 1090 1086 1067 1072 1092 1069 1075 1051 1054 1016 1049 1061 1042 1036 1018 1032 1013 1013 1028 1047 1009 1052 1063 1035 1051 1066 1049 1006 987 990 1041 991 907 906 -9999 -9999 -9999 -9999 -9999 -9999 -9999 -9999 -9999 -9999
-9999 -9999 -9999 -9999 -9999 -9999 -9999 -9999 -9999 -9999 -9999 1279 1276 1296 1305 1295 1279 1257 1231 1241 1215 1172 1189 1207 1195 1143 1135 1150 1136 1112 1125 1133 1100 1106 1088 1097 1076 1077 1083 1086 1087 1050 1079 1043 1075 1046 1062 1041 1070 1055 1042 1060 1023 1005 1002 1006 1033 999 1021 1010 1011 1052 1051 1034 1029 1015 1003 1012 964 936 906 -9999 -9999 -9999 -9999 -9999 -9999 -9999 -9999 -9999 -9999 -9999
-9999 -9999 -9999 -9999 -9999 -9999 -9999 -9999 -9999 -9999 -9999 -9999 1312 1289 1282 1247 1265 1254 1259 1217 1190 1217 1193 1185 1179 1169 1140 1123 1125 1119 1097 1131 1113 1124 1078 1112 1101 1104 1097 1052 1077 1082 1090 1084 1055 1055 1040 1061 1021 1060 1054 1068 1009 1020 995 1030 1023 1017 1055 994 1020 982 1074 1030 1002 985 991 960 971 943 915 -9999 -9999 -9999 -9999 -9999 -9999 -9999 -9999 -9999 -9999 -9999
-9999 -9999 -9999 -9999 -9999 -9999 -9999 -9999 -9999 -9999 -9999 -9999 1281 1259 1248 1249 1243 1237 1225 1222 1206 1191 1210 1196 1182 1172 1156 1156 1110 1142 1118 1113 1096 1109 1093 1077 1091 1081 1073 1072 1081 1079 1062 1070 1063 1034 1038 1056 1073 1039 1032 1016 1021 996 1017 1013 1016 1011 1004 1012 996 1018 1018 989 1000 984 989 909 905 838 -9999 -9999 -9999 -9999 -9999 -9999 -9999 -9999 -9999 -9999 -9999 -9999
-9999 -9999 -9999 -9999 -9999 -9999 -9999 -9999 -9999 -9999 -9999 -9999 -9999 1269 1271 1256 1248 1252 1210 1198 1232 1218 1170 1193 1174 1180 1163 1177 1138 1150 1119 1124 1115 1113 1100 1100 1093 1111 1077 1075 1087 1061 1051 1057 1028 1039 1081 1063 1049 1041 1016 1024 997 973 976 964 1009 1007 993 1005 1005 1002 1026 999 976 972 953 933 906 -9999 -9999 -9999 -9999 -9999 -9999 -9999 -9999 -9999 -9999 -9999 -9999 -9999
-9999 -9999 -9999 -9999 -9999 -9999 -9999 -9999 -9999 -9999 -9999 -9999 -9999 1282 1244 1248 1261 1273 1255 1227 1233 1189 1163 1157 1159 1165 1165 1171 1166 1128 1139 1103 1104 1118 1100 1100 1096 1088 1106 1075 1084 1076 1045 1065 1034 1036 1055 1052 1047 1031 1022 1004 1010 1026 1001 971 971 974 1000 993 1006 994 982 966 987 958 943 874 831 -9999 -9999 -9999 -9999 -9999 -9999 -9999 -9999 -9999 -9999 -9999 -9999 -9999
-9999 -9999 -9999 -9999 -9999 -9999 -9999 -9999 -9999 -9999 -9999 -9999 -9999 1271 1266 1263 1254 1256 1221 1239 1233 1198 1207 1194 1202 1177 1141 1169 1157 1147 1138 1133 1137 1130 1115 1117 1107 1088 1044 1078 1084 1050 1102 1042 1088 1076 1038 1088 1036 998 1023 995 982 1014 935 962 987 979 980 1018 997 972 961 970 981 957 941 874 -9999 -9999 -9999 -9999 -9999 -9999 -9999 -9999 -9999 -9999 -9999 -9999 -9999 -9999
-9999 -9999 -9999 -9999 -9999 -9999 -9999 -9999 -9999 -9999 -9999 -9999 -9999 1264 1261 1267 1256 1250 1233 1237 1237 1198 1225 1209 1202 1169 1179 1172 1168 1138 1153 1127 1145 1117 1104 1082 1123 1093 1079 1082 1068 1093 1052 1052 1043 1045 1051 1040 1020 1064 1051 997 1014 998 980 949 975 974 959 983 992 999 983 930 999 930 866 -9999 -9999 -9999 -9999 -9999 -9999 -9999 -9999 -9999 -9999 -9999 -9999 -9999 -9999 -9999
-9999 -9999 -9999 -9999 -9999 -9999 -9999 -9999 -9999 -9999 -9999 -9999 -9999 1265 1272 1273 1241 1222 1234 1218 1210 1196 1181 1213 1177 1163 1173 1164 1171 1125 1149 1154 1150 1143 1149 1112 1065 1118 1098 1079 1068 1089 1096 1067 1048 1040 1038 1030 1020 1029 1007 980 1004 959 953 953 958 947 960 975 971 968 954 931 937 884 -9999 -9999 -9999 -9999 -9999 -9999 -9999 -9999 -9999 -9999 -9999 -9999 -9999 -9999 -9999 -9999
-9999 -9999 -9999 -9999 -9999 -9999 -9999 -9999 -9999 -9999 -9999 1301 1289 1287 1286 1260 1224 1212 1235 1212 1223 1185 1183 1146 1156 1143 1176 1197 1161 1128 1150 1145 1129 1107 1106 1127 1094 1114 1096 1083 1085 1073 1035 1061 1047 1039 1041 1023 1029 999 1012 1033 1020 975 960 973 923 904 924 966 937 975 950 908 882 822 -9999 -9999 -9999 -9999 -9999 -9999 -9999 -9999 -9999 -9999 -9999 -9999 -9999 -9999 -9999 -9999
-9999 -9999 -9999 -9999 -9999 -9999 -9999 -9999 -9999 -9999 -9999 -9999 1277 1289 1265 1253 1253 1194 1233 1181 1214 1193 1176 1166 1149 1152 1160 1182 1144 1163 1129 1122 1133 1110 1098 1112 1098 1136 1096 1131 1075 1093 1088 1049 1061 1056 1034 1042 1018 1012 965 1028 1020 979 986 977 941 929 908 912 916 926 944 874 -9999 -9999 -9999 -9999 -9999 -9999 -9999 -9999 -9999 -9999 -9999 -9999 -9999 -9999 -9999 -9999 -9999 -9999
-9999 -9999 -9999 -9999 -9999 -9999 -9999 -9999 -9999 -9999 -9999 -9999 -9999 1263 1233 1238 1242 1260 1232 1202 1185 1158 1169 1158 1147 1131 1180 1168 1146 1151 1132 1156 1130 1117 1116 1119 1117 1092 1115 1066 1091 1063 1091 1068 1054 1064 1014 1029 1015 1030 991 998 999 998 958 941 939 943 924 896 877 876 874 -9999 -9999 -9999 -9999 -9999 -9999 -9999 -9999 -9999 -9999 -9999 -9999 -9999 -9999 -9999 -9999 -9999 -9999 -9999
-9999 -9999 -9999 -9999 -9999 -9999 -9999 -9999 -9999 -9999 -9999 -9999 -9999 -9999 1244 1247 1255 1222 1217 1212 1186 1189 1175 1178 1132 1142 1157 1169 1186 1145 1160 1135 1177 1150 1141 1125 1121 1108 1118 1078 1085 1101 1083 1031 1061 1064 1080 1045 1062 1025 1047 992 995 977 959 989 967 932 906 911 896 908 -9999 -9999 -9999 -9999 -9999 -9999 -9999 -9999 -9999 -9999 -9999 -9999 -9999 -9999 -9999 -9999 -9999 -9999 -9999 -9999
-9999 -9999 -9999 -9999 -9999 -9999 -9999 -9999 -9999 -9999 -9999 -9999 -9999 -9999 1221 1265 1257 1183 1232 1209 1165 1170 1156 1149 1155 1167 1136 1148 1182 1139 1186 1138 1134 1151 1116 1095 1110 1092 1092 1097 1093 1069 1065 1080 1066 1036 1043 1008 1031 1014 1004 1027 994 994 966 985 919 930 934 906 927 -9999 -9999 -9999 -9999 -9999 -9999 -9999 -9999 -9999 -9999 -9999 -9999 -9999 -9999 -9999 -9999 -9999 -9999 -9999 -9999 -9999
-9999 -9999 -9999 -9999 -9999 -9999 -9999 -9999 -9999 -9999 -9999 -9999 -9999 -9999 -9999 1243 1250 1216 1242 1217 1205 1188 1157 1147 1160 1165 1120 1176 1180 1164 1199 1173 1134 1103 1108 1137 1132 1106 1127 1096 1082 1112 1084 1097 1065 1085 1059 1068 1056 1032 1016 999 978 985 979 946 978 934 949 905 -9999 -9999 -9999 -9999 -9999 -9999 -9999 -9999 -9999 -9999 -9999 -9999 -9999 -9999 -9999 -9999 -9999 -9999 -9999 -9999 -9999 -9999
-9999 -9999 -9999 -9999 -9999 -9999 -9999 -9999 -9999 -9999 -9999 -9999 -9999 -9999 -9999 1230 1221 1222 1233 1204 1189 1196 1202 1171 1154 1170 1172 1178 1122 1146 1168 1173 1136 1128 1145 1147 1121 1134 1083 1108 1095 1081 1105 1066 1063 1056 1085 1060 1052 1040 1022 1019 1010 984 989 967 943 936 945 -9999 -9999 -9999 -9999 -9999 -9999 -9999 -9999 -9999 -9999 -9999 -9999 -9999 -9999 -9999 -9999 -9999 -9999 -9999 -9999 -9999 -9999 -9999
-9999 -9999 -9999 -9999 -9999 -9999 -9999 -9999 -9999 -9999 -9999 -9999 -9999 -9999 -9999 -9999 1247 1250 1219 1210 1184 1178 1171 1156 1152 1169 1189 1175 1131 1123 1115 1161 1118 1146 1154 1137 1123 1103 1110 1103 1097 1106 1089 1066 1081 1084 1066 1059 1054 1002 1024 1033 993 977 982 981 954 939 -9999 -9999 -9999 -9999 -9999 -9999 -9999 -9999 -9999 -9999 -9999 -9999 -9999 -9999 -9999 -9999 -9999 -9999 -9999 -9999 -9999 -9999 -9999 -9999
-9999 -9999 -9999 -9999 -9999 -9999 -9999 -9999 -9999 -9999 -9999 -9999 -9999 -9999 -9999 -9999 1216 1230 1221 1195 1175 1156 1162 1153 1159 1163 1165 1180 1149 1145 1135 1141 1139 1133 1159 1105 1116 1171 1137 1108 1071 1104 1102 1082 1060 1034 1023 1050 1061 1054 1044 983 987 987 999 988 988 975 -9999 -9999 -9999 -9999 -9999 -9999 -9999 -9999 -9999 -9999 -9999 -9999 -9999 -9999 -9999 -9999 -9999 -9999 -9999 -9999 -9999 -9999 -9999 -9999
-9999 -9999 -9999 -9999 -9999 -9999 -9999 -9999 -9999 -9999 -9999 -9999 -9999 -9999 -9999 -9999 -9999 1240 1230 1199 1204 1180 1187 1155 1193 1173 1179 1151 1149 1135 1151 1164 1148 1159 1138 1125 1139 1127 1146 1129 1128 1087 1107 1085 1073 1086 1042 1071 1073 1045 1058 1021 1029 1004 992 1004 984 969 -9999 -9999 -9999 -9999 -9999 -9999 -9999 -9999 -9999 -9999 -9999 -9999 -9999 -9999 -9999 -9999 -9999 -9999 -9999 -9999 -9999 -9999 -9999 -9999
-9999 -9999 -9999 -9999 -9999 -9999 -9999 -9999 -9999 -9999 -9999 -9999 -9999 -9999 -9999 -9999 1229 1219 1219 1216 1204 1192 1195 1174 1195 1155 1136 1114 1118 1200 1141 1166 1138 1160 1139 1125 1109 1094 1106 1116 1099 1097 1094 1089 1067 1062 1060 1067 1058 1017 1042 1030 1019 1014 1000 -9999 991 -9999 -9999 -9999 -9999 -9999 -9999 -9999 -9999 -9999 -9999 -9999 -9999 -9999 -9999 -9999 -9999 -9999 -9999 -9999 -9999 -9999 -9999 -9999 -9999 -9999
-9999 -9999 -9999 -9999 -9999 -9999 -9999 -9999 -9999 -9999 -9999 -9999 -9999 -9999 -9999 -9999 1220 1216 1213 1230 1207 1215 1200 1198 1145 1188 1195 1141 1193 1188 1150 1142 1134 1131 1148 1128 1139 1120 1155 1123 1124 1130 1090 1078 1102 1108 1094 1071 1071 1039 1049 1033 1038 1011 -9999 -9999 -9999 -9999 -9999 -9999 -9999 -9999 -9999 -9999 -9999 -9999 -9999 -9999 -9999 -9999 -9999 -9999 -9999 -9999 -9999 -9999 -9999 -9999 -9999 -9999 -9999 -9999
-9999 -9999 -9999 -9999 -9999 -9999 -9999 -9999 -9999 -9999 -9999 -9999 -9999 1237 1226 1229 1210 1217 1205 1207 1210 1200 1225 1192 1186 1160 1176 1170 1167 1116 1138 1136 1140 1122 1120 1132 1134 1096 1122 1080 1108 1111 1088 1101 1119 1108 1069 1083 1082 1041 1036 1051 1039 -9999 -9999 -9999 -9999 -9999 -9999 -9999 -9999 -9999 -9999 -9999 -9999 -9999 -9999 -9999 -9999 -9999 -9999 -9999 -9999 -9999 -9999 -9999 -9999 -9999 -9999 -9999 -9999 -9999
-9999 -9999 -9999 -9999 -9999 -9999 -9999 -9999 -9999 -9999 -9999 -9999 -9999 1260 1273 1207 1208 1224 1203 1208 1197 1215 1204 1211 1208 1154 1145 1165 1124 1125 1131 1137 1117 1133 1129 1097 1110 1141 1133 1091 1134 1093 1099 1127 1115 1090 1079 1090 1070 1055 1077 1051 1042 -9999 -9999 -9999 -9999 -9999 -9999 -9999 -9999 -9999 -9999 -9999 -9999 -9999 -9999 -9999 -9999 -9999 -9999 -9999 -9999 -9999 -9999 -9999 -9999 -9999 -9999 -9999 -9999 -9999
-9999 -9999 -9999 -9999 -9999 -9999 -9999 -9999 -9999 -9999 -9999 -9999 -9999 1223 1209 1216 1225 1218 1210 1211 1227 1214 1215 1225 1170 1203 1168 1163 1177 1178 1138 1138 1135 1151 1125 1149 1105 1164 1104 1112 1148 1121 1123 1108 1111 1083 1088 1084 1083 1066 1085 1051 -9999 -9999 -9999 -9999 -9999 -9999 -9999 -9999 -9999 -9999 -9999 -9999 -9999 -9999 -9999 -9999 -9999 -9999 -9999 -9999 -9999 -9999 -9999 -9999 -9999 -9999 -9999 -9999 -9999 -9999
-9999 -9999 -9999 -9999 -9999 -9999 -9999 -9999 -9999 -9999 -9999 -9999 1226 1244 1232 1205 1203 1241 1223 1204 1224 1217 1206 1218 1161 1217 1186 1195 1183 1153 1125 1146 1115 1139 1148 1137 1109 1154 1084 1117 1132 1105 1118 1129 1089 1100 1094 1114 1122 1116 1089 1058 -9999 -9999 -9999 -9999 -9999 -9999 -9999 -9999 -9999 -9999 -9999 -9999 -9999 -9999 -9999 -9999 -9999 -9999 -9999 -9999 -9999 -9999 -9999 -9999 -9999 -9999 -9999 -9999 -9999 -9999
-9999 -9999 -9999 -9999 -9999 -9999 -9999 -9999 -9999 -9999 1233 1252 1241 1241 1215 1203 1256 1234 1236 1206 1215 1184 1184 1190 1203 1202 1162 1157 1152 1138 1106 1107 1138 1138 1148 1125 1103 1113 1090 1113 1127 1118 1126 1114 1109 1108 1105 1115 1114 1116 1089 -9999 -9999 -9999 -9999 -9999 -9999 -9999 -9999 -9999 -9999 -9999 -9999 -9999 -9999 -9999 -9999 -9999 -9999 -9999 -9999 -9999 -9999 -9999 -9999 -9999 -9999 -9999 -9999 -9999 -9999 -9999
-9999 -9999 -9999 -9999 -9999 -9999 -9999 -9999 -9999 -9999 -9999 1254 1233 1209 1226 1198 1238 -9999 -9999 -9999 -9999 -9999 -9999 -9999 -9999 -9999 1195 1206 1191 1173 1166 1165 1162 1137 1103 1119 1133 1066 1154 1106 1123 1137 1101 1112 1106 1098 1094 1125 1114 1126 1098 -9999 -9999 -9999 -9999 -9999 -9999 -9999 -9999 -9999 -9999 -9999 -9999 -9999 -9999 -9999 -9999 -9999 -9999 -9999 -9999 -9999 -9999 -9999 -9999 -9999 -9999 -9999 -9999 -9999 -9999 -9999
-9999 -9999 -9999 -9999 -9999 -9999 -9999 -9999 -9999 -9999 -9999 -9999 -9999 -9999 -9999 -9999 -9999 -9999 -9999 -9999 -9999 -9999 -9999 -9999 -9999 -9999 -9999 -9999 1143 1142 1132 1149 1128 1109 1143 1119 1119 1100 1098 1103 1149 1140 1093 1129 1133 1126 1127 1135 1124 1092 -9999 -9999 -9999 -9999 -9999 -9999 -9999 -9999 -9999 -9999 -9999 -9999 -9999 -9999 -9999 -9999 -9999 -9999 -9999 -9999 -9999 -9999 -9999 -9999 -9999 -9999 -9999 -9999 -9999 -9999 -9999 -9999
-9999 -9999 -9999 -9999 -9999 -9999 -9999 -9999 -9999 -9999 -9999 -9999 -9999 -9999 -9999 -9999 -9999 -9999 -9999 -9999 -9999 -9999 -9999 -9999 -9999 -9999 -9999 -9999 -9999 -9999 1195 1169 1141 1155 1114 1145 1120 1083 1129 1098 1098 1118 1114 1108 1108 1080 1127 1135 1116 1093 -9999 -9999 -9999 -9999 -9999 -9999 -9999 -9999 -9999 -9999 -9999 -9999 -9999 -9999 -9999 -9999 -9999 -9999 -9999 -9999 -9999 -9999 -9999 -9999 -9999 -9999 -9999 -9999 -9999 -9999 -9999 -9999
-9999 -9999 -9999 -9999 -9999 -9999 -9999 -9999 -9999 -9999 -9999 -9999 -9999 -9999 -9999 -9999 -9999 -9999 -9999 -9999 -9999 -9999 -9999 -9999 -9999 -9999 -9999 -9999 -9999 -9999 -9999 1169 1166 1145 1153 1121 1125 1118 1098 1114 1092 1116 1090 1057 1119 1094 1116 1124 1100 1086 -9999 -9999 -9999 -9999 -9999 -9999 -9999 -9999 -9999 -9999 -9999 -9999 -9999 -9999 -9999 -9999 -9999 -9999 -9999 -9999 -9999 -9999 -9999 -9999 -9999 -9999 -9999 -9999 -9999 -9999 -9999 -9999
-9999 -9999 -9999 -9999 -9999 -9999 -9999 -9999 -9999 -9999 -9999 -9999 -9999 -9999 -9999 -9999 -9999 -9999 -9999 -9999 -9999 -9999 -9999 -9999 -9999 -9999 -9999 -9999 -9999 -9999 -9999 -9999 1173 1173 1096 1124 1122 1138 1103 1120 1081 1121 1069 1109 1090 1083 1132 1104 1114 -9999 -9999 -9999 -9999 -9999 -9999 -9999 -9999 -9999 -9999 -9999 -9999 -9999 -9999 -9999 -9999 -9999 -9999 -9999 -9999 -9999 -9999 -9999 -9999 -9999 -9999 -9999 -9999 -9999 -9999 -9999 -9999 -9999
-9999 -9999 -9999 -9999 -9999 -9999 -9999 -9999 -9999 -9999 -9999 -9999 -9999 -9999 -9999 -9999 -9999 -9999 -9999 -9999 -9999 -9999 -9999 -9999 -9999 -9999 -9999 -9999 -9999 -9999 -9999 -9999 -9999 1174 1151 1143 1134 1099 1092 1096 1090 1139 1094 1115 1114 1087 1112 1116 1096 -9999 -9999 -9999 -9999 -9999 -9999 -9999 -9999 -9999 -9999 -9999 -9999 -9999 -9999 -9999 -9999 -9999 -9999 -9999 -9999 -9999 -9999 -9999 -9999 -9999 -9999 -9999 -9999 -9999 -9999 -9999 -9999 -9999
-9999 -9999 -9999 -9999 -9999 -9999 -9999 -9999 -9999 -9999 -9999 -9999 -9999 -9999 -9999 -9999 -9999 -9999 -9999 -9999 -9999 -9999 -9999 -9999 -9999 -9999 -9999 -9999 -9999 -9999 -9999 -9999 -9999 1140 1158 1172 1086 1098 1106 1108 1130 1144 1094 1139 1105 1089 1112 1124 1096 -9999 -9999 -9999 -9999 -9999 -9999 -9999 -9999 -9999 -9999 -9999 -9999 -9999 -9999 -9999 -9999 -9999 -9999 -9999 -9999 -9999 -9999 -9999 -9999 -9999 -9999 -9999 -9999 -9999 -9999 -9999 -9999 -9999
