test/testdata/Hispaniola_WorldClim/snv_16.asc
ncols         743
nrows         319
xllcorner     -74.500956448335
yllcorner     17.448920549066
cellsize      0.0083333333333333
NODATA_value  -9999
[rows 117 to 155 of 319, columns 440 to 527 of 743]
456 448 436 421 415 405 405 404 404 405 405 406 404 405 405 404 406 416 417 405 406 437 444 448 449 455 456 455 457 462 460 456 462 458 463 463 463 430 422 436 464 464 439 443 463 466 469 471 475 475 480 485 490 494 498 503 507 511 514 519 522 525 529 532 535 538 541 544 546 548 553 554 556 558 562 564 566 568 569 573 574 575 578 578 580 581 581 580
477 459 463 450 428 409 412 404 403 402 403 404 404 404 402 402 403 407 409 404 426 437 443 448 453 457 459 455 453 453 462 462 459 436 442 454 463 438 418 419 427 447 448 444 469 471 474 478 480 481 487 491 495 499 503 507 512 515 518 523 525 530 532 536 539 543 545 547 551 553 555 558 560 561 565 567 568 570 573 574 576 578 579 580 581 582 583 578
483 487 478 458 442 430 440 409 401 401 400 400 402 402 402 403 402 402 403 404 427 438 445 448 451 455 459 454 448 445 449 456 445 426 411 417 426 426 420 416 418 456 445 454 460 448 477 478 483 488 487 497 500 505 508 511 516 519 524 527 530 534 536 541 543 547 549 551 554 556 558 560 564 566 567 569 572 574 575 576 578 580 581 583 583 584 585 581
476 497 458 452 440 442 444 427 411 399 398 397 398 400 400 401 401 402 402 402 422 438 442 444 444 452 448 447 446 437 426 412 432 408 413 410 416 431 427 417 417 437 461 444 452 453 469 483 490 492 495 502 506 511 515 517 522 525 527 532 534 538 541 544 548 551 554 556 559 561 563 564 566 569 570 573 574 576 577 579 581 582 584 584 585 586 586 586
431 433 416 421 410 410 419 405 405 404 409 404 396 395 397 396 398 402 402 414 427 426 433 427 423 426 411 421 421 402 408 406 407 408 413 414 411 427 447 440 419 421 444 453 452 456 465 490 496 499 503 508 510 515 521 524 526 529 533 536 538 543 545 549 551 556 557 560 562 564 566 569 570 572 574 576 577 579 581 582 583 585 585 585 587 586 586 586
451 422 404 402 398 398 396 396 396 395 395 394 394 395 398 399 399 401 407 418 402 403 404 399 398 404 402 400 403 402 443 443 428 413 406 420 414 415 442 456 449 432 444 453 458 470 492 498 501 504 509 513 517 517 525 530 531 534 537 541 545 547 550 553 556 559 561 559 565 568 570 572 573 575 577 578 580 581 583 584 584 586 588 588 588 588 588 587
399 408 400 398 395 396 395 395 395 395 395 398 397 398 399 398 399 402 400 392 393 395 407 406 395 402 397 397 401 399 406 429 450 416 417 420 439 418 415 443 457 451 458 455 462 479 502 504 507 509 514 518 521 521 531 534 537 539 543 547 550 551 554 558 560 564 544 564 568 571 574 576 577 579 580 582 583 584 585 586 587 589 589 589 589 589 586 587
409 396 395 395 394 395 392 392 393 392 391 391 392 391 397 393 403 392 394 399 437 432 411 396 393 394 396 396 401 402 398 403 415 467 465 417 425 420 415 420 449 454 449 473 496 504 506 510 513 513 520 524 523 527 527 540 544 544 550 553 555 557 560 562 564 568 554 570 573 575 564 576 581 580 583 584 586 586 587 588 590 590 590 591 590 591 585 582
424 404 397 393 392 391 398 396 397 390 390 399 414 403 389 390 410 388 388 394 422 409 405 398 391 393 396 396 395 401 398 406 413 453 477 446 427 432 412 417 455 449 450 496 504 509 512 515 517 520 526 530 533 519 506 544 548 551 554 558 560 563 565 566 568 572 574 569 577 577 576 582 583 581 584 587 588 589 590 591 592 590 591 592 592 592 589 586
435 453 415 394 391 392 424 437 406 391 389 395 435 406 389 390 396 415 392 409 427 406 399 394 392 391 394 398 396 396 396 413 419 458 481 441 433 436 427 410 415 422 449 463 506 514 519 521 524 525 532 536 539 537 503 525 555 558 560 554 566 567 569 571 574 576 577 579 577 565 582 585 585 585 588 589 591 592 591 588 591 591 592 594 592 593 590 588
439 453 440 399 395 389 398 434 429 418 412 391 416 416 410 399 430 455 444 458 449 427 421 421 398 392 391 401 394 394 395 398 405 413 427 422 429 450 440 414 412 422 446 446 491 520 523 527 529 533 536 542 534 524 518 499 532 552 553 562 570 572 573 577 579 580 582 584 585 585 587 588 583 583 591 592 593 590 582 584 585 589 593 594 592 593 592 590
472 460 436 406 409 398 400 424 460 450 440 438 402 412 420 437 446 479 491 460 445 439 431 431 401 400 395 398 397 393 398 396 402 408 409 411 428 455 438 414 413 429 448 478 497 525 530 533 534 539 543 547 538 542 548 522 534 565 572 574 575 578 579 581 580 583 585 577 587 587 590 590 590 585 580 596 596 589 570 570 568 586 593 596 594 594 592 591
487 501 499 446 422 417 404 418 454 468 453 458 429 412 439 468 501 485 477 467 455 437 420 416 405 402 392 401 394 393 392 399 397 399 400 406 410 447 446 429 416 411 432 456 479 530 536 538 541 546 550 554 551 557 566 569 534 523 577 578 580 581 585 560 550 581 544 538 581 581 593 595 596 594 592 596 597 596 565 554 582 593 595 591 591 595 594 591
505 506 531 480 438 421 448 450 437 460 463 471 444 449 441 467 490 466 459 441 454 436 423 424 405 396 396 398 390 390 392 394 395 396 397 401 407 426 439 416 412 410 425 443 479 526 541 545 548 552 555 560 565 569 569 575 577 525 582 583 586 588 590 561 541 531 495 503 534 575 597 597 599 600 601 600 600 600 571 567 579 592 597 575 580 595 594 591
536 522 527 480 451 447 484 474 452 467 485 467 494 475 472 483 487 484 458 432 427 420 411 406 399 397 390 389 387 388 390 392 393 394 396 399 402 417 423 411 408 410 421 437 444 510 547 552 556 559 563 566 570 575 577 581 576 502 511 538 543 591 586 580 593 588 574 538 567 562 583 600 603 603 604 604 603 601 588 572 582 597 588 582 591 597 596 596
530 539 527 486 475 488 491 480 488 480 487 488 503 492 492 492 506 464 447 456 448 436 423 416 419 408 397 385 385 387 388 389 394 411 405 402 413 436 441 407 410 417 419 430 447 509 552 559 563 566 569 573 578 581 584 586 590 573 560 545 570 594 598 601 601 593 545 579 580 582 602 604 605 606 607 606 607 604 598 583 591 593 594 590 597 599 598 602
514 526 526 515 495 509 511 493 500 498 495 495 503 494 498 505 483 475 486 471 456 450 429 427 401 393 387 383 385 385 387 389 391 401 427 444 446 435 408 415 407 426 430 438 460 512 557 564 569 573 572 560 583 587 575 592 594 597 598 600 601 603 601 604 605 606 583 565 606 609 609 610 608 609 610 603 607 608 593 601 598 601 597 595 602 601 603 608
517 521 526 521 507 513 511 515 516 501 504 504 499 493 504 516 519 498 484 458 449 423 415 400 389 384 381 382 383 387 386 389 399 400 421 432 412 400 403 404 408 416 417 427 439 517 560 569 575 581 533 548 583 595 596 563 581 602 601 604 606 607 608 604 610 608 609 567 597 607 612 613 613 611 611 599 580 605 598 605 608 608 607 604 604 607 611 613
581 567 542 522 513 518 520 521 529 514 523 507 488 485 476 454 484 490 474 439 434 407 381 378 378 380 378 384 384 386 384 386 392 403 416 395 399 407 421 420 419 410 438 454 449 503 561 573 581 586 561 530 509 599 603 604 597 589 569 609 610 597 557 567 614 614 613 613 604 614 615 617 615 598 603 598 550 587 591 608 609 609 611 609 610 613 617 619
567 564 530 511 511 509 514 500 500 499 519 524 492 486 461 440 444 462 452 432 410 388 396 387 381 381 384 400 385 384 385 393 394 393 400 395 401 412 424 412 422 442 461 481 458 490 566 579 586 594 598 589 554 606 608 609 611 599 551 604 616 614 567 563 617 605 616 618 616 617 620 608 598 585 555 537 545 538 569 605 610 613 611 612 615 619 622 626
480 479 490 530 516 512 494 489 475 472 489 490 499 501 468 432 429 446 439 420 410 398 405 402 396 378 389 385 390 386 387 394 395 411 412 394 397 407 407 402 411 446 449 436 446 474 556 581 593 600 605 606 608 611 612 614 616 617 618 616 599 618 610 577 582 570 582 622 620 621 622 622 592 560 532 525 554 539 566 590 616 615 616 619 622 626 629 632
442 449 525 573 532 493 474 469 460 469 481 485 487 461 448 426 420 419 428 439 417 410 407 415 397 389 400 403 412 399 403 442 465 465 462 442 410 399 400 402 421 436 427 423 436 513 554 581 600 606 612 615 615 617 578 617 618 618 620 622 619 620 621 625 626 618 592 622 622 624 625 625 606 600 575 562 566 561 568 574 609 619 621 625 629 632 635 638
406 428 490 534 561 471 457 457 462 481 467 466 449 459 439 433 431 409 421 448 426 434 415 428 416 413 440 439 415 417 451 475 521 503 470 436 427 427 420 434 410 427 410 419 452 484 561 587 601 613 620 621 622 624 560 619 621 623 623 621 623 623 623 623 625 620 625 628 626 626 627 628 630 630 622 606 609 582 582 579 579 625 628 631 635 638 641 644
407 415 447 505 541 480 461 452 455 469 444 436 443 457 454 445 415 405 404 408 440 442 453 449 475 466 446 472 443 448 492 513 490 511 449 481 479 482 435 403 410 425 409 425 459 488 561 587 606 616 624 629 628 627 627 616 624 624 624 624 629 628 630 626 627 627 631 631 628 630 632 632 632 633 631 631 626 627 611 599 605 629 634 638 641 643 646 649
378 413 426 470 512 482 437 426 449 467 433 418 440 470 484 481 433 421 407 396 394 405 408 425 431 474 489 495 480 494 497 519 515 526 474 475 428 437 423 400 406 407 413 446 457 541 568 596 604 613 624 630 631 631 631 619 627 628 624 610 631 631 632 631 628 630 630 630 631 633 635 634 635 595 618 615 628 613 620 624 628 626 640 644 646 649 651 652
433 446 433 471 487 476 433 412 437 440 415 403 444 415 446 453 458 439 417 414 418 439 411 391 413 421 412 460 490 536 531 498 470 456 428 432 423 424 426 409 412 410 419 429 445 505 567 590 600 609 620 626 630 631 631 632 587 601 614 592 632 551 618 635 636 636 633 634 635 635 633 634 635 594 594 603 630 623 625 636 639 640 647 649 652 654 636 648
421 437 404 445 453 427 382 424 410 401 398 402 398 403 408 402 415 430 435 424 435 454 443 423 416 420 390 453 475 504 505 479 460 454 466 450 459 438 465 450 423 415 441 445 459 540 575 586 595 606 615 621 626 629 631 632 633 556 588 552 568 516 532 635 636 635 636 638 638 640 640 641 637 634 632 633 638 639 639 642 646 649 652 655 657 658 649 651
416 374 374 400 443 459 401 367 401 391 394 386 388 388 390 394 421 430 435 426 449 434 430 443 485 438 395 413 494 492 466 439 438 415 439 400 413 398 418 408 413 408 423 452 497 540 570 579 591 600 609 616 623 628 630 631 633 624 524 542 515 505 516 613 641 639 641 642 642 643 644 644 644 644 644 641 640 639 644 637 649 654 659 656 658 654 659 666
375 373 372 371 390 446 367 422 384 396 385 391 398 395 394 400 410 433 468 470 493 485 452 501 490 438 373 415 444 437 402 386 401 408 408 412 407 421 410 415 410 436 454 462 545 554 565 574 582 591 604 612 618 624 627 630 631 630 551 517 513 519 537 606 639 641 643 644 644 645 646 646 648 648 648 643 640 638 629 653 630 660 664 665 663 647 654 640
408 427 377 402 370 374 375 426 430 397 394 401 398 399 402 415 434 461 499 491 507 511 499 473 422 395 389 377 402 384 390 417 426 429 432 439 444 440 445 446 440 424 444 514 541 551 556 568 579 588 584 605 613 622 625 628 631 628 620 574 539 595 623 635 639 613 645 645 645 648 648 649 650 649 644 597 579 599 609 649 610 641 667 670 671 657 620 638
471 449 404 398 416 420 409 470 481 432 426 408 425 447 450 451 466 486 529 510 501 486 460 428 466 470 454 379 392 385 379 394 408 390 405 416 431 452 447 448 481 455 471 495 494 524 535 554 566 528 546 523 559 610 621 624 627 629 624 617 632 632 641 642 611 593 643 588 561 629 645 652 652 652 651 636 586 585 622 622 573 597 660 654 653 663 628 650
489 484 433 417 417 459 500 516 536 472 478 438 413 414 475 475 486 503 537 528 508 466 488 427 486 521 510 492 464 389 379 404 391 400 389 394 396 420 436 435 442 459 515 457 473 514 530 557 537 533 506 537 584 612 618 621 624 627 618 612 630 638 640 618 573 561 626 631 587 542 622 646 653 652 631 594 576 574 569 569 577 596 603 584 591 641 640 629
480 521 483 458 409 457 500 557 546 548 544 474 434 432 435 454 474 477 500 534 517 519 506 477 484 509 566 556 401 378 382 401 419 436 398 404 428 441 447 452 456 478 475 468 466 502 496 485 482 512 490 503 546 607 613 617 621 622 627 618 629 639 640 635 617 578 612 560 620 565 554 627 652 648 633 619 619 607 583 609 607 636 638 633 662 605 626 627
516 540 494 472 425 448 498 519 519 529 545 496 467 472 454 483 496 473 506 519 547 550 541 522 547 564 566 521 480 453 399 401 481 441 392 395 399 439 443 449 453 471 460 464 466 493 473 477 481 484 500 533 587 598 598 611 615 618 625 627 629 634 640 636 606 541 544 563 604 542 536 575 645 630 635 646 647 638 621 624 630 617 678 673 653 610 599 655
588 579 501 458 487 466 476 481 496 498 507 551 493 496 518 512 532 532 506 515 533 559 554 564 569 577 543 533 490 427 410 450 468 468 457 414 401 414 430 447 455 464 461 465 467 472 481 479 483 485 507 527 537 548 590 602 610 616 620 623 631 637 638 634 630 571 536 542 588 537 514 563 582 610 650 650 648 661 668 660 660 645 673 694 628 625 616 663
529 579 553 515 513 531 531 536 556 550 539 566 529 513 517 549 558 552 546 535 544 570 606 594 598 585 598 589 497 434 455 515 479 565 520 461 416 404 421 429 457 459 464 449 471 474 476 481 484 488 491 494 498 533 574 584 594 594 617 623 627 634 631 638 640 620 589 549 579 548 529 571 609 627 650 658 665 672 677 683 674 684 689 684 658 675 651 614
503 535 522 549 542 522 530 544 569 579 576 587 580 534 563 572 595 595 570 566 582 614 626 611 634 645 627 577 569 522 506 563 608 582 500 467 438 408 408 411 455 457 461 466 468 474 456 466 464 479 478 495 505 535 530 585 594 599 610 601 607 625 636 617 641 640 621 550 556 557 546 548 630 619 649 660 657 663 673 683 692 697 698 704 712 700 665 680
509 476 497 537 492 487 510 539 559 558 564 563 592 575 610 629 608 603 614 618 632 653 659 648 664 672 667 642 608 582 589 604 607 600 549 540 489 407 424 412 450 446 462 465 458 479 463 439 463 474 487 497 502 508 508 546 581 583 608 602 609 625 632 631 620 630 629 624 530 552 574 614 622 641 652 638 634 667 654 670 682 701 700 710 716 715 711 723
461 453 472 471 470 491 507 529 547 509 519 541 522 561 558 606 641 648 632 645 645 690 679 707 724 700 661 656 633 621 594 571 584 593 558 521 487 456 457 431 419 455 469 466 453 456 472 449 444 444 476 497 503 505 507 524 555 577 601 559 579 615 630 630 584 629 609 621 575 534 542 599 633 647 651 623 635 623 623 643 612 647 705 719 717 730 730 722
