test/testdata/Hispaniola_WorldClim/snv_1.asc
ncols         743
nrows         319
xllcorner     -74.500956448335
yllcorner     17.448920549066
cellsize      0.0083333333333333
NODATA_value  -9999
[rows 195 to 233 of 319, columns 440 to 527 of 743]
259 261 261 261 264 265 266 265 264 264 263 262 261 260 257 254 251 255 255 256 255 258 260 260 260 260 261 260 258 254 248 228 210 203 205 212 221 223 243 234 236 226 227 220 215 189 175 172 166 160 171 185 201 207 212 209 195 180 196 204 211 214 205 231 239 227 197 187 192 206 221 216 223 230 228 231 230 239 241 249 255 247 254 256 253 252 253 256
264 264 263 264 265 267 267 267 266 266 265 264 263 261 260 257 254 256 259 262 264 264 266 264 264 262 263 261 261 258 252 236 215 210 218 214 225 234 246 241 235 230 235 229 217 208 193 173 175 161 159 174 182 192 203 203 181 174 184 190 204 198 197 213 227 237 208 210 209 207 220 219 228 237 242 241 228 236 244 250 249 246 244 249 258 256 259 257
265 264 264 265 265 267 268 267 267 267 268 266 264 264 260 253 250 264 264 267 266 267 268 267 265 265 265 263 261 255 240 247 230 208 207 228 224 226 223 246 240 233 239 230 224 215 203 198 183 166 158 175 185 182 179 194 182 170 164 173 191 196 207 211 233 233 231 230 229 218 225 212 223 238 243 247 246 247 253 245 244 248 250 252 255 259 259 255
265 266 265 266 266 267 268 268 268 268 268 267 267 267 267 268 270 270 270 269 268 269 269 268 268 267 266 265 261 249 222 221 236 230 220 223 233 241 232 251 250 242 238 236 240 222 221 204 182 164 165 168 188 192 173 175 184 179 155 150 169 199 221 228 237 250 249 252 244 229 237 221 221 238 247 252 254 254 254 254 249 255 256 255 258 260 253 252
266 266 267 266 267 267 268 268 269 268 268 268 268 268 268 270 271 271 271 270 269 269 269 269 269 268 268 268 267 259 235 221 235 241 231 215 222 237 238 236 249 244 237 238 227 208 213 196 192 179 167 169 185 201 190 187 198 189 179 166 153 190 211 203 204 212 220 232 249 233 236 232 228 241 244 247 247 251 254 252 252 254 256 259 258 260 257 256
267 267 267 267 268 268 268 268 269 269 269 268 268 268 269 270 271 271 271 270 270 271 270 270 269 269 269 269 269 264 249 225 239 246 234 239 233 238 246 239 252 249 242 248 239 234 214 205 202 192 175 170 175 189 201 206 209 203 193 186 172 182 177 178 188 197 208 243 255 248 250 243 246 239 240 245 250 253 255 257 258 257 258 257 261 261 259 259
268 268 268 268 268 269 269 269 269 270 270 270 270 270 270 270 272 272 271 -9999 272 271 271 271 271 270 270 270 270 265 259 240 232 253 246 245 250 245 249 244 253 253 252 251 246 238 230 214 210 207 199 173 172 191 199 216 221 216 194 201 202 199 187 189 196 202 216 222 256 252 254 256 250 241 236 251 250 249 251 254 258 259 259 260 260 260 261 261
268 268 268 269 269 269 270 269 270 270 270 270 270 270 271 269 271 -9999 -9999 -9999 -9999 -9999 -9999 -9999 -9999 272 272 271 271 270 265 248 237 258 255 251 250 253 248 241 240 254 254 255 251 246 239 226 223 214 195 201 194 180 195 201 210 226 213 197 219 207 215 217 216 216 226 233 236 252 256 255 253 249 246 248 249 248 250 254 256 257 259 260 260 260 261 261
268 269 269 269 269 270 270 270 270 270 270 271 271 270 271 272 -9999 -9999 -9999 -9999 -9999 -9999 -9999 -9999 -9999 -9999 -9999 -9999 -9999 271 271 262 256 257 262 260 257 256 242 246 237 235 249 256 253 250 246 237 231 219 218 212 187 177 178 207 219 235 224 207 213 225 220 239 245 244 246 245 255 257 257 256 247 246 242 241 247 251 252 253 251 255 259 259 258 258 261 261
269 269 269 270 270 270 270 270 270 270 271 271 268 271 272 -9999 -9999 -9999 -9999 -9999 -9999 -9999 -9999 -9999 -9999 -9999 -9999 -9999 -9999 -9999 271 269 266 265 264 263 261 258 245 251 244 231 248 257 253 252 250 248 236 228 226 193 174 196 188 195 207 230 244 238 231 209 212 232 233 251 257 257 257 257 255 246 243 239 228 224 240 243 240 245 249 255 257 258 258 257 260 261
269 269 270 270 270 270 270 270 270 271 271 271 267 267 269 -9999 -9999 -9999 -9999 -9999 -9999 -9999 -9999 -9999 -9999 -9999 -9999 -9999 -9999 -9999 272 269 268 267 266 264 261 252 252 253 252 248 247 257 254 253 250 243 239 225 210 215 199 201 214 215 195 207 222 245 221 216 226 234 230 244 256 245 256 252 248 248 247 241 229 233 239 241 247 249 255 258 258 258 259 259 260 259
269 270 270 270 270 270 270 270 271 270 271 260 261 263 262 272 -9999 -9999 -9999 -9999 -9999 -9999 -9999 -9999 -9999 -9999 -9999 -9999 -9999 -9999 -9999 270 270 268 267 262 258 252 242 253 256 258 256 258 254 253 250 244 240 224 230 226 220 221 227 226 199 207 221 237 240 220 238 241 240 260 262 245 237 243 249 251 249 242 242 239 244 251 254 255 256 257 257 258 259 259 259 256
269 270 270 270 270 271 271 270 271 271 271 260 251 258 262 -9999 -9999 -9999 -9999 -9999 -9999 -9999 -9999 -9999 -9999 -9999 -9999 -9999 -9999 -9999 -9999 271 269 267 260 248 247 249 250 256 256 259 259 257 255 250 247 246 238 242 240 229 233 236 242 230 228 217 236 241 249 217 234 248 246 262 260 256 248 245 254 249 247 242 247 247 252 251 253 256 257 258 259 258 259 260 259 259
269 270 270 270 270 270 271 271 271 271 271 255 252 265 271 -9999 -9999 -9999 -9999 -9999 -9999 -9999 -9999 -9999 -9999 -9999 -9999 -9999 -9999 -9999 -9999 271 270 258 247 233 241 252 254 256 255 260 258 259 257 256 249 249 249 248 241 237 239 247 242 240 237 226 236 249 242 225 227 230 249 258 262 262 260 263 253 249 254 246 249 253 256 256 256 257 258 258 259 259 259 260 261 261
270 270 270 270 270 271 271 271 271 257 258 258 262 269 -9999 -9999 -9999 -9999 -9999 -9999 -9999 -9999 -9999 -9999 -9999 -9999 -9999 -9999 -9999 -9999 -9999 -9999 265 258 229 237 245 254 256 257 257 260 258 260 258 255 249 250 252 243 246 241 243 249 250 247 235 223 229 245 250 230 235 238 240 255 262 263 263 263 263 257 253 243 252 255 257 259 257 259 259 259 260 260 260 260 259 255
270 270 270 271 271 271 267 271 265 266 271 271 271 -9999 -9999 -9999 -9999 -9999 -9999 -9999 -9999 -9999 -9999 -9999 -9999 -9999 -9999 -9999 -9999 -9999 -9999 271 258 249 225 233 246 256 257 260 259 261 261 261 259 256 250 253 252 253 246 252 246 249 253 252 245 228 235 249 251 223 243 242 242 254 253 255 256 263 263 263 254 250 256 258 257 260 260 260 260 260 261 261 261 260 255 255
270 270 270 -9999 -9999 270 271 -9999 -9999 -9999 -9999 -9999 -9999 -9999 -9999 -9999 -9999 -9999 -9999 -9999 -9999 -9999 -9999 -9999 -9999 -9999 -9999 -9999 -9999 -9999 -9999 270 261 240 230 239 248 255 259 261 261 261 260 259 260 259 254 251 254 255 254 254 252 249 253 254 252 243 240 252 252 245 243 250 241 239 243 254 256 258 264 263 257 257 260 260 259 261 261 261 260 260 260 262 262 260 255 256
270 270 -9999 -9999 -9999 -9999 -9999 -9999 -9999 -9999 -9999 -9999 -9999 -9999 -9999 -9999 -9999 -9999 -9999 -9999 -9999 -9999 -9999 -9999 -9999 -9999 -9999 -9999 -9999 -9999 -9999 270 257 240 237 246 255 258 261 260 260 262 261 259 260 260 258 253 254 257 256 256 256 255 253 255 255 252 243 250 258 243 235 239 248 245 249 252 253 257 264 263 264 262 259 259 260 261 262 262 261 260 257 257 259 262 257 255
-9999 -9999 -9999 -9999 -9999 -9999 -9999 -9999 -9999 -9999 -9999 -9999 -9999 -9999 -9999 -9999 -9999 -9999 -9999 -9999 -9999 -9999 -9999 -9999 -9999 -9999 -9999 -9999 -9999 -9999 -9999 268 258 247 237 252 257 259 261 262 258 262 263 262 262 260 257 257 258 258 258 259 260 258 259 256 258 260 256 250 261 249 242 247 248 255 247 249 248 253 258 264 264 262 261 260 262 261 263 262 259 256 258 257 259 260 255 257
-9999 -9999 -9999 -9999 -9999 -9999 -9999 -9999 -9999 -9999 -9999 -9999 -9999 -9999 -9999 -9999 -9999 -9999 -9999 -9999 -9999 -9999 -9999 -9999 -9999 -9999 -9999 -9999 -9999 -9999 -9999 271 265 255 245 253 258 261 263 261 259 263 263 263 260 254 257 258 259 259 259 259 261 261 259 259 258 259 261 257 262 257 250 248 252 255 252 255 255 251 256 264 264 264 262 263 263 263 263 262 256 256 257 258 259 258 259 258
-9999 -9999 -9999 -9999 -9999 -9999 -9999 -9999 -9999 -9999 -9999 -9999 -9999 -9999 -9999 -9999 -9999 -9999 -9999 -9999 -9999 -9999 -9999 -9999 -9999 -9999 -9999 -9999 -9999 -9999 -9999 268 262 254 253 259 262 262 264 263 262 264 263 262 260 248 253 256 260 261 260 261 262 262 263 262 261 260 261 261 255 261 257 251 256 259 255 258 258 249 260 263 264 265 264 264 262 264 263 257 257 256 257 259 259 259 260 263
-9999 -9999 -9999 -9999 -9999 -9999 -9999 -9999 -9999 -9999 -9999 -9999 -9999 -9999 -9999 -9999 -9999 -9999 -9999 -9999 -9999 -9999 -9999 -9999 -9999 -9999 -9999 -9999 -9999 -9999 270 265 256 258 261 259 264 264 265 264 264 264 264 263 260 249 247 246 249 261 262 261 262 263 264 264 263 262 262 263 257 264 261 258 255 261 258 262 261 255 262 264 263 265 265 264 264 264 256 257 258 257 256 258 259 261 263 263
-9999 -9999 -9999 -9999 -9999 -9999 -9999 -9999 -9999 -9999 -9999 -9999 -9999 -9999 -9999 -9999 -9999 -9999 -9999 -9999 -9999 -9999 -9999 -9999 -9999 -9999 -9999 -9999 -9999 -9999 270 268 264 265 264 265 265 265 265 265 265 265 264 262 260 256 256 256 247 260 263 263 264 264 265 265 264 264 263 264 265 261 262 263 259 261 261 262 263 256 264 264 264 263 265 265 264 264 256 257 259 257 257 259 261 262 263 -9999
-9999 -9999 -9999 -9999 -9999 -9999 -9999 -9999 -9999 -9999 -9999 -9999 -9999 -9999 -9999 -9999 -9999 -9999 -9999 -9999 -9999 -9999 -9999 -9999 -9999 -9999 -9999 -9999 -9999 270 270 269 268 269 267 267 267 267 266 265 265 264 263 262 261 252 250 260 260 259 263 264 265 265 266 266 266 264 265 265 266 265 264 263 263 261 258 257 264 264 260 265 265 264 265 265 265 264 256 258 259 258 260 261 262 263 263 -9999
-9999 -9999 -9999 -9999 -9999 -9999 -9999 -9999 -9999 -9999 -9999 -9999 -9999 -9999 -9999 -9999 -9999 -9999 -9999 -9999 -9999 -9999 -9999 -9999 -9999 -9999 -9999 -9999 -9999 270 269 269 268 268 268 268 267 266 266 265 262 263 263 264 262 252 247 262 263 263 264 265 265 266 267 267 267 267 266 266 266 266 266 266 264 264 261 259 262 265 263 264 264 264 264 264 265 265 261 259 259 260 261 262 263 263 -9999 -9999
-9999 -9999 -9999 -9999 -9999 -9999 -9999 -9999 -9999 -9999 -9999 -9999 -9999 -9999 -9999 -9999 -9999 -9999 -9999 -9999 -9999 -9999 -9999 -9999 -9999 -9999 -9999 -9999 -9999 -9999 269 261 260 268 268 266 266 265 264 261 262 262 264 264 263 263 253 260 264 265 266 266 266 267 267 267 267 268 266 267 267 267 266 266 265 265 262 263 264 264 265 265 265 264 261 262 265 265 262 260 261 261 262 263 263 -9999 -9999 -9999
-9999 -9999 -9999 -9999 -9999 -9999 -9999 -9999 -9999 -9999 -9999 -9999 -9999 -9999 -9999 -9999 -9999 -9999 -9999 -9999 -9999 -9999 -9999 -9999 -9999 -9999 -9999 -9999 -9999 -9999 -9999 264 269 265 266 266 267 265 263 262 262 263 264 264 265 265 266 265 266 265 267 267 266 267 268 268 268 268 267 267 267 267 267 267 266 266 265 264 264 266 266 266 265 262 263 265 265 265 265 262 262 263 263 264 -9999 -9999 -9999 -9999
-9999 -9999 -9999 -9999 -9999 -9999 -9999 -9999 -9999 -9999 -9999 -9999 -9999 -9999 -9999 -9999 -9999 -9999 -9999 -9999 -9999 -9999 -9999 -9999 -9999 -9999 -9999 -9999 -9999 -9999 -9999 -9999 -9999 270 267 266 268 266 263 264 261 264 266 265 266 266 266 267 267 267 267 267 267 268 268 268 268 268 268 268 268 267 268 267 267 267 266 265 265 266 267 266 266 265 264 265 266 265 265 263 263 263 264 265 -9999 -9999 -9999 -9999
-9999 -9999 -9999 -9999 -9999 -9999 -9999 -9999 -9999 -9999 -9999 -9999 -9999 -9999 -9999 -9999 -9999 -9999 -9999 -9999 -9999 -9999 -9999 -9999 -9999 -9999 -9999 -9999 -9999 -9999 -9999 -9999 -9999 -9999 270 269 269 268 265 263 264 266 265 267 267 267 267 268 267 267 268 268 268 268 268 269 269 269 268 268 268 268 268 268 268 267 267 267 267 267 267 267 267 266 266 266 265 266 265 263 264 264 264 -9999 -9999 -9999 -9999 -9999
-9999 -9999 -9999 -9999 -9999 -9999 -9999 -9999 -9999 -9999 -9999 -9999 -9999 -9999 -9999 -9999 -9999 -9999 -9999 -9999 -9999 -9999 -9999 -9999 -9999 -9999 -9999 -9999 -9999 -9999 -9999 -9999 -9999 -9999 -9999 270 269 268 268 268 261 268 266 267 268 268 268 268 268 268 268 268 268 270 269 269 269 269 269 269 269 269 268 269 268 268 268 268 268 268 267 267 267 267 266 267 266 266 266 265 265 264 -9999 -9999 -9999 -9999 -9999 -9999
-9999 -9999 -9999 -9999 -9999 -9999 -9999 -9999 -9999 -9999 -9999 -9999 -9999 -9999 -9999 -9999 -9999 -9999 -9999 -9999 -9999 -9999 -9999 -9999 -9999 -9999 -9999 -9999 -9999 -9999 -9999 -9999 -9999 -9999 -9999 -9999 -9999 269 270 269 268 269 268 268 268 269 269 269 269 270 270 -9999 -9999 -9999 -9999 -9999 -9999 -9999 269 269 269 269 269 269 -9999 -9999 -9999 -9999 -9999 -9999 267 267 267 -9999 -9999 -9999 -9999 266 -9999 -9999 -9999 -9999 -9999 -9999 -9999 -9999 -9999 -9999
-9999 -9999 -9999 -9999 -9999 -9999 -9999 -9999 -9999 -9999 -9999 -9999 -9999 -9999 -9999 -9999 -9999 -9999 -9999 -9999 -9999 -9999 -9999 -9999 -9999 -9999 -9999 -9999 -9999 -9999 -9999 -9999 -9999 269 -9999 -9999 -9999 -9999 270 270 269 269 268 268 269 269 269 270 -9999 -9999 -9999 -9999 -9999 -9999 -9999 -9999 -9999 -9999 -9999 -9999 -9999 -9999 -9999 -9999 -9999 -9999 -9999 -9999 -9999 -9999 -9999 -9999 -9999 -9999 -9999 -9999 -9999 -9999 -9999 -9999 -9999 -9999 -9999 -9999 -9999 -9999 -9999 -9999
-9999 -9999 -9999 -9999 -9999 -9999 -9999 -9999 -9999 -9999 -9999 -9999 -9999 -9999 -9999 -9999 -9999 -9999 -9999 -9999 -9999 -9999 -9999 -9999 -9999 -9999 -9999 -9999 -9999 -9999 -9999 -9999 269 270 270 269 269 269 269 269 269 269 269 269 269 269 -9999 -9999 -9999 -9999 -9999 -9999 -9999 -9999 -9999 -9999 -9999 -9999 -9999 -9999 -9999 -9999 -9999 -9999 -9999 -9999 -9999 -9999 -9999 -9999 -9999 -9999 -9999 -9999 -9999 -9999 -9999 -9999 -9999 -9999 -9999 -9999 -9999 -9999 -9999 -9999 -9999 -9999
-9999 -9999 -9999 -9999 -9999 -9999 -9999 -9999 -9999 -9999 -9999 -9999 -9999 -9999 -9999 -9999 -9999 -9999 -9999 -9999 -9999 -9999 -9999 -9999 -9999 -9999 -9999 -9999 -9999 -9999 -9999 -9999 269 269 269 -9999 -9999 269 269 269 269 269 269 269 -9999 -9999 -9999 -9999 -9999 -9999 -9999 -9999 -9999 -9999 -9999 -9999 -9999 -9999 -9999 -9999 -9999 -9999 -9999 -9999 -9999 -9999 -9999 -9999 -9999 -9999 -9999 -9999 -9999 -9999 -9999 -9999 -9999 -9999 -9999 -9999 -9999 -9999 -9999 -9999 -9999 -9999 -9999 -9999
-9999 -9999 -9999 -9999 -9999 -9999 -9999 -9999 -9999 -9999 -9999 -9999 -9999 -9999 -9999 -9999 -9999 -9999 -9999 -9999 -9999 -9999 -9999 -9999 -9999 -9999 -9999 -9999 -9999 -9999 -9999 -9999 -9999 -9999 -9999 -9999 -9999 -9999 270 269 269 -9999 -9999 -9999 -9999 -9999 -9999 -9999 -9999 -9999 -9999 -9999 -9999 -9999 -9999 -9999 -9999 -9999 -9999 -9999 -9999 -9999 -9999 -9999 -9999 -9999 -9999 -9999 -9999 -9999 -9999 -9999 -9999 -9999 -9999 -9999 -9999 -9999 -9999 -9999 -9999 -9999 -9999 -9999 -9999 -9999 -9999 -9999
-9999 -9999 -9999 -9999 -9999 -9999 -9999 -9999 -9999 -9999 -9999 -9999 -9999 -9999 -9999 -9999 -9999 -9999 -9999 -9999 -9999 -9999 -9999 -9999 -9999 -9999 -9999 -9999 -9999 -9999 -9999 -9999 -9999 -9999 -9999 -9999 -9999 -9999 -9999 -9999 -9999 -9999 -9999 -9999 -9999 -9999 -9999 -9999 -9999 -9999 -9999 -9999 -9999 -9999 -9999 -9999 -9999 -9999 -9999 -9999 -9999 -9999 -9999 -9999 -9999 -9999 -9999 -9999 -9999 -9999 -9999 -9999 -9999 -9999 -9999 -9999 -9999 -9999 -9999 -9999 -9999 -9999 -9999 -9999 -9999 -9999 -9999 -9999
-9999 -9999 -9999 -9999 -9999 -9999 -9999 -9999 -9999 -9999 -9999 -9999 -9999 -9999 -9999 -9999 -9999 -9999 -9999 -9999 -9999 -9999 -9999 -9999 -9999 -9999 -9999 -9999 -9999 -9999 -9999 -9999 -9999 -9999 -9999 -9999 -9999 -9999 -9999 -9999 -9999 -9999 -9999 -9999 -9999 -9999 -9999 -9999 -9999 -9999 -9999 -9999 -9999 -9999 -9999 -9999 -9999 -9999 -9999 -9999 -9999 -9999 -9999 -9999 -9999 -9999 -9999 -9999 -9999 -9999 -9999 -9999 -9999 -9999 -9999 -9999 -9999 -9999 -9999 -9999 -9999 -9999 -9999 -9999 -9999 -9999 -9999 -9999
-9999 -9999 -9999 -9999 -9999 -9999 -9999 -9999 -9999 -9999 -9999 -9999 -9999 -9999 -9999 -9999 -9999 -9999 -9999 -9999 -9999 -9999 -9999 -9999 -9999 -9999 -9999 -9999 -9999 -9999 -9999 -9999 -9999 -9999 -9999 -9999 -9999 -9999 -9999 -9999 -9999 -9999 -9999 -9999 -9999 -9999 -9999 -9999 -9999 -9999 -9999 -9999 -9999 -9999 -9999 -9999 -9999 -9999 -9999 -9999 -9999 -9999 -9999 -9999 -9999 -9999 -9999 -9999 -9999 -9999 -9999 -9999 -9999 -9999 -9999 -9999 -9999 -9999 -9999 -9999 -9999 -9999 -9999 -9999 -9999 -9999 -9999 -9999
-9999 -9999 -9999 -9999 -9999 -9999 -9999 -9999 -9999 -9999 -9999 -9999 -9999 -9999 -9999 -9999 -9999 -9999 -9999 -9999 -9999 -9999 -9999 -9999 -9999 -9999 -9999 -9999 -9999 -9999 -9999 -9999 -9999 -9999 -9999 -9999 -9999 -9999 -9999 -9999 -9999 -9999 -9999 -9999 -9999 -9999 -9999 -9999 -9999 -9999 -9999 -9999 -9999 -9999 -9999 -9999 -9999 -9999 -9999 -9999 -9999 -9999 -9999 -9999 -9999 -9999 -9999 -9999 -9999 -9999 -9999 -9999 -9999 -9999 -9999 -9999 -9999 -9999 -9999 -9999 -9999 -9999 -9999 -9999 -9999 -9999 -9999 -9999
