test/testdata/Hispaniola_WorldClim/snv_16.asc
ncols         743
nrows         319
xllcorner     -74.500956448335
yllcorner     17.448920549066
cellsize      0.0083333333333333
NODATA_value  -9999
[rows 78 to 116 of 319, columns 440 to 527 of 743]
389 357 351 343 339 333 328 325 317 319 317 315 314 314 312 310 310 325 326 324 327 331 336 341 346 351 360 367 373 383 389 397 404 414 425 426 432 460 458 458 463 461 468 481 483 487 500 499 499 500 501 498 503 503 503 500 501 500 503 499 494 489 490 487 488 489 488 487 488 490 490 490 491 491 492 491 492 493 497 509 513 509 496 493 494 492 496 506
382 371 359 351 343 335 329 324 322 320 317 318 319 323 313 311 306 318 315 318 321 327 331 336 341 344 353 360 366 375 381 389 396 403 410 417 422 429 435 445 446 450 457 460 469 474 486 490 500 499 500 500 502 501 501 499 500 501 498 493 490 487 486 489 485 484 485 486 485 484 485 486 487 487 489 489 489 491 494 493 493 504 508 492 493 493 494 506
410 392 372 358 347 336 330 326 323 323 327 321 319 317 315 308 308 309 311 315 322 324 328 332 337 341 346 353 359 367 374 380 387 395 402 409 415 419 424 427 434 435 442 450 453 462 461 480 490 482 489 496 495 499 499 500 500 496 491 487 487 484 485 485 485 483 481 488 490 488 487 484 485 486 485 486 486 488 487 488 487 494 506 500 492 491 517 523
441 442 401 362 348 341 333 331 328 324 329 330 322 318 315 309 314 317 322 322 329 326 326 330 333 338 342 347 354 360 367 373 380 388 393 400 406 409 414 421 423 427 432 437 442 448 454 468 473 475 474 485 476 493 478 496 495 492 486 485 485 486 486 485 482 479 480 486 488 487 488 483 487 484 484 483 485 485 484 485 485 485 491 503 518 526 506 528
434 428 420 397 353 344 336 332 330 329 332 347 338 323 315 312 321 330 328 329 333 330 323 327 330 335 340 343 349 356 362 369 375 382 389 393 399 403 408 413 417 420 422 428 430 434 439 453 457 469 462 470 474 475 474 480 475 483 486 488 487 485 484 481 478 482 479 484 484 486 490 489 491 486 484 481 481 480 482 482 482 482 482 482 500 496 507 522
415 415 415 408 363 354 348 339 330 338 346 340 331 326 312 328 335 336 336 336 332 326 325 325 329 332 336 339 344 350 357 363 370 376 382 388 392 397 402 406 410 412 416 421 425 428 433 436 438 442 447 454 463 470 463 466 473 479 492 489 488 484 480 477 480 478 480 478 482 485 485 490 490 487 481 478 484 489 481 484 484 481 484 483 480 483 502 518
417 409 396 393 361 351 339 334 340 346 343 338 337 324 314 359 343 342 339 334 329 326 326 326 327 331 334 338 341 347 353 360 365 371 376 381 385 391 395 400 404 407 411 415 419 421 425 427 429 431 430 438 442 447 449 471 468 459 478 465 482 483 479 483 481 480 482 479 483 487 487 488 488 479 478 478 487 488 488 485 480 478 479 478 478 492 481 492
429 426 429 431 416 403 340 344 358 354 347 336 331 321 316 360 350 350 346 336 331 329 326 326 327 330 333 336 339 344 351 356 362 367 372 378 382 387 391 395 400 403 406 409 412 416 418 421 422 425 427 429 430 431 435 439 439 440 457 462 476 482 483 480 480 469 480 482 483 483 480 484 487 481 479 479 481 487 487 483 482 478 476 477 478 477 477 483
436 436 425 411 429 377 356 366 369 357 349 340 335 319 325 339 355 351 359 347 339 334 329 328 327 330 333 335 338 342 347 353 359 363 368 373 378 383 388 391 395 397 401 404 407 410 414 416 418 419 421 422 423 425 427 428 430 433 437 443 448 461 468 475 461 470 481 478 483 479 472 481 484 481 484 480 480 485 485 480 480 477 476 474 478 479 476 472
430 425 432 428 386 358 380 375 366 366 355 341 347 348 328 345 365 359 372 362 346 338 332 331 331 331 331 335 338 341 345 352 357 360 365 370 375 379 382 387 390 394 398 400 403 406 408 409 411 415 415 416 418 419 421 423 425 426 429 433 434 436 447 454 455 461 462 467 466 470 462 468 480 480 480 484 481 475 479 482 484 483 481 474 474 478 477 472
422 404 407 394 364 380 410 377 370 363 357 369 371 364 335 368 405 378 374 374 367 343 342 335 331 331 331 336 337 340 351 356 356 359 363 367 372 376 379 384 387 391 393 397 399 401 403 405 408 409 410 412 413 414 417 418 420 421 424 427 428 430 432 438 439 443 455 458 470 463 455 472 474 467 469 477 477 473 478 482 480 480 481 477 475 475 473 473
421 413 404 378 386 404 407 409 382 366 360 369 375 359 368 380 413 388 371 372 344 345 341 338 336 337 338 342 341 346 353 351 353 356 360 363 369 373 377 380 383 387 391 393 395 397 401 402 403 405 406 409 409 412 413 414 417 418 420 422 423 425 427 431 434 437 439 440 446 444 452 458 463 457 457 462 468 470 464 480 480 476 480 481 478 478 478 475
427 417 393 409 406 425 426 410 374 369 386 392 382 335 348 368 373 384 373 357 355 356 349 350 346 342 342 344 343 349 347 348 350 354 357 362 366 370 374 377 381 384 388 390 393 394 396 398 401 402 404 406 406 408 409 412 413 414 415 417 419 420 424 425 428 431 433 436 437 439 442 444 448 454 454 458 459 460 462 469 477 479 479 479 473 478 477 478
428 425 408 423 422 415 419 408 397 383 380 367 361 348 338 368 392 395 367 368 363 358 355 351 346 343 343 347 348 347 346 347 349 352 355 360 364 368 372 375 378 382 384 387 389 392 393 396 397 399 400 403 403 405 407 408 408 411 416 420 424 427 428 431 434 435 438 439 439 442 444 445 448 448 448 450 454 457 457 460 463 469 469 468 469 466 468 470
436 423 422 423 426 421 405 415 410 386 372 366 360 342 341 365 385 400 397 373 363 361 351 354 348 343 342 343 347 347 346 345 347 351 355 358 362 366 370 372 376 379 381 385 387 388 390 393 396 396 398 400 400 402 403 406 411 417 421 426 430 434 438 440 443 444 444 447 447 450 444 448 451 451 450 448 450 452 455 457 457 459 460 461 460 461 461 462
427 419 412 416 403 400 393 388 375 362 346 345 348 346 343 353 379 407 386 381 371 366 359 350 347 347 341 342 346 347 346 346 348 350 353 357 361 364 368 370 374 377 379 382 385 387 389 390 393 395 396 398 399 400 404 409 414 422 426 432 436 441 445 447 450 451 452 450 453 454 450 453 452 451 448 447 449 452 459 453 455 456 459 459 462 461 463 461
414 408 401 414 407 406 398 379 376 355 350 363 368 367 345 354 364 386 397 395 374 364 362 358 369 353 347 346 344 345 350 348 350 350 353 356 359 362 366 369 372 376 378 379 383 385 387 389 390 393 394 395 399 404 410 415 420 427 432 437 442 447 451 456 457 458 457 457 462 462 461 463 462 450 451 445 450 460 463 455 456 455 455 459 457 463 467 468
420 427 418 397 382 390 391 378 381 376 366 380 380 364 364 377 387 376 394 405 381 373 372 365 354 359 361 351 347 348 347 349 350 350 352 355 358 361 365 368 370 374 376 378 382 383 385 387 389 391 395 399 405 410 416 419 425 431 438 443 447 452 459 463 466 466 464 462 467 468 465 462 461 461 458 450 447 458 473 468 452 468 454 455 458 456 461 468
442 425 402 385 393 398 379 377 377 380 381 377 383 362 366 381 384 381 383 400 400 386 374 363 358 360 368 359 352 351 350 376 365 353 354 355 357 361 363 367 370 373 374 376 380 382 384 386 389 395 399 404 410 414 419 425 430 436 441 447 453 458 463 469 471 472 471 469 473 472 465 469 468 467 459 465 456 450 467 474 476 465 457 453 455 455 455 457
416 412 410 385 404 402 379 384 385 375 383 394 383 366 370 384 398 395 389 395 397 382 376 368 365 366 372 361 358 355 354 358 392 367 358 358 360 362 363 366 369 371 373 377 379 381 384 389 393 397 403 408 412 418 423 429 435 440 445 451 457 461 466 471 473 476 475 476 475 476 475 474 474 473 469 473 470 452 453 472 478 468 464 476 475 467 462 467
441 432 427 421 383 399 380 396 388 377 376 390 376 376 379 396 403 404 406 408 397 395 389 378 373 372 380 370 365 362 360 364 386 374 361 361 362 364 366 370 372 373 375 380 381 384 387 393 397 402 406 412 417 422 428 433 438 444 448 454 459 464 468 472 475 478 479 479 478 479 480 479 481 476 475 479 478 477 484 483 485 475 487 483 482 477 471 474
432 411 422 436 434 434 425 412 407 399 380 397 384 376 373 381 384 394 395 408 401 393 380 375 384 380 375 375 367 366 364 364 377 378 371 364 365 368 370 372 374 377 379 382 385 388 391 396 401 406 410 415 420 426 431 437 442 446 451 457 462 467 470 474 477 479 480 481 481 482 483 484 484 483 480 486 488 490 491 494 491 490 476 478 475 479 477 483
434 406 431 435 434 411 420 431 425 400 397 381 395 395 377 376 377 379 384 400 412 401 388 386 392 388 385 386 376 370 365 365 375 372 375 369 369 371 373 376 378 381 383 385 389 392 394 400 404 410 413 420 425 430 435 439 445 450 455 459 464 468 472 476 479 481 483 484 484 486 486 487 490 491 488 492 495 498 497 497 498 501 498 495 494 489 496 485
419 423 434 434 433 426 408 430 430 428 424 390 419 414 400 390 390 376 378 388 406 403 403 397 389 391 376 373 373 379 373 368 375 373 369 371 372 375 377 379 382 384 387 389 392 396 398 403 408 413 418 423 428 433 439 443 448 454 458 463 467 471 475 478 481 483 486 487 487 489 491 493 495 496 497 498 501 503 503 504 505 507 507 507 505 503 505 503
416 433 432 433 432 429 424 420 428 427 425 408 408 422 419 408 408 379 386 405 422 413 395 386 375 375 368 367 371 369 369 367 370 370 372 373 375 379 381 383 386 388 391 393 396 400 401 407 412 417 422 427 432 437 441 447 452 456 461 466 470 473 477 480 483 486 489 490 492 493 495 497 499 501 503 505 506 507 509 510 509 514 514 514 515 512 513 511
424 432 431 430 431 427 426 417 424 427 424 421 420 413 422 423 423 415 386 388 405 412 413 395 388 386 374 367 374 371 374 369 372 372 374 377 379 381 383 387 389 391 395 397 400 404 405 410 415 420 425 431 435 441 445 450 455 460 464 467 472 476 480 483 486 489 492 493 495 497 500 502 504 505 508 510 510 512 514 515 515 518 520 521 521 519 520 519
430 427 429 429 428 428 424 419 420 425 424 421 419 417 421 421 421 416 394 424 406 421 425 441 406 400 377 381 376 372 372 371 373 376 378 381 383 385 388 390 393 395 399 401 404 407 409 413 419 423 429 433 438 442 448 452 457 462 467 471 475 479 483 486 489 492 495 497 499 501 503 505 508 510 512 514 516 518 519 521 522 524 526 527 528 527 527 527
430 429 428 427 426 426 424 424 421 419 423 420 418 417 418 420 422 424 410 430 429 437 438 440 441 430 401 394 396 372 380 375 376 379 381 384 387 390 392 395 397 400 402 405 408 410 413 417 422 427 433 437 442 446 451 456 461 465 470 474 478 482 485 489 492 495 498 501 503 505 507 509 512 514 516 518 519 522 524 525 527 528 531 532 533 535 533 533
428 427 426 426 424 424 423 423 421 418 417 420 418 418 417 420 419 414 402 431 432 434 439 438 445 444 440 408 385 397 378 390 394 384 385 388 390 393 397 399 401 404 406 409 412 413 417 420 426 431 436 440 445 450 454 460 464 468 473 478 481 485 489 492 495 499 501 504 507 509 511 514 516 519 520 522 524 526 528 530 531 533 534 538 538 539 540 539
426 425 428 424 423 423 422 420 420 414 419 418 416 417 417 418 417 422 412 430 428 425 439 441 441 445 442 415 396 412 402 387 394 404 389 391 393 396 399 403 406 408 410 413 416 417 421 424 430 434 440 444 449 454 458 463 468 472 476 480 484 488 492 495 499 501 505 507 510 513 515 517 520 522 524 526 530 531 533 535 537 538 540 541 543 544 545 546
426 424 430 433 421 420 421 419 419 418 418 416 414 415 415 417 415 420 396 429 426 435 434 434 445 447 390 416 447 434 437 403 394 400 392 395 397 400 403 406 409 412 414 417 420 422 425 428 434 438 444 447 452 457 462 466 472 476 480 483 488 492 495 498 502 505 508 511 513 516 519 521 524 527 529 531 533 535 536 540 541 543 545 546 549 549 551 551
426 426 433 435 425 420 419 418 417 418 418 416 412 413 414 415 413 422 426 403 414 435 440 442 445 432 433 450 451 455 443 405 400 416 405 401 401 404 409 410 413 416 417 421 423 426 429 432 437 442 448 451 456 461 466 470 475 480 483 487 492 495 498 502 505 508 511 515 517 521 523 525 528 530 532 535 538 539 542 544 545 547 550 552 553 555 556 558
420 422 423 428 420 417 417 417 416 416 415 414 412 413 414 414 418 417 414 423 429 436 438 442 446 437 433 452 453 453 453 410 405 406 413 408 407 410 414 414 416 419 422 424 427 430 433 435 441 446 451 455 460 465 470 474 478 482 486 490 495 498 502 506 508 513 515 519 521 524 526 528 532 535 536 539 541 544 545 548 550 552 554 556 558 561 561 563
418 419 421 417 417 416 415 415 416 415 413 412 410 412 412 413 418 418 406 406 432 432 438 442 444 438 451 452 445 453 431 422 420 411 422 417 413 416 419 421 421 423 426 429 431 434 437 439 445 450 454 459 463 468 474 478 482 486 490 494 499 502 506 508 513 516 519 522 524 527 530 533 536 538 540 543 546 548 550 551 554 557 559 561 563 565 567 568
420 420 419 415 414 414 414 413 412 412 412 410 412 412 411 411 411 414 425 422 409 437 440 443 444 445 451 454 452 442 448 407 409 413 433 415 418 419 422 425 428 427 430 433 435 439 441 443 449 454 458 463 467 472 478 482 485 490 494 499 502 505 509 513 516 519 522 525 528 531 534 536 538 541 544 547 549 551 553 556 558 561 563 565 567 569 572 573
435 449 423 414 412 412 411 411 411 411 410 410 410 410 411 409 409 409 424 413 411 437 441 445 448 447 453 454 455 458 454 409 414 414 421 443 439 423 426 429 432 434 436 437 441 444 445 449 453 458 463 467 471 476 482 486 489 494 498 503 505 509 514 516 520 522 526 529 532 535 537 540 543 546 548 550 552 555 558 559 562 564 566 568 571 572 573 575
422 445 448 447 423 412 410 410 410 409 410 409 408 408 407 408 410 409 418 416 434 427 425 444 448 453 455 457 458 460 451 434 417 419 423 434 458 426 431 434 436 437 440 443 446 450 451 453 457 462 467 472 476 480 486 490 494 498 502 506 509 513 517 520 524 526 530 533 535 538 540 544 546 548 551 554 557 558 560 563 565 567 570 571 573 574 577 577
440 452 427 417 410 408 408 409 408 407 408 408 408 407 407 407 413 417 422 422 425 438 434 439 450 451 455 457 459 461 455 432 421 432 434 462 464 442 449 437 433 439 446 448 452 455 456 457 462 467 471 476 480 485 490 494 498 502 506 510 513 518 520 524 527 531 533 536 538 543 545 547 550 552 554 557 559 562 564 565 568 570 572 574 576 577 578 578
448 428 418 411 407 407 406 406 407 407 406 406 407 406 405 407 409 418 422 421 410 436 433 444 444 454 455 459 460 461 461 453 453 457 461 461 462 454 454 464 439 445 448 455 458 460 464 464 466 471 475 480 486 489 494 499 502 506 510 514 518 521 524 528 531 534 537 541 543 545 548 551 553 556 558 559 563 565 567 569 571 573 574 577 577 579 580 580
