test/testdata/Hispaniola_WorldClim/snv_4.asc
ncols         743
nrows         319
xllcorner     -74.500956448335
yllcorner     17.448920549066
cellsize      0.0083333333333333
NODATA_value  -9999
[rows 144 to 179 of 319, columns 492 to 573 of 743]
1465 1426 1433 1436 1393 1413 1371 1358 1362 1330 1349 1352 1348 1328 1326 1331 1310 1329 1297 1322 1292 1316 1310 1297 1303 1295 1262 1275 1288 1291 1267 1257 1278 1297 1272 1278 1263 1247 1258 1283 1254 1265 1306 1270 1249 1253 1285 1281 1277 1241 1248 1243 1240 1255 1229 1229 1269 1255 1285 1251 1257 1242 1249 1226 1226 1262 1252 1272 1258 1242 1241 1285 1263 1268 1260 1275 1203 1228 1259 1267 1268 1254
1442 1409 1446 1406 1406 1379 1351 1325 1341 1312 1321 1367 1341 1342 1331 1326 1319 1326 1314 1302 1279 1315 1281 1272 1278 1284 1266 1256 1268 1280 1295 1282 1252 1290 1278 1301 1251 1265 1265 1246 1269 1253 1250 1246 1277 1242 1244 1235 1258 1234 1249 1227 1243 1221 1234 1237 1271 1286 1257 1271 1243 1230 1252 1238 1243 1247 1237 1248 1226 1266 1257 1263 1262 1277 1255 1244 1249 1242 1251 1263 1264 1232
1385 1388 1411 1407 1407 1390 1377 1343 1353 1346 1360 1338 1341 1356 1326 1322 1312 1310 1302 1308 1308 1301 1291 1300 1288 1305 1284 1276 1293 1271 1234 1243 1247 1286 1278 1265 1275 1262 1263 1266 1268 1229 1261 1252 1239 1270 1243 1290 1272 1239 1222 1224 1215 1235 1253 1242 1244 1292 1227 1270 1228 1233 1244 1250 1283 1228 1251 1255 1253 1263 1263 1263 1293 1259 1280 1237 1262 1238 1225 1256 1241 1237
1370 1384 1386 1388 1381 1347 1369 1358 1374 1317 1337 1333 1345 1332 1325 1328 1324 1303 1300 1303 1292 1266 1277 1285 1296 1310 1280 1299 1282 1284 1238 1241 1281 1278 1275 1268 1263 1270 1255 1222 1217 1228 1215 1228 1263 1236 1233 1217 1250 1220 1231 1227 1206 1266 1239 1246 1249 1234 1216 1223 1237 1243 1253 1261 1281 1227 1249 1284 1288 1280 1306 1245 1240 1256 1270 1274 1241 1213 1249 1217 1218 1216
1402 1389 1380 1379 1397 1336 1363 1365 1334 1327 1336 1312 1309 1293 1308 1314 1300 1310 1323 1307 1282 1280 1289 1303 1298 1318 1246 1301 1328 1277 1271 1279 1293 1251 1273 1251 1277 1239 1256 1262 1221 1240 1249 1226 1237 1257 1217 1223 1230 1217 1253 1217 1237 1260 1268 1234 1228 1226 1229 1224 1261 1230 1235 1233 1227 1285 1225 1264 1232 1292 1282 1246 1267 1248 1231 1268 1268 1211 1216 1238 1218 1222
1314 1353 1373 1378 1352 1350 1366 1331 1339 1338 1326 1323 1309 1305 1317 1293 1305 1305 1284 1284 1295 1304 1274 1289 1307 1255 1304 1259 1266 1246 1260 1236 1275 1237 1272 1257 1238 1258 1281 1254 1234 1273 1209 1231 1216 1239 1223 1215 1199 1216 1219 1245 1237 1229 1233 1266 1204 1208 1202 1243 1246 1250 1215 1260 1249 1259 1240 1282 1250 1241 1233 1251 1266 1252 1217 1222 1206 1221 1203 1196 1213 1246
1376 1365 1363 1363 1336 1323 1339 1367 1340 1307 1299 1325 1288 1320 1319 1277 1317 1284 1290 1299 1265 1257 1240 1224 1222 1261 1281 1269 1279 1290 1248 1260 1236 1234 1265 1247 1243 1214 1264 1273 1223 1244 1209 1234 1201 1225 1202 1200 1202 1202 1200 1213 1226 1225 1230 1227 1221 1228 1204 1228 1222 1223 1215 1237 1253 1219 1266 1228 1208 1244 1209 1225 1241 1213 1204 1199 1202 1217 1191 1240 1254 1266
1342 1325 1357 1352 1327 1317 1310 1309 1296 1323 1330 1282 1290 1316 1310 1308 1288 1290 1305 1295 1292 1262 1270 1255 1251 1226 1245 1240 1253 1235 1228 1226 1255 1269 1249 1255 1233 1233 1236 1203 1210 1208 1225 1232 1244 1181 1234 1235 1230 1241 1235 1201 1207 1234 1226 1205 1220 1211 1220 1215 1198 1232 1222 1238 1222 1214 1209 1241 1235 1236 1237 1220 1222 1258 1230 1252 1205 1227 1191 1209 1197 1227
1325 1327 1335 1333 1315 1305 1314 1325 1304 1276 1274 1278 1270 1284 1272 1302 1321 1283 1290 1282 1270 1235 1236 1231 1252 1222 1228 1217 1227 1241 1225 1233 1237 1242 1228 1260 1202 1242 1193 1199 1208 1226 1205 1210 1200 1208 1223 1208 1212 1224 1230 1176 1244 1242 1209 1213 1201 1204 1218 1204 1236 1239 1223 1210 1199 1198 1225 1236 1245 1224 1239 1230 1212 1256 1214 1228 1195 1208 1224 1210 1222 1203
1300 1337 1300 1317 1324 1349 1300 1327 1311 1309 1286 1303 1272 1267 1277 1311 1273 1264 1266 1290 1295 1218 1244 1252 1220 1237 1229 1235 1228 1206 1235 1213 1209 1209 1216 1230 1186 1179 1190 1231 1240 1190 1224 1211 1188 1193 1217 1215 1214 1242 1212 1174 1191 1188 1189 1215 1185 1195 1200 1207 1224 1207 1187 1202 1212 1208 1220 1231 1220 1225 1208 1260 1252 1243 1235 1240 1200 1217 1244 1225 1237 1226
1287 1290 1293 1316 1315 1282 1291 1302 1303 1281 1291 1265 1279 1262 1281 1271 1285 1300 1263 1218 1248 1246 1233 1249 1259 1243 1235 1220 1216 1196 1210 1217 1177 1202 1243 1193 1201 1200 1192 1175 1197 1198 1200 1166 1204 1213 1198 1194 1226 1193 1217 1229 1172 1189 1195 1213 1218 1198 1208 1207 1212 1199 1225 1221 1226 1205 1215 1211 1225 1227 1238 1218 1224 1218 1219 1208 1240 1194 1194 1193 1217 1232
1280 1328 1312 1292 1311 1312 1298 1313 1319 1277 1255 1273 1280 1235 1262 1243 1263 1298 1277 1254 1226 1224 1241 1252 1220 1198 1236 1202 1255 1250 1172 1195 1182 1182 1155 1167 1180 1167 1200 1189 1195 1187 1189 1196 1197 1180 1223 1198 1180 1188 1168 1161 1169 1196 1189 1180 1172 1201 1202 1193 1195 1215 1210 1210 1221 1212 1224 1204 1228 1236 1238 1230 1238 1213 1233 1219 1224 1241 1182 1202 1215 1215
1290 1303 1287 1292 1297 1301 1277 1272 1277 1308 1259 1257 1255 1288 1254 1251 1273 1258 1269 1284 1245 1204 1231 1208 1231 1218 1211 1195 1208 1206 1185 1191 1200 1209 1205 1209 1216 1167 1202 1205 1202 1214 1214 1223 1212 1188 1197 1218 1206 1175 1150 1159 1188 1183 1170 1212 1189 1188 1193 1195 1195 1194 1210 1210 1213 1213 1222 1202 1238 1213 1212 1221 1229 1236 1198 1214 1218 1203 1209 1201 1227 1209
1281 1287 1275 1284 1252 1268 1270 1264 1262 1264 1296 1256 1233 1262 1235 1221 1255 1236 1222 1268 1276 1261 1245 1204 1203 1191 1178 1206 1219 1194 1226 1188 1198 1209 1171 1217 1162 1174 1205 1180 1202 1185 1200 1214 1188 1210 1187 1209 1228 1169 1176 1174 1183 1191 1197 1218 1195 1211 1194 1210 1197 1199 1216 1228 1213 1205 1215 1209 1209 1210 1207 1212 1212 1220 1211 1220 1210 1207 1202 1199 1190 1243
1268 1280 1269 1277 1283 1263 1289 1266 1272 1263 1252 1263 1243 1276 1226 1248 1223 1262 1246 1270 1233 1229 1208 1221 1188 1197 1178 1201 1201 1248 1227 1201 1192 1182 1179 1202 1182 1184 1195 1192 1194 1162 1228 1175 1230 1150 1162 1154 1204 1212 1184 1136 1194 1196 1195 1193 1186 1198 1180 1185 1205 1187 1213 1208 1218 1219 1196 1220 1195 1201 1196 1205 1201 1211 1214 1200 1210 1235 1217 1190 1222 1211
1261 1289 1266 1269 1265 1272 1272 1253 1240 1241 1245 1272 1247 1237 1199 1250 1215 1232 1221 1212 1211 1248 1260 1267 1218 1182 1165 1173 1201 1240 1219 1249 1206 1185 1207 1170 1144 1177 1192 1180 1194 1142 1209 1173 1234 1175 1154 1172 1159 1146 1179 1174 1146 1138 1206 1172 1157 1191 1213 1177 1194 1216 1203 1198 1239 1205 1220 1228 1186 1203 1215 1225 1194 1203 1200 1214 1210 1230 1210 1219 1220 1211
1269 1273 1263 1274 1274 1277 1263 1266 1248 1219 1247 1259 1255 1257 1223 1191 1181 1211 1200 1211 1201 1222 1262 1265 1235 1235 1184 1181 1219 1227 1216 1241 1189 1154 1200 1198 1171 1146 1178 1169 1150 1199 1174 1164 1165 1171 1193 1173 1159 1162 1159 1163 1199 1208 1184 1188 1185 1176 1194 1200 1144 1192 1226 1199 1179 1209 1186 1213 1215 1195 1196 1226 1200 1209 1237 1209 1224 1217 1219 1219 1219 1221
1260 1278 1255 1260 1262 1259 1231 1243 1231 1254 1249 1253 1258 1290 1225 1224 1220 1227 1233 1167 1218 1229 1263 1223 1241 1255 1197 1190 1198 1201 1183 1184 1143 1168 1151 1173 1114 1182 1181 1151 1174 1158 1177 1145 1155 1152 1135 1162 1189 1186 1157 1156 1178 1155 1182 1198 1171 1171 1177 1167 1196 1202 1224 1215 1209 1186 1186 1205 1195 1188 1206 1188 1188 1197 1200 1224 1234 1219 1204 1252 1223 1225
1272 1248 1270 1263 1243 1260 1238 1259 1241 1236 1262 1264 1264 1246 1253 1230 1192 1202 1163 1145 1190 1211 1213 1213 1204 1270 1234 1219 1243 1193 1163 1147 1169 1179 1143 1158 1138 1140 1178 1174 1149 1136 1154 1158 1161 1156 1175 1166 1185 1145 1194 1156 1168 1154 1154 1173 1162 1147 1174 1162 1195 1186 1190 1181 1222 1186 1206 1186 1201 1179 1199 1224 1188 1200 1219 1190 1224 1227 1228 1206 1216 1208
1263 1262 1263 1272 1249 1226 1251 1229 1233 1224 1247 1275 1262 1241 1213 1207 1200 1165 1157 1148 1171 1215 1204 1162 1150 1206 1249 1242 1262 1211 1176 1147 1198 1226 1184 1151 1114 1115 1142 1155 1156 1150 1167 1168 1146 1143 1193 1164 1131 1154 1202 1167 1167 1155 1172 1169 1182 1186 1167 1195 1180 1205 1183 1167 1210 1206 1179 1198 1205 1199 1186 1212 1226 1229 1213 1228 1233 1226 1215 1200 1198 1198
1261 1283 1249 1292 1248 1276 1250 1236 1247 1239 1246 1271 1242 1244 1219 1216 1181 1159 1163 1143 1176 1109 1154 1157 1153 1147 1195 1244 1249 1246 1182 1138 1132 1165 1138 1142 1126 1139 1172 1125 1156 1193 1153 1172 1166 1152 1137 1172 1155 1143 1183 1169 1167 1163 1154 1160 1176 1155 1174 1200 1148 1195 1176 1180 1170 1195 1185 1198 1204 1215 1207 1207 1221 1208 1201 1218 1224 1232 1192 1200 1200 1195
1295 1242 1242 1261 1265 1245 1270 1248 1248 1235 1251 1286 1254 1246 1233 1229 1186 1181 1166 1126 1122 1146 1155 1131 1141 1145 1176 1257 1260 1223 1195 1209 1153 1118 1097 1101 1186 1128 1141 1133 1140 1136 1182 1177 1181 1136 1123 1144 1107 1182 1134 1129 1133 1145 1139 1151 1154 1132 1178 1184 1126 1177 1172 1168 1179 1172 1169 1179 1193 1186 1208 1229 1217 1212 1220 1208 1232 1203 1171 1181 1168 1198
1239 1256 1255 1255 1241 1274 1254 1235 1253 1228 1264 1252 1271 1248 1213 1233 1209 1152 1122 1155 1101 1178 1122 1134 1160 1178 1180 1217 1243 1222 1236 1246 1231 1133 1091 1108 1108 1122 1137 1111 1133 1121 1148 1110 1132 1164 1145 1153 1126 1143 1145 1140 1176 1150 1171 1167 1167 1145 1176 1125 1168 1166 1166 1170 1170 1173 1193 1173 1200 1210 1210 1202 1204 1220 1220 1215 1223 1204 1204 1208 1204 1187
1223 1261 1236 1264 1221 1269 1218 1244 1223 1267 1244 1235 1223 1210 1218 1216 1181 1164 1163 1116 1124 1127 1125 1103 1087 1211 1196 1171 1203 1208 1167 1171 1187 1100 1059 1101 1079 1102 1129 1125 1133 1124 1118 1152 1134 1137 1123 1153 1130 1115 1179 1143 1157 1162 1169 1145 1164 1147 1119 1168 1174 1166 1158 1195 1168 1160 1147 1173 1185 1189 1189 1176 1207 1199 1214 1204 1216 1193 1172 1198 1204 1190
1236 1264 1275 1244 1250 1235 1237 1245 1250 1258 1223 1266 1209 1188 1173 1242 1210 1147 1148 1138 1105 1095 1116 1102 1088 1095 1195 1175 1110 1156 1173 1126 1159 1195 1162 1161 1108 1110 1089 1113 1087 1119 1122 1127 1131 1132 1150 1145 1138 1161 1140 1150 1122 1149 1142 1156 1140 1135 1160 1168 1167 1154 1176 1171 1169 1178 1147 1174 1189 1189 1201 1197 1184 1220 1177 1196 1191 1186 1188 1204 1215 1213
1248 1256 1216 1214 1221 1265 1226 1271 1237 1272 1259 1257 1226 1200 1183 1139 1193 1164 1119 1114 1106 1087 1092 1093 1068 1047 1093 1082 1072 1107 1211 1184 1096 1164 1158 1218 1190 1144 1091 1074 1119 1127 1125 1102 1103 1112 1150 1174 1116 1154 1128 1144 1131 1154 1160 1124 1153 1156 1170 1172 1162 1160 1175 1169 1171 1171 1160 1204 1192 1175 1183 1161 1174 1186 1182 1196 1164 1172 1169 1180 1187 1194
1229 1247 1249 1253 1242 1228 1223 1240 1278 1252 1244 1224 1240 1235 1189 1176 1197 1212 1147 1166 1094 1144 1063 1063 1031 1045 1055 1091 1094 1077 1161 1189 1166 1052 1103 1134 1222 1241 1188 1126 1091 1101 1112 1109 1125 1147 1128 1154 1148 1118 1137 1148 1143 1144 1129 1127 1165 1137 1151 1118 1157 1148 1151 1161 1166 1167 1143 1157 1165 1169 1170 1193 1182 1170 1187 1190 1181 1207 1161 1187 1203 1190
1253 1245 1252 1204 1256 1208 1225 1231 1263 1279 1241 1226 1267 1186 1197 1186 1218 1251 1172 1147 1135 1109 1109 1056 1041 1061 1054 1036 1059 1040 1193 1238 1196 1116 1041 1169 1218 1195 1155 1132 1089 1114 1115 1098 1073 1120 1120 1096 1114 1132 1141 1152 1117 1164 1150 1130 1128 1154 1142 1137 1137 1137 1194 1158 1168 1189 1166 1166 1160 1169 1164 1182 1174 1164 1167 1200 1183 1193 1194 1202 1193 1161
1249 1220 1248 1250 1218 1261 1225 1214 1247 1245 1242 1248 1233 1240 1245 1154 1217 1234 1224 1190 1157 1110 1064 1056 1066 1035 1010 1046 1075 1019 1126 1152 1177 1147 1084 1103 1079 1160 1144 1077 1093 1098 1145 1120 1097 1093 1094 1102 1116 1132 1122 1142 1143 1130 1165 1141 1151 1137 1123 1153 1149 1147 1147 1163 1162 1165 1174 1174 1165 1155 1155 1178 1179 1160 1193 1201 1169 1195 1195 1192 1153 1159
1232 1244 1228 1221 1240 1229 1239 1256 1243 1236 1253 1253 1222 1222 1223 1180 1234 1202 1241 1171 1120 1092 1082 1064 1042 1047 1039 1023 1055 1026 1051 1126 1118 1198 1142 1082 1094 1087 1087 1084 1058 1078 1075 1139 1148 1151 1089 1090 1090 1133 1131 1119 1164 1163 1139 1122 1135 1115 1136 1124 1167 1145 1132 1173 1163 1166 1198 1167 1158 1164 1174 1178 1200 1160 1194 1204 1204 1204 1190 1195 1150 1157
1210 1221 1236 1237 1235 1176 1234 1237 1247 1238 1245 1211 1217 1212 1191 1240 1219 1206 1193 1180 1130 1096 1104 1109 1056 1033 1017 1015 1001 1034 1037 1043 1030 1145 1192 1092 1084 1119 1085 1083 1082 1115 1084 1104 1112 1097 1140 1102 1100 1128 1132 1122 1152 1137 1125 1127 1129 1121 1118 1118 1133 1126 1138 1137 1143 1153 1156 1154 1154 1154 1186 1169 1169 1201 1194 1148 1202 1210 1126 1144 1143 1150
1213 1178 1203 1234 1204 1217 1249 1228 1232 1232 1242 1221 1233 1198 1233 1240 1232 1193 1153 1131 1129 1156 1104 1068 1073 1026 1029 1019 1020 1012 1047 1039 1057 1066 1148 1180 1080 1108 1095 1080 1092 1090 1125 1126 1135 1100 1103 1141 1095 1094 1091 1097 1113 1088 1126 1126 1117 1112 1135 1136 1143 1169 1144 1158 1138 1140 1140 1164 1164 1158 1147 1158 1172 1180 1148 1180 1190 1182 1132 1132 1138 1138
1240 1210 1191 1216 1210 1236 1242 1241 1226 1231 1229 1204 1215 1232 1241 1223 1223 1196 1207 1164 1137 1166 1129 1095 1059 1035 1017 1021 1020 1038 1025 1052 1040 1055 1069 1140 1054 1020 1095 1077 1080 1087 1075 1098 1092 1087 1115 1092 1129 1106 1083 1125 1146 1145 1090 1117 1123 1135 1132 1115 1171 1161 1151 1159 1165 1177 1148 1151 1149 1159 1141 1165 1188 1173 1137 1182 1192 1150 1141 1138 1150 1155
1212 1224 1209 1213 1199 1202 1229 1216 1232 1241 1241 1231 1193 1217 1232 1199 1216 1224 1198 1171 1125 1134 1117 1050 1032 1047 1014 1059 1028 1042 1061 1039 1038 1056 1056 1124 1125 1044 1033 1062 1089 1084 1096 1084 1098 1098 1094 1090 1095 1099 1089 1110 1136 1123 1156 1083 1107 1141 1129 1145 1159 1144 1127 1166 1117 1148 1142 1177 1162 1186 1179 1179 1178 1176 1127 1148 1157 1197 1154 1160 1155 1152
1220 1207 1221 1228 1183 1197 1235 1210 1238 1202 1215 1220 1226 1228 1190 1193 1215 1210 1181 1129 1103 1147 1113 1056 1021 1054 1005 1006 1020 1029 1067 1042 1055 1055 1061 1050 1079 1123 1037 1073 1082 1103 1076 1064 1049 1083 1104 1126 1121 1107 1082 1136 1099 1082 1124 1091 1138 1152 1112 1133 1133 1126 1151 1165 1127 1158 1163 1153 1169 1182 1189 1169 1192 1138 1159 1159 1162 1176 1169 1167 1180 1182
1213 1198 1196 1173 1171 1192 1208 1214 1207 1207 1229 1197 1214 1223 1227 1219 1175 1174 1109 1091 1110 1060 1088 1041 1063 1058 1054 1003 1004 1017 1031 1045 1029 1017 1028 1064 1067 1073 1049 1064 1077 1066 1080 1059 1090 1099 1090 1078 1102 1088 1100 1130 1093 1087 1110 1109 1118 1124 1142 1118 1132 1132 1172 1178 1156 1138 1168 1143 1143 1179 1171 1168 1172 1159 1154 1159 1167 1176 1180 1167 1183 1174
