test/testdata/Hispaniola_WorldClim/snv_11.asc
ncols         743
nrows         319
xllcorner     -74.500956448335
yllcorner     17.448920549066
cellsize      0.0083333333333333
NODATA_value  -9999
[rows 195 to 233 of 319, columns 176 to 263 of 743]
-9999 -9999 -9999 -9999 -9999 -9999 -9999 -9999 -9999 -9999 -9999 -9999 -9999 -9999 -9999 -9999 -9999 -9999 -9999 -9999 -9999 -9999 -9999 -9999 -9999 -9999 -9999 -9999 -9999 -9999 -9999 -9999 -9999 -9999 -9999 -9999 -9999 -9999 -9999 -9999 -9999 -9999 -9999 -9999 247 247 247 247 246 246 246 246 245 245 245 244 244 244 237 232 227 219 228 208 211 213 227 216 240 239 236 235 234 232 235 235 225 220 217 214 212 204 195 207 208 195 186 178
-9999 -9999 -9999 -9999 -9999 -9999 -9999 -9999 -9999 -9999 -9999 -9999 -9999 -9999 -9999 -9999 -9999 -9999 -9999 -9999 -9999 -9999 -9999 -9999 -9999 -9999 -9999 -9999 -9999 -9999 -9999 -9999 -9999 -9999 -9999 -9999 -9999 -9999 -9999 -9999 -9999 -9999 -9999 -9999 247 246 247 246 246 246 246 245 245 245 245 243 241 241 243 240 243 240 238 241 240 237 233 225 224 225 225 226 228 211 220 229 228 209 191 186 202 187 174 183 193 202 191 190
247 242 240 247 242 241 241 247 243 -9999 -9999 -9999 -9999 -9999 -9999 -9999 -9999 -9999 -9999 -9999 -9999 -9999 -9999 -9999 -9999 -9999 -9999 -9999 -9999 -9999 -9999 -9999 -9999 -9999 -9999 -9999 -9999 -9999 -9999 -9999 -9999 -9999 -9999 247 247 247 246 246 246 246 245 245 245 245 244 241 241 238 238 239 237 233 229 226 223 230 227 220 203 198 212 217 232 210 221 226 218 199 182 173 168 163 145 155 163 168 169 185
229 231 229 220 221 224 223 228 231 235 236 239 247 -9999 -9999 -9999 -9999 -9999 -9999 -9999 -9999 -9999 -9999 -9999 -9999 -9999 -9999 -9999 -9999 -9999 -9999 -9999 -9999 -9999 -9999 -9999 -9999 -9999 -9999 -9999 -9999 -9999 -9999 247 246 247 246 246 246 245 245 244 243 243 243 243 241 236 232 233 236 232 225 220 215 213 221 213 193 186 212 223 223 211 203 226 214 199 187 166 153 145 140 140 135 145 155 155
232 236 235 224 219 221 220 220 224 224 227 229 230 235 241 247 247 -9999 -9999 -9999 -9999 -9999 -9999 -9999 -9999 -9999 -9999 -9999 -9999 -9999 -9999 -9999 -9999 -9999 -9999 -9999 -9999 -9999 -9999 -9999 -9999 -9999 247 247 244 240 243 245 245 244 244 243 242 239 239 240 238 241 229 226 233 230 222 213 184 202 197 193 177 180 214 206 217 216 194 212 215 218 210 193 156 156 148 148 135 134 144 148
239 236 237 231 228 232 234 237 236 240 236 238 244 243 246 247 -9999 -9999 -9999 -9999 -9999 245 246 245 240 234 234 248 -9999 -9999 -9999 -9999 -9999 -9999 -9999 -9999 -9999 -9999 -9999 -9999 247 238 238 239 238 236 235 241 244 242 242 238 239 236 232 234 232 239 234 222 226 228 219 207 181 175 175 181 175 193 188 195 213 205 192 216 226 224 221 204 183 183 180 188 172 153 160 152
242 237 241 238 237 240 241 238 238 240 240 241 244 245 246 245 -9999 -9999 -9999 247 245 242 242 242 242 238 233 225 247 246 246 247 247 247 -9999 -9999 -9999 -9999 247 247 241 240 237 237 236 235 233 236 243 240 239 234 235 233 230 225 227 237 234 224 220 226 220 217 192 181 181 188 173 176 186 189 207 222 188 199 220 229 206 187 186 192 192 178 164 162 175 162
244 244 243 243 244 246 246 245 243 242 244 244 244 244 245 246 244 246 245 247 245 241 238 238 237 238 236 237 239 244 245 246 246 245 247 246 246 246 244 238 240 234 234 236 232 238 232 231 238 241 232 231 228 228 224 226 229 236 228 211 206 195 199 207 204 191 205 187 165 158 166 188 202 200 189 187 212 223 202 182 202 179 172 156 172 181 167 145
246 245 245 245 246 246 246 245 244 243 243 242 243 243 238 237 237 245 241 239 241 236 234 231 231 226 229 233 240 242 242 244 243 242 242 244 244 241 238 237 235 230 231 235 230 237 232 228 235 239 236 234 229 219 222 224 226 233 234 227 222 205 210 216 217 206 215 193 188 167 157 176 177 180 188 193 211 220 215 211 193 166 163 161 185 175 158 155
246 246 246 246 246 246 246 244 241 239 241 238 237 237 237 231 228 234 236 233 237 232 234 228 227 220 214 227 238 240 242 241 240 241 240 240 240 238 235 232 227 224 224 219 224 224 228 229 232 236 234 231 225 223 228 232 232 234 231 230 220 215 222 222 226 226 219 202 201 192 184 172 175 160 171 179 190 196 197 210 204 202 200 188 199 191 183 166
246 245 244 241 236 232 236 235 234 234 230 232 233 233 230 234 228 227 228 227 230 222 219 225 216 208 214 227 234 239 243 239 240 238 237 237 237 240 234 233 227 224 221 225 225 215 219 222 223 226 233 233 228 225 228 229 228 227 226 226 224 215 223 226 229 229 229 227 223 212 201 187 178 166 156 170 178 175 191 213 220 211 215 207 194 194 171 153
236 238 238 232 222 226 228 224 222 222 225 223 227 225 224 225 229 223 214 209 214 211 218 216 211 198 205 221 230 238 241 235 233 233 232 233 235 238 238 233 233 229 225 231 219 214 222 228 230 227 227 225 216 217 224 227 230 234 234 233 223 221 225 226 231 230 226 218 206 200 186 192 195 193 172 185 191 184 188 184 193 203 198 201 186 187 187 175
223 231 230 227 224 210 215 216 207 210 214 210 212 220 210 214 211 220 209 199 202 202 206 206 196 203 216 221 232 234 241 229 227 230 229 229 233 235 237 237 234 234 232 222 225 221 227 230 231 221 221 223 214 211 223 230 233 232 235 234 226 223 232 235 225 226 224 210 201 206 218 204 209 215 202 215 222 204 190 173 170 181 168 181 191 178 171 176
219 224 222 220 214 206 205 205 198 196 194 190 196 192 185 191 192 212 199 201 201 194 192 191 196 206 203 211 217 222 235 211 219 221 221 221 228 230 235 231 227 226 234 232 228 229 232 232 229 217 212 217 205 204 214 216 220 232 234 238 234 235 235 227 211 217 223 219 208 223 221 219 221 226 223 221 219 200 173 156 168 167 157 171 176 189 173 159
217 217 217 217 209 203 197 198 195 190 182 188 188 185 184 173 180 189 187 200 206 200 195 182 189 192 192 202 214 232 219 201 208 213 213 214 219 219 220 227 221 222 229 234 230 234 231 229 228 226 221 224 218 206 202 205 208 217 227 234 239 236 234 230 222 214 217 210 223 228 230 224 220 230 228 222 219 205 188 151 162 157 156 161 157 170 177 167
220 214 212 208 202 202 200 195 189 194 190 181 195 187 185 193 194 199 193 210 204 195 189 177 179 178 182 202 219 222 190 184 195 205 198 197 211 211 215 220 215 214 218 223 226 231 229 224 229 225 226 230 221 212 216 224 219 216 222 240 237 228 228 226 229 227 228 222 228 230 232 233 231 232 226 223 216 211 185 150 132 143 146 152 148 163 170 166
218 212 208 208 204 200 202 202 205 200 191 201 201 193 186 187 198 203 214 207 198 183 174 167 166 175 195 209 223 223 208 191 183 186 182 182 195 203 210 212 210 211 211 213 224 231 227 226 228 219 232 225 216 207 217 230 231 219 229 241 236 225 212 206 219 235 238 236 232 235 233 237 237 232 229 221 219 215 181 164 130 123 121 133 150 156 151 143
219 215 218 208 208 203 207 209 206 194 198 203 196 199 190 195 208 212 210 198 186 176 177 165 169 189 205 211 219 207 203 184 187 178 165 176 187 196 204 212 213 211 218 220 224 234 226 231 224 218 233 218 210 207 213 215 236 238 242 240 233 223 221 211 222 235 241 239 241 239 238 230 228 225 225 220 215 200 181 147 138 135 133 139 152 145 133 131
219 220 223 215 210 209 212 209 198 201 209 204 205 199 192 199 211 214 208 202 191 187 191 180 172 191 198 209 209 204 205 190 197 193 167 172 182 193 202 207 211 211 223 228 229 230 229 233 227 231 230 222 214 218 219 217 229 243 244 236 228 223 218 218 220 236 243 242 242 235 234 232 234 230 229 227 219 206 180 147 156 154 148 182 181 177 136 136
220 223 224 221 213 206 214 213 204 211 209 201 205 205 204 213 213 215 209 200 197 199 199 191 192 186 173 188 197 199 195 201 202 202 195 180 181 190 199 207 211 220 219 224 228 232 235 236 233 235 227 222 223 222 225 231 237 237 244 230 227 225 223 223 224 234 244 237 241 241 241 235 237 231 232 230 227 209 193 170 188 206 182 195 198 200 177 175
224 227 225 222 215 209 213 219 216 213 203 201 206 210 212 219 212 210 203 187 195 204 208 204 198 197 182 167 187 188 202 207 204 205 183 175 186 188 195 202 205 209 215 224 223 227 230 234 239 233 230 228 226 226 229 233 239 244 237 231 232 233 233 244 246 243 240 237 231 236 232 228 229 235 234 232 227 223 208 194 206 220 199 213 218 208 202 183
225 232 223 218 213 213 217 218 211 208 205 204 202 202 225 215 201 187 187 183 183 192 201 213 222 211 201 185 167 168 191 209 214 191 175 176 191 202 201 199 205 205 214 219 221 224 230 233 238 237 235 232 231 226 233 242 245 242 238 237 234 235 244 243 238 234 231 231 230 228 231 227 226 229 225 227 220 212 195 204 220 230 228 226 224 214 208 198
230 232 224 210 213 214 221 218 213 213 211 209 212 212 219 221 205 199 185 186 181 196 194 207 218 217 198 193 188 184 176 202 216 200 178 174 187 198 208 210 225 218 222 227 231 231 235 235 240 238 238 237 233 226 230 246 242 241 241 242 240 240 246 247 233 228 220 221 225 223 227 230 225 226 197 204 210 208 190 184 211 229 235 232 221 208 202 201
230 231 223 214 209 213 221 222 221 217 208 211 230 224 222 215 208 208 216 208 212 216 220 216 223 223 213 206 196 196 195 193 221 181 180 182 204 207 213 218 221 225 217 220 224 225 222 230 234 243 240 244 240 235 234 241 244 244 245 244 246 248 246 242 229 226 222 219 207 204 204 220 213 210 205 203 203 222 214 192 210 226 235 232 218 224 223 218
223 225 223 216 212 207 212 221 224 221 212 209 228 218 209 208 220 223 222 221 217 219 222 215 226 228 222 219 211 199 198 202 217 198 189 204 202 211 213 217 216 211 203 214 213 216 220 215 222 233 235 236 245 245 244 244 248 244 245 245 249 247 241 235 227 222 219 219 212 214 215 214 213 210 211 215 213 230 226 208 219 229 236 237 223 228 229 230
229 227 225 223 215 216 213 217 222 228 222 220 230 213 217 218 225 229 226 222 225 223 230 224 223 234 230 218 222 222 213 223 224 209 212 207 205 203 207 212 213 207 210 210 210 212 215 221 228 227 226 231 234 243 245 248 249 245 244 248 249 243 240 236 229 222 222 219 218 218 216 218 217 218 216 220 230 230 226 205 220 228 232 241 230 233 237 239
233 232 229 224 214 215 219 222 231 229 225 222 231 225 224 226 227 226 228 221 225 227 228 229 220 231 224 221 227 224 218 223 228 228 221 216 209 206 205 214 215 216 219 219 216 222 212 217 220 218 223 223 229 231 237 239 250 248 250 250 250 246 241 241 239 232 226 223 220 222 222 223 222 225 228 234 240 235 216 213 215 221 235 241 241 242 241 243
238 230 225 221 217 219 223 223 225 232 233 234 235 229 231 233 230 231 228 229 226 232 227 232 229 234 229 226 233 225 226 228 232 227 220 227 219 212 208 214 217 222 223 229 225 227 224 219 220 220 218 218 219 223 230 241 248 249 250 250 250 249 248 245 237 229 227 225 224 223 229 234 234 240 242 244 244 240 228 224 227 230 230 227 237 245 247 245
239 234 225 223 220 221 222 228 229 229 228 226 232 235 235 235 236 233 232 232 233 235 232 236 234 235 233 231 236 230 234 237 233 223 223 226 217 214 220 223 219 220 230 232 229 231 227 224 225 225 224 221 218 222 228 241 247 249 250 250 249 250 249 248 241 239 231 228 227 225 231 243 241 244 247 249 248 245 240 236 237 241 240 233 235 239 249 247
235 242 238 233 224 220 219 218 219 224 218 222 224 231 230 234 238 238 236 236 236 234 236 235 240 237 235 235 233 234 235 229 226 227 231 225 222 222 230 225 226 223 232 236 228 233 230 224 227 227 226 225 224 234 237 241 247 250 251 250 250 250 250 250 247 245 232 236 229 233 240 246 245 248 250 250 249 249 249 246 243 247 248 248 247 243 247 249
229 241 241 236 226 219 217 215 213 213 216 215 219 221 223 223 230 235 238 240 238 238 237 236 241 237 239 237 233 237 238 233 230 233 229 224 224 225 234 230 233 225 231 240 228 234 241 232 227 227 227 227 227 229 230 241 246 250 -9999 -9999 249 250 250 250 249 250 250 250 249 249 249 251 251 251 251 250 251 -9999 -9999 -9999 -9999 -9999 -9999 -9999 -9999 252 251 251
227 226 240 234 227 226 223 223 225 224 222 222 221 223 220 222 225 229 233 236 242 240 239 239 239 241 238 235 238 240 238 233 229 237 231 229 228 226 236 235 235 232 240 240 230 239 240 239 228 226 225 226 228 229 230 234 243 -9999 -9999 -9999 -9999 250 250 250 251 -9999 251 251 -9999 -9999 -9999 -9999 -9999 -9999 -9999 -9999 -9999 -9999 -9999 -9999 -9999 -9999 -9999 -9999 -9999 -9999 -9999 -9999
233 233 238 241 239 231 227 228 229 226 227 227 226 225 224 223 221 224 227 234 242 240 240 242 244 243 238 237 243 240 235 233 231 241 235 232 232 229 231 243 236 237 243 237 227 233 241 242 235 228 222 220 221 223 230 234 242 251 -9999 -9999 -9999 -9999 -9999 -9999 -9999 -9999 -9999 -9999 -9999 -9999 -9999 -9999 -9999 -9999 -9999 -9999 -9999 -9999 -9999 -9999 -9999 -9999 -9999 -9999 -9999 -9999 -9999 -9999
238 242 241 243 237 231 234 237 233 233 233 233 231 228 229 225 222 222 223 230 230 233 239 240 241 243 246 241 243 237 235 235 234 242 239 236 234 233 233 240 235 234 244 236 236 240 241 247 237 235 227 224 225 225 225 229 238 251 -9999 -9999 -9999 -9999 -9999 -9999 -9999 -9999 -9999 -9999 -9999 -9999 -9999 -9999 -9999 -9999 -9999 -9999 -9999 -9999 -9999 -9999 -9999 -9999 -9999 -9999 -9999 -9999 -9999 -9999
241 243 245 246 244 240 240 238 238 237 239 238 232 232 230 226 225 223 224 223 224 228 231 234 239 245 244 244 246 240 237 240 238 238 244 240 237 238 238 244 243 238 242 244 242 245 246 248 249 240 234 234 233 226 227 229 231 244 -9999 -9999 -9999 -9999 -9999 -9999 -9999 -9999 -9999 -9999 -9999 -9999 -9999 -9999 -9999 -9999 -9999 -9999 -9999 -9999 -9999 -9999 -9999 -9999 -9999 -9999 -9999 -9999 -9999 -9999
246 246 247 248 243 243 242 240 240 237 241 237 236 237 232 227 230 227 228 224 224 227 228 231 233 238 242 243 246 245 244 245 246 245 247 241 239 242 241 248 244 241 246 250 248 250 250 -9999 251 250 244 247 245 238 233 233 233 237 250 -9999 -9999 -9999 -9999 -9999 -9999 -9999 -9999 -9999 -9999 -9999 -9999 -9999 -9999 -9999 -9999 -9999 -9999 -9999 -9999 -9999 -9999 -9999 -9999 -9999 -9999 -9999 -9999 -9999
-9999 -9999 -9999 -9999 245 247 247 245 243 241 240 241 237 238 236 235 234 232 229 230 228 227 231 229 231 234 234 237 243 241 248 248 249 249 -9999 248 249 248 247 250 250 250 -9999 -9999 -9999 -9999 -9999 -9999 -9999 -9999 -9999 -9999 249 251 248 244 245 243 249 -9999 -9999 -9999 -9999 -9999 -9999 -9999 -9999 -9999 -9999 -9999 -9999 -9999 -9999 -9999 -9999 -9999 -9999 -9999 -9999 -9999 -9999 -9999 -9999 -9999 -9999 -9999 -9999 -9999
-9999 -9999 -9999 -9999 -9999 -9999 -9999 247 247 247 247 247 243 240 238 243 241 239 235 237 235 235 236 231 233 233 232 235 242 242 241 242 246 -9999 -9999 -9999 -9999 -9999 -9999 -9999 -9999 -9999 -9999 -9999 -9999 -9999 -9999 -9999 -9999 -9999 -9999 -9999 -9999 -9999 -9999 -9999 251 251 -9999 -9999 -9999 -9999 -9999 -9999 -9999 -9999 -9999 -9999 -9999 -9999 -9999 -9999 -9999 -9999 -9999 -9999 -9999 -9999 -9999 -9999 -9999 -9999 -9999 -9999 -9999 -9999 -9999 -9999
-9999 -9999 -9999 -9999 -9999 -9999 -9999 -9999 -9999 -9999 -9999 -9999 -9999 248 247 245 244 244 241 238 241 241 242 236 237 237 233 237 240 247 246 248 247 250 -9999 -9999 -9999 -9999 -9999 -9999 -9999 -9999 -9999 -9999 -9999 -9999 -9999 -9999 -9999 -9999 -9999 -9999 -9999 -9999 -9999 -9999 -9999 -9999 -9999 -9999 -9999 -9999 -9999 -9999 -9999 -9999 -9999 -9999 -9999 -9999 -9999 -9999 -9999 -9999 -9999 -9999 -9999 -9999 -9999 -9999 -9999 -9999 -9999 -9999 -9999 -9999 -9999 -9999
