test/testdata/Hispaniola_WorldClim/snv_1.asc
ncols         743
nrows         319
xllcorner     -74.500956448335
yllcorner     17.448920549066
cellsize      0.0083333333333333
NODATA_value  -9999
[rows 117 to 155 of 319, columns 352 to 439 of 743]
227 243 246 245 244 239 226 221 207 189 196 185 186 180 172 169 169 175 195 206 195 183 163 171 174 166 159 153 167 182 188 189 188 198 186 176 172 166 170 170 166 169 164 164 152 142 139 134 118 104 101 113 114 127 127 135 138 141 155 168 175 180 179 187 177 190 176 163 149 142 141 141 151 159 163 165 174 176 172 158 178 187 195 187 180 180 167 165
224 207 223 227 234 241 236 227 212 194 187 175 182 183 175 166 174 176 182 188 183 167 163 164 171 164 158 156 168 188 185 203 197 193 180 162 161 149 161 164 154 155 153 157 155 153 153 142 118 105 108 97 93 105 109 108 124 143 158 164 161 167 167 179 187 180 184 180 166 152 155 151 140 142 146 152 157 153 153 167 174 184 178 179 178 178 166 156
218 204 205 209 217 223 226 218 210 200 203 196 192 195 192 180 186 173 173 171 165 170 170 158 164 160 161 168 175 177 178 205 204 181 171 152 147 144 146 158 149 145 147 154 150 147 149 145 136 121 119 109 97 116 120 123 129 143 155 145 131 144 164 178 180 159 175 177 175 169 166 157 153 151 135 140 145 146 156 167 176 165 161 168 170 170 169 156
230 225 223 224 214 212 217 224 218 212 207 202 203 202 200 193 196 194 189 177 173 178 169 161 158 158 166 163 165 164 172 190 197 194 177 172 161 169 147 133 130 144 149 151 145 141 137 143 141 136 128 120 110 119 126 132 136 147 141 135 132 142 153 172 171 159 163 165 172 154 143 140 136 140 138 124 140 142 149 146 160 156 143 153 159 160 158 168
233 231 231 231 223 235 227 230 224 208 200 207 212 209 208 201 197 203 209 190 199 192 193 170 163 165 176 183 162 175 180 190 204 196 199 179 175 173 161 155 138 127 142 144 138 134 126 130 130 131 124 113 102 117 123 128 133 141 123 124 146 160 166 173 167 158 146 154 165 166 149 137 124 123 126 123 128 133 138 139 141 140 139 145 147 156 152 166
241 242 239 239 233 228 225 216 204 197 199 205 213 207 198 191 197 201 202 207 213 214 204 197 201 173 175 194 180 167 178 189 207 204 192 189 183 165 148 143 124 128 136 140 133 129 123 120 118 110 114 94 95 110 119 122 132 129 112 116 134 150 154 162 162 159 150 140 153 152 151 141 130 126 133 143 142 144 152 150 144 142 143 157 165 170 172 172
245 220 227 223 212 201 213 193 179 171 175 198 203 174 173 162 169 182 191 185 188 196 201 212 210 188 182 199 174 164 176 187 205 211 201 187 172 157 139 126 122 129 131 132 139 136 132 126 118 117 109 98 96 107 110 122 128 118 109 114 131 143 147 144 154 162 159 145 140 139 140 139 125 125 133 146 156 160 166 171 177 157 162 162 175 175 185 200
206 230 214 197 188 179 197 192 179 178 194 206 204 178 189 162 157 175 190 170 166 178 181 197 221 216 204 204 172 170 179 189 193 209 215 200 179 154 146 143 147 146 137 128 138 140 136 127 127 126 120 113 103 94 105 116 115 114 104 120 132 134 139 142 138 140 153 153 136 115 121 128 126 122 131 147 149 153 160 161 169 178 179 180 181 187 192 197
224 227 216 211 205 192 185 192 196 205 206 219 211 208 213 184 175 183 190 189 161 159 155 189 190 207 219 211 191 173 181 190 206 217 205 190 171 170 159 158 158 157 145 131 138 137 129 131 135 132 125 118 110 100 106 103 102 103 111 115 117 121 127 143 141 131 132 148 135 123 103 102 108 116 127 140 140 141 144 151 166 168 178 183 184 188 186 190
231 234 217 224 218 212 216 211 211 223 225 221 210 202 192 189 200 201 200 194 185 181 178 161 171 184 198 217 218 214 189 201 225 224 190 179 181 179 161 165 167 156 141 133 143 150 138 138 140 131 126 124 116 105 108 109 105 111 110 108 102 105 124 136 138 120 105 120 129 123 97 83 91 94 116 129 132 134 145 156 166 175 180 185 184 173 174 180
243 242 240 240 226 233 230 222 224 234 227 225 214 204 182 172 188 202 202 200 199 185 182 176 154 163 170 178 198 216 229 227 218 213 204 203 194 189 179 175 167 155 151 146 138 151 153 143 136 126 126 131 120 113 114 115 117 118 120 120 115 98 112 130 133 119 105 102 118 117 103 85 76 80 105 112 125 122 140 158 168 171 164 172 179 170 168 174
245 245 244 242 242 237 234 228 231 237 228 215 200 186 166 157 162 174 197 203 188 173 162 156 149 155 159 168 174 190 206 227 216 202 181 190 175 177 171 165 158 153 162 159 151 160 157 146 138 131 137 141 128 116 115 119 120 126 128 126 119 113 106 126 120 107 91 82 84 97 99 100 95 84 90 88 104 123 132 152 163 169 163 162 171 172 161 162
246 246 245 244 242 243 238 233 225 234 226 212 190 171 167 153 156 160 181 202 188 198 187 174 163 161 159 168 181 177 189 211 225 220 203 182 179 170 172 163 181 173 161 167 159 164 154 144 141 132 138 145 134 122 112 117 124 127 131 128 120 104 93 105 106 93 78 72 71 84 102 108 110 112 106 95 93 110 123 145 156 160 155 154 171 173 158 157
247 246 247 246 241 245 242 240 235 240 245 222 207 199 197 187 185 182 188 209 189 212 207 199 181 172 175 182 185 175 174 206 233 220 200 201 185 186 181 193 190 189 183 170 163 165 154 132 127 139 147 149 146 129 116 118 124 129 132 132 123 112 98 100 98 105 102 86 71 83 96 112 112 126 114 112 112 119 131 140 143 146 146 151 161 162 153 152
248 248 247 244 248 248 245 244 242 243 243 239 226 225 228 227 218 212 213 227 178 184 194 196 191 192 195 174 187 199 192 205 225 234 220 213 204 197 205 191 177 164 169 174 171 168 161 152 142 145 153 152 145 136 132 116 122 127 135 134 126 123 111 105 113 117 112 92 85 101 109 117 111 129 119 123 128 133 147 131 127 142 145 153 151 153 148 145
247 247 248 249 248 248 246 246 245 246 245 243 233 235 237 232 226 223 229 228 208 197 193 200 204 204 216 213 212 210 214 216 231 234 224 229 217 216 172 177 166 155 162 163 158 155 152 153 145 148 152 155 149 136 134 121 124 131 133 138 135 128 114 120 124 129 109 101 88 100 119 130 131 139 132 138 146 148 143 125 117 128 137 138 146 149 147 149
249 248 248 250 249 248 248 248 247 247 246 243 237 239 241 239 237 238 237 229 218 211 206 210 191 184 192 200 214 208 209 225 235 231 223 205 194 185 171 161 164 153 151 150 148 144 132 143 147 154 157 154 147 146 142 124 123 126 135 143 141 133 123 115 126 137 132 118 104 92 109 112 121 140 153 154 159 158 149 133 117 110 127 138 142 149 153 154
250 251 250 250 250 249 249 248 246 237 235 242 243 243 242 241 241 241 230 227 226 228 221 221 185 192 195 202 213 223 214 207 231 232 222 221 196 174 151 162 156 147 150 152 143 138 127 133 151 156 162 147 129 132 132 123 122 129 137 142 141 136 134 123 131 146 139 127 110 96 100 104 118 124 141 152 162 156 152 146 118 114 129 139 144 144 148 155
251 251 251 251 250 250 250 249 243 241 241 238 245 244 245 243 244 241 238 227 234 230 233 217 218 218 223 224 218 228 215 215 235 238 231 222 200 182 170 181 171 170 161 163 159 150 139 125 135 141 155 153 133 132 125 106 112 127 125 126 151 159 147 148 155 155 148 123 115 117 130 135 135 149 156 164 163 157 144 137 124 118 132 122 132 147 156 144
252 252 252 251 250 250 250 250 248 248 237 245 246 246 245 245 245 245 243 241 240 242 236 227 217 215 222 228 236 233 225 228 225 239 232 231 212 204 184 191 196 182 164 174 179 170 155 130 115 136 148 166 154 138 129 113 112 117 109 124 145 161 160 159 159 168 156 136 113 126 146 158 164 170 159 142 156 154 146 135 117 114 115 117 139 157 171 151
252 252 252 252 251 251 251 250 249 249 248 247 247 247 247 247 247 246 245 245 243 243 239 231 229 232 228 232 235 237 236 236 237 240 238 237 224 207 215 208 212 212 175 181 192 175 160 139 120 140 141 165 175 157 138 137 131 115 111 129 147 158 172 174 181 181 167 141 118 124 138 165 172 158 149 135 138 142 136 122 120 118 130 135 144 159 174 166
253 253 252 252 252 252 251 251 250 249 248 246 247 248 248 248 247 246 245 244 243 243 242 233 226 232 232 237 238 238 238 240 240 241 239 236 234 228 228 231 223 207 201 198 189 175 168 151 145 141 144 158 181 165 160 159 141 120 129 147 149 158 168 175 198 184 180 145 131 135 146 161 177 154 139 133 134 139 142 138 138 133 144 158 152 162 168 179
254 253 252 252 252 252 252 251 251 250 250 249 249 249 248 249 248 247 246 242 241 240 236 229 227 229 234 235 234 234 238 239 241 242 240 239 239 238 237 207 217 215 202 207 195 186 174 157 167 168 156 160 180 192 177 160 141 123 125 145 167 169 160 170 183 199 182 159 143 154 169 181 167 152 152 144 141 143 152 152 155 150 154 161 170 173 171 176
254 253 253 253 252 252 253 252 252 251 251 250 250 249 250 249 249 248 245 244 243 234 234 230 229 228 232 234 235 235 236 235 235 242 242 241 240 238 229 214 202 189 192 193 196 191 179 162 169 180 191 177 175 200 192 166 143 142 125 139 167 176 169 172 176 199 206 180 182 163 171 185 174 163 155 152 145 143 148 158 162 169 174 178 184 182 181 185
254 254 253 253 253 252 253 253 252 252 251 251 250 250 250 250 249 248 246 246 239 235 232 231 229 230 234 237 238 235 234 233 233 235 243 242 242 239 236 227 212 201 198 191 187 186 180 165 164 179 198 200 196 204 202 180 173 161 139 132 158 183 187 174 189 205 215 198 202 194 191 182 163 145 137 137 133 129 142 154 153 155 170 173 179 184 193 196
254 254 254 254 254 253 253 253 252 252 252 252 251 250 250 249 249 248 246 243 238 237 226 229 230 234 236 240 238 232 232 229 232 241 242 244 243 241 241 234 220 210 215 198 191 200 199 191 172 171 188 204 214 216 205 193 179 169 157 155 166 181 198 183 173 194 213 209 188 185 176 162 151 138 139 145 139 133 150 167 175 183 165 173 174 174 185 197
254 254 254 254 254 253 253 253 253 252 252 251 251 251 249 248 247 246 244 244 239 236 235 233 234 239 238 241 237 233 234 235 237 238 239 244 244 243 242 240 223 229 226 211 196 209 209 208 192 181 185 193 209 219 201 188 175 168 164 181 185 198 208 199 187 208 222 194 186 164 160 154 133 137 155 160 147 142 151 157 165 179 187 186 186 178 188 197
253 254 253 254 254 253 254 254 253 252 253 252 252 252 251 250 250 247 246 243 240 238 236 237 234 241 241 241 237 233 235 239 238 238 241 241 245 244 243 242 235 222 217 223 210 210 219 212 197 196 190 206 217 219 191 181 173 170 166 170 167 183 199 209 219 224 198 191 173 158 145 147 156 158 168 171 161 154 156 157 162 172 185 195 193 189 196 202
253 253 253 253 253 253 253 253 253 253 252 252 252 252 251 250 248 248 246 244 241 240 237 239 239 243 244 240 234 230 240 240 240 239 242 243 245 245 244 243 234 229 220 228 223 221 225 227 205 200 205 210 220 224 214 193 182 170 178 184 182 181 199 215 223 215 196 191 171 169 159 150 162 177 181 186 177 167 171 164 164 179 182 193 196 205 208 208
253 253 253 253 252 252 252 252 252 252 252 252 251 251 251 250 249 249 249 245 246 240 240 241 244 243 244 244 230 236 242 243 241 242 243 245 246 245 245 244 239 233 225 230 230 230 226 219 210 217 202 203 203 224 233 208 204 199 194 190 193 171 173 200 219 223 209 202 190 185 175 165 167 174 181 195 193 184 179 174 173 183 189 192 202 209 196 178
252 252 252 253 253 252 252 252 251 251 251 251 251 250 251 250 250 249 249 249 245 242 241 243 244 245 246 245 240 239 244 244 243 243 243 244 245 246 246 246 241 242 238 228 234 227 223 220 223 209 213 216 211 213 230 215 217 211 193 197 203 190 179 190 209 221 222 214 206 198 180 183 183 177 186 197 204 184 180 167 170 186 190 198 201 202 190 169
251 252 251 252 252 252 251 250 250 250 250 250 250 250 250 250 249 249 249 248 245 244 245 244 246 246 247 247 245 246 245 246 245 245 245 245 245 247 247 246 246 244 239 236 239 226 230 222 217 217 225 218 216 215 233 234 229 218 210 205 221 200 190 190 205 226 213 203 200 195 182 190 195 202 201 214 203 198 187 163 166 169 178 190 217 211 193 177
250 250 249 250 250 251 251 250 248 248 248 248 249 248 249 249 249 248 248 248 246 246 246 247 247 247 246 248 248 247 246 247 247 246 246 247 247 247 247 246 247 247 244 244 243 238 235 226 219 223 231 223 224 229 230 236 228 222 224 222 223 214 207 212 224 233 211 197 185 185 184 184 198 201 213 222 201 182 189 184 171 173 178 192 208 214 190 169
250 250 249 248 250 250 251 249 249 247 247 247 247 247 248 248 248 247 247 247 246 246 247 247 248 248 248 249 248 249 248 247 248 247 247 248 248 248 247 247 247 247 246 246 245 244 238 226 232 240 233 232 233 232 235 235 229 229 228 226 224 221 223 231 234 222 211 204 194 205 193 195 192 185 214 222 202 202 196 184 178 173 185 210 214 187 171 160
251 250 248 249 249 249 249 249 247 246 245 246 246 245 246 246 246 246 246 246 246 246 247 247 247 247 248 249 248 249 249 249 248 248 248 248 248 248 248 248 248 247 247 246 245 245 244 234 238 241 243 242 241 238 240 236 234 234 236 232 228 221 229 240 230 210 198 205 211 215 207 203 199 194 206 221 225 211 205 196 187 185 184 205 207 188 163 137
250 249 248 247 248 247 248 247 247 246 244 243 244 244 244 243 245 245 245 245 245 245 246 246 247 247 247 248 248 249 248 249 249 249 249 248 248 249 249 248 248 248 247 247 247 246 245 244 242 245 245 245 244 240 240 237 238 237 236 230 225 227 228 239 237 221 215 205 220 220 219 218 206 210 203 206 226 220 218 211 223 217 216 219 211 181 144 142
249 249 245 244 247 246 245 246 245 243 244 242 242 242 242 241 242 243 243 243 244 244 245 245 246 247 247 247 248 249 249 249 249 249 249 249 249 249 249 248 249 249 249 248 248 247 247 247 244 245 245 245 243 244 241 239 240 237 236 231 231 233 235 242 225 220 229 210 211 225 228 221 231 216 219 225 228 227 226 223 225 217 213 208 189 161 159 167
247 248 246 241 242 245 244 243 242 240 240 239 240 239 240 241 241 239 239 240 242 243 243 244 244 245 246 246 247 247 249 249 249 249 249 249 249 249 249 249 249 249 248 248 248 249 247 247 246 246 247 246 240 246 244 244 241 238 236 231 235 236 239 242 223 225 229 223 215 222 232 238 232 233 211 228 226 220 216 222 222 213 199 185 181 161 173 177
243 244 242 240 242 244 240 236 234 231 232 230 230 233 237 238 235 236 237 237 238 240 241 241 243 244 244 245 246 248 248 248 249 249 250 250 249 249 249 250 249 249 249 249 248 249 249 249 248 247 247 245 244 244 247 233 218 229 235 236 241 241 244 235 228 231 233 234 229 224 237 240 242 238 235 224 214 208 208 209 207 215 220 202 187 199 188 168
