test/testdata/Hispaniola_WorldClim/snv_5.asc
ncols         743
nrows         319
xllcorner     -74.500956448335
yllcorner     17.448920549066
cellsize      0.0083333333333333
NODATA_value  -9999
[rows 195 to 233 of 319, columns 0 to 87 of 743]
-9999 -9999 -9999 -9999 -9999 -9999 316 317 312 312 312 307 303 300 305 302 302 307 312 308 308 308 305 302 306 310 308 302 287 275 283 289 281 272 280 280 279 271 271 267 284 293 306 305 293 269 261 276 287 282 287 288 284 288 294 303 301 292 291 291 293 289 289 292 290 288 291 290 292 288 287 290 294 296 296 293 300 301 299 297 296 297 299 301 297 293 294 299
-9999 -9999 -9999 -9999 -9999 319 318 314 312 311 311 309 306 297 297 297 301 305 301 309 301 301 298 295 298 305 308 306 296 287 277 272 269 274 280 280 283 289 295 307 298 306 302 296 293 277 268 280 271 277 272 272 277 278 293 306 287 286 281 285 285 285 285 284 282 288 293 293 294 289 285 293 293 301 301 301 299 297 294 295 292 293 297 298 297 298 299 301
-9999 -9999 -9999 -9999 -9999 318 315 311 310 309 311 302 299 304 293 294 291 298 299 301 312 304 303 297 305 308 304 295 289 273 262 253 271 269 272 294 301 305 302 298 298 303 294 279 284 273 267 279 277 270 263 250 262 281 298 293 273 276 280 286 274 278 278 281 277 283 283 288 287 291 294 296 299 300 301 301 301 301 301 296 294 293 297 298 296 295 299 301
-9999 -9999 -9999 -9999 319 317 309 310 308 305 305 305 302 298 301 298 298 302 310 305 304 299 298 296 303 310 302 294 277 271 261 261 270 285 294 295 300 298 295 288 284 302 292 269 267 262 260 263 276 259 250 247 269 286 298 303 280 287 288 285 277 267 265 266 269 278 275 279 286 292 289 291 298 297 297 300 300 297 295 293 291 289 287 284 286 284 286 282
-9999 -9999 -9999 -9999 318 315 310 314 310 307 297 297 302 295 302 305 299 305 308 304 298 292 300 305 307 308 304 289 273 261 254 263 275 292 300 300 298 292 296 292 286 293 298 286 264 256 254 254 272 260 261 274 289 294 295 289 288 289 284 286 287 278 273 279 280 286 285 289 291 289 287 291 288 296 294 296 296 296 294 286 285 280 292 285 280 278 277 276
-9999 -9999 -9999 319 316 316 315 313 308 302 300 306 303 296 298 304 307 310 311 298 300 300 293 290 289 304 305 293 287 288 264 271 278 280 293 297 288 283 284 290 286 282 298 292 273 250 240 238 248 269 273 275 281 273 280 278 277 282 283 290 284 284 285 283 283 276 279 278 282 280 279 283 286 292 287 283 288 298 294 292 292 289 268 267 267 264 261 284
-9999 -9999 -9999 316 312 310 310 314 307 306 306 306 305 304 301 299 305 302 296 294 293 288 288 280 285 297 304 294 297 286 275 266 270 284 293 295 294 279 275 280 282 262 274 285 277 253 238 245 255 255 252 246 269 282 293 270 264 266 264 263 280 268 259 274 279 278 272 265 267 273 276 283 283 278 276 277 276 279 277 275 280 275 261 262 264 261 260 265
-9999 -9999 -9999 317 310 313 316 317 312 304 308 308 309 305 306 307 309 305 304 305 301 300 297 289 280 282 304 298 302 292 276 275 271 288 280 286 293 284 266 270 264 257 263 281 272 255 238 234 237 243 230 239 255 270 294 277 250 274 269 272 252 258 257 257 263 265 263 266 262 265 272 280 273 278 278 282 273 272 277 275 276 268 260 262 262 256 253 256
-9999 -9999 -9999 -9999 318 318 318 316 312 305 308 308 303 297 300 303 308 308 310 308 306 303 302 297 288 296 304 307 303 300 297 288 278 274 270 281 294 283 282 282 274 259 239 269 267 260 247 223 229 247 257 255 271 273 282 285 286 285 284 266 258 252 252 251 246 256 257 258 262 266 273 279 280 280 281 282 283 269 270 265 259 261 264 263 273 273 257 265
-9999 -9999 -9999 -9999 -9999 318 319 316 307 300 305 309 304 298 296 301 305 303 300 305 297 299 295 294 295 297 304 302 293 295 295 298 294 284 277 291 293 290 281 280 274 259 244 251 243 240 234 216 214 236 256 266 278 272 273 265 260 268 269 271 259 242 248 245 245 249 251 256 258 262 271 278 273 275 279 278 272 280 264 284 272 274 289 289 291 286 264 268
-9999 -9999 -9999 -9999 -9999 -9999 319 317 303 304 305 308 302 306 297 292 290 296 295 297 301 294 292 278 291 300 301 293 283 273 276 273 275 268 280 282 282 279 262 246 262 248 250 246 229 213 215 219 221 236 254 264 269 243 240 235 237 232 235 250 250 235 244 244 246 250 252 257 263 266 276 276 276 281 283 280 282 273 285 279 275 281 282 301 300 285 285 270
-9999 -9999 -9999 -9999 -9999 -9999 317 301 301 302 304 300 307 301 305 302 294 290 282 292 297 284 285 281 278 293 300 300 285 274 267 266 263 274 283 259 273 271 256 242 239 249 265 251 232 232 220 218 220 219 254 249 238 224 205 201 192 204 218 215 215 219 237 248 250 251 252 261 263 266 269 273 276 280 284 286 286 282 294 293 297 286 284 304 305 293 301 289
-9999 -9999 -9999 -9999 -9999 -9999 311 306 296 301 303 297 292 289 296 297 299 284 279 284 295 293 283 269 267 287 295 298 295 289 279 271 269 270 271 260 260 270 266 266 267 254 268 274 262 248 223 226 215 239 253 249 238 233 224 215 198 202 213 220 240 252 244 243 252 260 273 276 261 263 270 277 276 280 283 297 291 295 305 301 296 302 299 303 316 311 306 310
-9999 -9999 -9999 -9999 -9999 -9999 319 315 311 297 297 298 286 280 289 288 293 291 281 277 291 284 273 261 265 279 289 283 284 285 275 282 281 278 290 279 273 286 286 276 282 278 289 276 257 266 262 259 268 257 253 244 243 238 230 228 213 234 244 248 263 276 271 274 275 281 285 284 274 276 280 282 277 284 295 306 306 307 312 306 304 300 307 309 313 318 319 315
-9999 -9999 -9999 -9999 -9999 -9999 315 309 303 294 287 292 287 269 272 274 273 276 274 274 275 278 271 273 277 271 273 268 270 270 272 282 294 286 293 286 288 298 293 294 296 293 300 292 283 284 279 284 281 280 268 244 236 227 216 208 201 212 227 239 245 243 248 261 270 267 264 282 294 290 293 295 298 299 306 302 303 308 308 312 312 315 313 319 320 322 322 321
-9999 -9999 -9999 -9999 -9999 -9999 313 307 299 284 292 283 279 276 282 281 294 282 292 291 290 295 297 292 288 285 282 284 285 288 292 298 299 299 301 301 302 301 301 305 304 303 307 302 302 301 296 299 296 289 274 261 262 257 240 237 218 205 210 217 217 217 220 227 233 234 235 248 267 264 272 286 283 289 309 304 305 308 311 313 314 319 317 318 321 323 323 323
-9999 -9999 -9999 -9999 -9999 -9999 -9999 319 306 313 305 301 301 300 302 301 302 302 310 306 306 308 308 299 312 310 306 299 297 294 289 294 298 304 302 301 308 302 301 299 292 288 303 311 300 295 293 291 289 282 276 274 287 276 271 240 232 238 235 234 223 235 240 220 219 237 238 244 247 256 281 286 294 300 303 308 307 309 311 313 314 315 315 318 322 321 323 322
-9999 -9999 -9999 -9999 -9999 -9999 -9999 -9999 -9999 -9999 320 319 319 313 315 314 314 317 314 314 316 315 315 314 311 301 295 295 287 290 297 308 317 312 308 307 317 312 307 303 299 302 314 291 280 283 287 283 286 292 290 292 289 285 266 246 248 249 253 255 253 254 262 246 254 250 261 256 265 277 288 297 303 308 309 310 308 310 311 312 312 314 316 318 319 319 318 320
-9999 -9999 -9999 -9999 -9999 -9999 -9999 -9999 -9999 -9999 -9999 -9999 319 316 319 314 314 312 311 311 308 311 309 313 308 299 288 294 297 304 308 317 315 311 311 318 318 318 317 315 314 313 307 307 296 294 299 288 290 304 300 299 292 287 280 261 253 256 259 270 264 263 273 273 270 280 282 280 272 275 287 298 306 307 311 312 311 312 313 314 314 313 311 312 312 313 313 313
-9999 -9999 -9999 -9999 -9999 -9999 -9999 -9999 -9999 -9999 -9999 -9999 312 312 309 312 309 310 309 306 303 306 310 309 308 309 309 312 310 314 320 318 311 309 317 319 318 317 315 311 307 306 300 297 288 297 304 303 303 305 297 294 285 287 284 274 255 260 267 270 279 280 278 285 281 288 294 294 294 296 296 297 307 309 312 314 309 311 311 311 309 312 312 312 313 310 316 315
-9999 -9999 -9999 -9999 -9999 -9999 -9999 -9999 -9999 -9999 -9999 -9999 -9999 -9999 316 318 315 316 312 311 310 306 314 318 315 317 316 315 318 320 320 317 320 318 320 320 320 313 304 302 294 283 283 289 285 299 306 311 310 307 300 297 292 289 289 284 284 277 267 270 277 286 285 287 288 292 295 296 302 303 305 305 305 310 311 314 314 313 317 310 317 316 316 317 322 318 322 320
-9999 -9999 -9999 -9999 -9999 -9999 -9999 -9999 -9999 -9999 -9999 -9999 -9999 -9999 -9999 319 319 317 313 319 316 317 318 319 318 320 320 -9999 -9999 -9999 -9999 -9999 -9999 -9999 320 321 321 307 303 300 294 295 292 295 299 308 311 313 309 306 300 292 291 298 294 289 289 281 273 272 274 282 290 292 295 298 299 297 298 305 307 310 309 308 314 311 315 316 316 315 318 320 321 321 323 323 323 323
-9999 -9999 -9999 -9999 -9999 -9999 -9999 -9999 -9999 -9999 -9999 -9999 -9999 -9999 -9999 -9999 320 320 320 320 320 320 320 320 320 -9999 -9999 -9999 -9999 -9999 -9999 -9999 -9999 -9999 -9999 -9999 -9999 322 316 311 312 313 308 314 315 316 312 314 313 300 304 306 312 301 307 300 292 290 286 274 277 283 288 296 299 298 297 299 303 303 312 310 312 313 314 316 316 316 317 319 320 320 321 321 322 321 324 324
-9999 -9999 -9999 -9999 -9999 -9999 -9999 -9999 -9999 -9999 -9999 -9999 -9999 -9999 -9999 -9999 -9999 -9999 -9999 -9999 320 320 320 320 -9999 -9999 -9999 -9999 -9999 -9999 -9999 -9999 -9999 -9999 -9999 -9999 -9999 -9999 322 319 321 320 317 315 317 316 310 313 313 304 307 316 314 311 309 306 302 301 297 289 277 281 285 289 296 303 295 298 311 313 313 319 318 314 315 316 317 317 317 318 319 320 321 322 322 323 324 325
-9999 -9999 -9999 -9999 -9999 -9999 -9999 -9999 -9999 -9999 -9999 -9999 -9999 -9999 -9999 -9999 -9999 -9999 -9999 -9999 -9999 -9999 -9999 -9999 -9999 -9999 -9999 -9999 -9999 -9999 -9999 -9999 -9999 -9999 -9999 -9999 -9999 -9999 -9999 -9999 322 321 316 315 320 313 312 311 314 308 315 317 301 301 303 303 306 300 290 288 280 281 282 287 289 305 298 302 311 318 319 320 319 316 316 317 318 318 318 319 320 321 322 321 323 324 324 325
-9999 -9999 -9999 -9999 -9999 -9999 -9999 -9999 -9999 -9999 -9999 -9999 -9999 -9999 -9999 -9999 -9999 -9999 -9999 -9999 -9999 -9999 -9999 -9999 -9999 -9999 -9999 -9999 -9999 -9999 -9999 -9999 -9999 -9999 -9999 -9999 -9999 -9999 -9999 -9999 -9999 322 322 322 318 314 314 310 321 319 320 311 295 287 285 287 290 297 296 284 279 288 286 287 292 309 315 302 311 313 320 320 320 318 317 318 318 319 319 320 321 321 323 322 323 324 325 325
-9999 -9999 -9999 -9999 -9999 -9999 -9999 -9999 -9999 -9999 -9999 -9999 -9999 -9999 -9999 -9999 -9999 -9999 -9999 -9999 -9999 -9999 -9999 -9999 -9999 -9999 -9999 -9999 -9999 -9999 -9999 -9999 -9999 -9999 -9999 -9999 -9999 -9999 -9999 -9999 -9999 -9999 -9999 -9999 323 320 319 317 322 317 314 305 299 281 304 288 277 287 282 279 288 295 301 303 300 307 312 316 307 310 316 320 320 319 319 319 319 319 320 321 322 321 323 324 323 325 325 326
-9999 -9999 -9999 -9999 -9999 -9999 -9999 -9999 -9999 -9999 -9999 -9999 -9999 -9999 -9999 -9999 -9999 -9999 -9999 -9999 -9999 -9999 -9999 -9999 -9999 -9999 -9999 -9999 -9999 -9999 -9999 -9999 -9999 -9999 -9999 -9999 -9999 -9999 -9999 -9999 -9999 -9999 -9999 -9999 -9999 -9999 -9999 323 322 316 311 314 307 309 307 299 284 267 280 288 291 289 298 309 315 310 312 310 315 314 316 315 317 320 320 320 320 320 321 322 321 322 324 324 325 325 326 326
-9999 -9999 -9999 -9999 -9999 -9999 -9999 -9999 -9999 -9999 -9999 -9999 -9999 -9999 -9999 -9999 -9999 -9999 -9999 -9999 -9999 -9999 -9999 -9999 -9999 -9999 -9999 -9999 -9999 -9999 -9999 -9999 -9999 -9999 -9999 -9999 -9999 -9999 -9999 -9999 -9999 -9999 -9999 -9999 -9999 -9999 -9999 -9999 -9999 321 318 315 319 318 314 308 293 283 269 287 298 293 289 300 311 315 313 305 305 313 319 320 320 320 320 321 321 321 321 321 322 324 323 324 325 326 326 327
-9999 -9999 -9999 -9999 -9999 -9999 -9999 -9999 -9999 -9999 -9999 -9999 -9999 -9999 -9999 -9999 -9999 -9999 -9999 -9999 -9999 -9999 -9999 -9999 -9999 -9999 -9999 -9999 -9999 -9999 -9999 -9999 -9999 -9999 -9999 -9999 -9999 -9999 -9999 -9999 -9999 -9999 -9999 -9999 -9999 -9999 -9999 -9999 -9999 -9999 320 323 322 316 318 311 306 305 281 276 286 303 293 287 299 313 319 315 305 309 315 317 321 321 321 322 322 322 322 322 324 323 324 325 325 326 327 327
-9999 -9999 -9999 -9999 -9999 -9999 -9999 -9999 -9999 -9999 -9999 -9999 -9999 -9999 -9999 -9999 -9999 -9999 -9999 -9999 -9999 -9999 -9999 -9999 -9999 -9999 -9999 -9999 -9999 -9999 -9999 -9999 -9999 -9999 -9999 -9999 -9999 -9999 -9999 -9999 -9999 -9999 -9999 -9999 -9999 -9999 -9999 -9999 -9999 -9999 -9999 -9999 323 321 318 317 315 312 301 298 304 311 296 285 290 303 316 320 317 307 314 320 320 322 322 323 323 323 323 323 324 325 325 325 326 327 327 327
-9999 -9999 -9999 -9999 -9999 -9999 -9999 -9999 -9999 -9999 -9999 -9999 -9999 -9999 -9999 -9999 -9999 -9999 -9999 -9999 -9999 -9999 -9999 -9999 -9999 -9999 -9999 -9999 -9999 -9999 -9999 -9999 -9999 -9999 -9999 -9999 -9999 -9999 -9999 -9999 -9999 -9999 -9999 -9999 -9999 -9999 -9999 -9999 -9999 -9999 -9999 -9999 -9999 322 322 323 320 319 313 308 313 317 307 302 298 296 306 321 321 322 318 320 323 322 323 323 323 324 324 324 325 325 325 326 326 327 327 327
-9999 -9999 -9999 -9999 -9999 -9999 -9999 -9999 -9999 -9999 -9999 -9999 -9999 -9999 -9999 -9999 -9999 -9999 -9999 -9999 -9999 -9999 -9999 -9999 -9999 -9999 -9999 -9999 -9999 -9999 -9999 -9999 -9999 -9999 -9999 -9999 -9999 -9999 -9999 -9999 -9999 -9999 -9999 -9999 -9999 -9999 -9999 -9999 -9999 -9999 -9999 -9999 -9999 -9999 324 322 313 314 314 313 315 317 313 309 309 302 303 309 316 323 323 321 324 323 323 323 324 324 325 326 326 326 326 327 327 327 328 328
-9999 -9999 -9999 -9999 -9999 -9999 -9999 -9999 -9999 -9999 -9999 -9999 -9999 -9999 -9999 -9999 -9999 -9999 -9999 -9999 -9999 -9999 -9999 -9999 -9999 -9999 -9999 -9999 -9999 -9999 -9999 -9999 -9999 -9999 -9999 -9999 -9999 -9999 -9999 -9999 -9999 -9999 -9999 -9999 -9999 -9999 -9999 -9999 -9999 -9999 -9999 -9999 -9999 -9999 -9999 325 317 319 313 316 317 316 314 315 312 311 307 312 307 316 323 323 324 324 324 324 324 325 326 326 325 325 327 327 328 328 328 329
-9999 -9999 -9999 -9999 -9999 -9999 -9999 -9999 -9999 -9999 -9999 -9999 -9999 -9999 -9999 -9999 -9999 -9999 -9999 -9999 -9999 -9999 -9999 -9999 -9999 -9999 -9999 -9999 -9999 -9999 -9999 -9999 -9999 -9999 -9999 -9999 -9999 -9999 -9999 -9999 -9999 -9999 -9999 -9999 -9999 -9999 -9999 -9999 -9999 -9999 -9999 -9999 -9999 -9999 -9999 -9999 325 324 322 320 322 314 316 310 307 308 314 313 309 313 314 323 323 324 324 324 325 326 326 327 327 326 326 328 328 328 329 329
-9999 -9999 -9999 -9999 -9999 -9999 -9999 -9999 -9999 -9999 -9999 -9999 -9999 -9999 -9999 -9999 -9999 -9999 -9999 -9999 -9999 -9999 -9999 -9999 -9999 -9999 -9999 -9999 -9999 -9999 -9999 -9999 -9999 -9999 -9999 -9999 -9999 -9999 -9999 -9999 -9999 -9999 -9999 -9999 -9999 -9999 -9999 -9999 -9999 -9999 -9999 -9999 -9999 -9999 -9999 -9999 -9999 -9999 325 324 324 318 322 315 313 310 314 308 311 318 319 324 325 324 324 325 325 325 327 326 326 328 328 328 328 329 329 329
-9999 -9999 -9999 -9999 -9999 -9999 -9999 -9999 -9999 -9999 -9999 -9999 -9999 -9999 -9999 -9999 -9999 -9999 -9999 -9999 -9999 -9999 -9999 -9999 -9999 -9999 -9999 -9999 -9999 -9999 -9999 -9999 -9999 -9999 -9999 -9999 -9999 -9999 -9999 -9999 -9999 -9999 -9999 -9999 -9999 -9999 -9999 -9999 -9999 -9999 -9999 -9999 -9999 -9999 -9999 -9999 -9999 -9999 -9999 325 323 319 322 320 312 314 317 310 311 310 320 323 324 325 325 325 325 327 326 326 328 328 327 328 329 329 329 330
-9999 -9999 -9999 -9999 -9999 -9999 -9999 -9999 -9999 -9999 -9999 -9999 -9999 -9999 -9999 -9999 -9999 -9999 -9999 -9999 -9999 -9999 -9999 -9999 -9999 -9999 -9999 -9999 -9999 -9999 -9999 -9999 -9999 -9999 -9999 -9999 -9999 -9999 -9999 -9999 -9999 -9999 -9999 -9999 -9999 -9999 -9999 -9999 -9999 -9999 -9999 -9999 -9999 -9999 -9999 -9999 -9999 -9999 -9999 -9999 323 322 325 321 318 316 319 317 313 312 314 318 324 325 325 326 326 326 326 327 327 327 329 329 329 329 -9999 -9999
-9999 -9999 -9999 -9999 -9999 -9999 -9999 -9999 -9999 -9999 -9999 -9999 -9999 -9999 -9999 -9999 -9999 -9999 -9999 -9999 -9999 -9999 -9999 -9999 -9999 -9999 -9999 -9999 -9999 -9999 -9999 -9999 -9999 -9999 -9999 -9999 -9999 -9999 -9999 -9999 -9999 -9999 -9999 -9999 -9999 -9999 -9999 -9999 -9999 -9999 -9999 -9999 -9999 -9999 -9999 -9999 -9999 -9999 -9999 -9999 -9999 -9999 326 320 321 317 320 316 313 310 314 317 321 325 326 326 326 326 327 327 327 329 329 328 -9999 -9999 -9999 -9999
