test/testdata/Hispaniola_WorldClim/snv_12.asc
ncols         743
nrows         319
xllcorner     -74.500956448335
yllcorner     17.448920549066
cellsize      0.0083333333333333
NODATA_value  -9999
[rows 185 to 221 of 319, columns 410 to 491 of 743]
1073 1059 1069 1033 985 922 899 879 824 845 878 786 758 778 796 803 814 834 838 821 796 781 783 791 796 798 807 823 885 848 886 976 897 873 907 1030 1096 1129 1146 1130 1140 1161 1165 1129 1201 1334 1217 1178 1179 1165 1165 1139 1151 1129 1096 1174 1201 1217 1203 1218 1224 1232 1235 1246 1249 1250 1210 1108 1029 1001 1019 1054 1177 1263 1315 1316 1313 1316 1332 1333 1357 1289
1047 1018 1104 1073 1056 972 979 922 883 809 832 755 757 786 787 801 816 855 847 835 807 777 775 784 787 783 793 792 812 836 860 873 834 890 1030 1003 921 1063 1102 1079 1024 1102 1090 1066 1198 1230 1241 1239 1203 1193 1179 1167 1188 1178 1080 1104 1201 1218 1191 1197 1213 1223 1226 1206 1210 1224 1189 1104 1010 982 996 1089 1152 1292 1296 1323 1314 1320 1325 1329 1351 1361
929 949 941 1003 1027 997 1020 985 907 830 786 756 757 774 788 818 845 832 823 825 807 781 773 775 776 771 778 778 810 831 894 847 847 894 906 866 866 900 948 933 907 951 971 1099 1123 1151 1242 1294 1264 1258 1213 1208 1254 1187 1144 1068 1157 1114 1107 1218 1215 1160 1125 1124 1103 1190 1201 1135 976 968 992 1072 1138 1242 1305 1317 1317 1323 1339 1338 1347 1339
858 879 852 884 898 887 920 942 914 857 788 770 754 779 789 834 830 818 807 803 804 780 766 783 787 770 770 783 814 844 861 822 863 852 830 822 863 865 845 870 937 1011 1045 1039 1085 1146 1176 1246 1248 1241 1278 1267 1250 1237 1202 1108 1134 1089 1026 1104 1207 1194 1111 1083 1104 1026 1134 1038 950 974 989 1114 1067 1275 1308 1309 1317 1321 1326 1332 1334 1350
792 830 788 797 777 739 740 830 862 840 797 769 758 786 803 834 811 799 784 784 790 771 762 775 773 765 764 781 811 835 810 806 849 816 790 804 862 826 825 876 1011 1055 1126 1147 1177 1155 1102 1194 1170 1178 1185 1220 1215 1219 1180 1116 1056 1105 1087 982 1075 1178 1092 1003 1150 958 939 965 955 976 963 1255 1208 1267 1305 1311 1335 1323 1329 1336 1338 1322
778 771 761 776 742 740 744 746 782 755 757 762 756 796 834 817 800 792 779 774 771 763 759 778 761 757 772 795 826 805 794 774 780 772 768 772 822 832 802 834 900 944 948 1009 1119 1039 1060 1190 1125 1094 1079 1184 1099 1178 1192 1175 1147 1173 1184 954 999 964 960 958 1138 1227 982 936 971 975 1072 1187 1293 1287 1301 1311 1333 1331 1323 1323 1294 1323
770 763 750 764 760 741 768 751 775 759 766 773 779 807 828 817 797 778 772 766 758 762 752 743 756 780 782 812 783 787 787 777 760 756 751 759 766 771 791 830 870 864 983 1075 933 894 1051 1184 1201 1169 1061 983 926 976 1052 1190 1196 1114 1126 1139 1111 1006 941 933 932 1207 1236 1080 966 952 1140 1245 1295 1335 1306 1312 1339 1321 1325 1319 1263 1340
764 761 748 739 747 750 763 780 758 766 769 780 790 836 839 804 786 777 770 758 750 748 743 743 771 789 800 789 780 805 783 784 780 755 740 733 747 767 776 807 814 849 870 940 881 903 1063 1154 1164 1197 1177 1139 948 907 1042 1196 1159 937 964 930 1039 1022 1114 1175 935 944 1018 1104 980 1039 1121 1202 1272 1347 1352 1345 1347 1334 1327 1330 1337 1339
760 756 759 740 752 763 771 779 779 784 785 804 829 848 827 806 803 779 787 775 757 742 741 758 773 782 790 806 767 775 780 764 786 783 733 725 748 753 757 776 795 808 844 883 854 866 925 918 1004 1102 1092 930 937 893 903 941 1122 920 921 928 924 1169 1197 1228 1158 1098 954 939 990 968 959 1076 1241 1295 1331 1419 1392 1418 1355 1375 1367 1350
761 755 749 751 741 760 768 777 785 794 815 824 856 840 833 841 822 825 795 784 769 743 738 754 761 766 763 789 764 765 757 757 760 756 729 727 725 734 748 758 779 785 805 836 851 840 861 867 889 910 878 892 890 890 886 896 910 910 917 925 927 1122 1240 1227 1168 1191 1171 1040 963 982 988 1027 1206 1246 1289 1311 1328 1376 1432 1434 1372 1350
769 735 738 748 757 766 761 773 794 806 809 803 804 800 804 797 790 778 769 760 752 746 737 752 747 755 754 753 767 758 759 742 750 750 719 712 712 723 732 739 756 767 779 792 811 832 852 838 842 846 854 851 851 860 868 876 886 894 909 921 927 999 1205 1240 1237 1208 1117 1094 973 958 963 1069 1066 1183 1237 1320 1371 1387 1421 1463 1404 1353
745 743 749 781 780 777 796 802 809 796 801 805 796 786 788 785 775 768 764 754 753 743 736 740 735 743 748 733 729 726 725 721 726 722 715 709 712 716 724 731 743 748 763 784 791 817 835 832 820 816 818 826 834 845 856 868 877 889 900 914 926 927 1170 1207 1146 1190 1061 947 983 974 965 1008 984 1040 1213 1282 1319 1386 1379 1462 1473 1394
743 771 788 784 834 835 839 847 853 828 815 797 783 783 780 774 766 764 762 755 752 750 738 734 734 735 729 725 724 724 721 722 723 718 715 711 714 717 725 727 731 738 754 763 791 835 852 792 797 800 813 818 828 838 849 859 869 882 894 911 916 926 983 1218 1229 1021 1077 1051 1093 987 976 983 994 1038 1132 1231 1300 1315 1350 1431 1484 1388
751 797 798 820 854 860 847 850 844 826 814 805 809 790 790 778 769 762 759 754 753 746 740 737 734 729 728 726 727 721 720 717 718 718 717 715 717 720 725 727 732 738 745 750 760 765 778 785 793 799 809 817 827 833 846 854 865 875 891 912 1082 1094 930 980 1122 1083 955 953 976 998 1006 989 989 997 1017 1154 1174 1304 1354 1445 1444 1426
808 819 801 822 828 829 832 841 849 835 831 821 815 805 793 786 788 778 769 760 753 750 742 739 736 732 731 728 725 723 721 720 719 720 719 722 722 725 727 730 734 740 745 749 759 769 780 785 795 799 806 815 823 832 841 850 860 868 879 900 931 1089 933 930 978 1179 1096 948 956 961 999 996 987 1000 1079 1272 1248 1320 1332 1371 1433 1422
833 873 853 842 852 860 853 870 875 857 850 838 826 824 810 803 798 786 773 768 758 750 746 745 740 737 732 737 727 727 726 724 723 724 725 725 726 728 732 734 738 742 750 754 762 770 780 786 793 798 805 816 822 833 838 847 856 864 874 888 914 1042 927 933 952 938 966 949 969 964 1001 1004 996 1025 1009 1027 1236 1291 1308 1337 1396 1421
866 892 886 882 886 903 879 884 901 884 879 864 854 846 830 820 811 798 784 787 773 764 752 746 744 741 738 736 733 731 729 730 727 728 727 729 732 734 735 740 745 749 753 759 765 771 782 787 793 -9999 807 815 824 830 838 843 855 860 869 881 900 923 965 931 938 945 955 958 973 972 995 1005 1013 1024 1027 1020 1064 1240 1268 1293 1324 1406
927 931 936 963 969 932 942 932 928 915 895 893 888 862 849 836 818 806 802 794 780 772 763 755 749 748 743 742 740 738 736 735 735 735 737 737 739 741 744 747 749 753 757 762 768 771 781 -9999 -9999 -9999 -9999 -9999 -9999 -9999 -9999 844 852 858 867 875 886 917 936 922 934 945 952 962 968 966 974 999 1008 1020 1029 1033 1030 1110 1153 1243 1334 1322
962 1030 1067 1152 1243 1161 1084 992 972 986 950 931 919 897 865 847 836 836 814 794 784 775 769 761 757 754 750 746 745 745 743 741 743 742 741 744 743 744 749 749 754 757 761 765 772 778 -9999 -9999 -9999 -9999 -9999 -9999 -9999 -9999 -9999 -9999 -9999 -9999 -9999 871 879 896 914 921 921 933 945 955 958 970 976 989 999 1013 1023 1033 1038 1040 1079 1198 1214 1271
987 1147 1204 1191 1212 1198 1074 1078 1042 1042 997 953 972 942 884 862 851 831 816 808 796 782 776 770 763 759 755 752 752 749 747 747 746 747 746 746 749 751 751 755 758 761 762 771 775 -9999 -9999 -9999 -9999 -9999 -9999 -9999 -9999 -9999 -9999 -9999 -9999 -9999 -9999 -9999 877 886 894 906 912 922 934 948 961 970 977 1012 996 1005 1016 1027 1038 1046 1051 1104 1138 1344
1026 1076 1144 1212 1249 1276 1250 1254 1177 1109 1152 1112 1039 959 922 889 866 849 840 820 810 797 788 780 773 766 763 761 758 756 754 754 754 754 754 756 756 756 757 761 762 766 766 771 774 -9999 -9999 -9999 -9999 -9999 -9999 -9999 -9999 -9999 -9999 -9999 -9999 -9999 -9999 -9999 874 883 891 897 907 916 932 951 958 965 975 983 993 997 1010 1019 1032 1039 1047 1134 1272 1241
1124 1190 1238 1294 1321 1336 1332 1315 1274 1251 1257 1262 1187 1130 1015 934 902 895 864 843 816 803 795 786 783 774 770 766 765 763 761 760 759 760 760 760 761 761 764 764 767 797 797 786 797 786 -9999 -9999 -9999 -9999 -9999 -9999 -9999 -9999 -9999 -9999 -9999 -9999 -9999 -9999 -9999 875 888 893 900 918 931 948 962 962 967 971 982 988 1003 1016 1026 1035 1044 1143 1100 1138
1230 1270 1283 1344 1365 1388 1393 1381 1340 1315 1294 1285 1282 1258 1212 1140 981 1008 1003 877 827 807 800 796 791 781 777 774 772 770 769 765 765 764 764 764 765 767 768 769 773 799 857 819 800 -9999 -9999 -9999 -9999 -9999 -9999 -9999 -9999 -9999 -9999 -9999 -9999 -9999 -9999 -9999 -9999 875 879 891 909 939 944 948 955 954 961 966 973 983 997 1010 1023 1032 1047 1053 1065 1117
1208 1254 1288 1322 1355 1368 1327 1366 1364 1372 1338 1340 1304 1320 1306 1237 1119 1046 1011 912 878 842 818 811 798 787 785 781 778 777 776 775 773 773 772 772 773 773 775 776 777 833 854 789 787 -9999 -9999 -9999 -9999 -9999 -9999 -9999 -9999 -9999 -9999 -9999 -9999 -9999 -9999 -9999 -9999 872 878 904 932 981 951 944 945 951 959 957 970 974 987 997 1018 1025 1037 1046 1060 1076
1062 1162 1235 1238 1338 1328 1290 1317 1340 1342 1343 1379 1368 1342 1313 1249 1156 1036 945 910 873 849 830 817 804 795 788 788 785 782 782 781 780 777 777 776 776 779 779 823 821 822 803 788 -9999 -9999 -9999 -9999 -9999 -9999 -9999 -9999 -9999 -9999 -9999 -9999 -9999 -9999 -9999 -9999 -9999 -9999 881 901 1021 963 948 938 939 943 949 952 962 966 977 994 1013 1020 1027 1047 1055 1069
957 1006 1049 1020 1206 1163 1217 1287 1331 1326 1312 1344 1347 1367 1347 1232 1132 1038 964 899 878 852 837 822 810 805 798 796 793 790 787 787 786 785 784 785 786 783 792 787 785 786 789 -9999 -9999 -9999 -9999 -9999 -9999 -9999 -9999 -9999 -9999 -9999 -9999 -9999 -9999 -9999 -9999 -9999 -9999 867 894 925 1058 987 946 928 931 933 941 942 950 958 969 985 1007 1009 1021 1027 1049 1048
920 933 950 972 987 1057 1091 1168 1221 1283 1283 1285 1314 1355 1367 1266 1134 1045 975 916 888 866 853 828 820 811 805 802 799 -9999 796 792 791 -9999 -9999 789 787 -9999 -9999 -9999 -9999 -9999 -9999 -9999 -9999 -9999 -9999 -9999 -9999 -9999 -9999 -9999 -9999 -9999 -9999 -9999 -9999 -9999 -9999 -9999 -9999 865 883 951 1014 961 936 930 924 925 928 936 948 955 961 969 993 1010 1009 1012 1028 1034
916 939 943 939 949 968 964 988 1064 1198 1189 1211 1229 1320 1325 1221 1124 1038 972 936 903 876 854 841 824 817 813 -9999 -9999 -9999 802 801 -9999 -9999 -9999 -9999 -9999 -9999 -9999 -9999 -9999 -9999 -9999 -9999 -9999 -9999 -9999 -9999 -9999 -9999 -9999 -9999 -9999 -9999 -9999 -9999 -9999 -9999 -9999 -9999 -9999 863 893 952 966 942 923 918 915 925 930 930 940 949 955 960 974 997 1006 1002 1010 1020
912 914 945 949 940 945 933 944 970 1099 1043 1109 1239 1281 1297 1285 1162 1066 971 942 908 889 866 848 837 829 821 -9999 -9999 -9999 -9999 -9999 -9999 -9999 -9999 -9999 -9999 -9999 -9999 -9999 -9999 -9999 -9999 -9999 -9999 -9999 -9999 -9999 -9999 -9999 -9999 -9999 -9999 -9999 -9999 -9999 -9999 -9999 -9999 -9999 -9999 864 892 931 971 925 914 911 912 914 933 923 928 938 944 955 973 978 981 989 997 1002
933 926 928 925 949 930 919 938 950 962 982 1135 1195 1233 1252 1272 1202 1076 1017 987 921 897 870 856 845 832 -9999 -9999 -9999 -9999 -9999 -9999 -9999 -9999 -9999 -9999 -9999 -9999 -9999 -9999 -9999 -9999 -9999 -9999 -9999 -9999 -9999 -9999 -9999 -9999 -9999 -9999 -9999 -9999 -9999 -9999 -9999 -9999 -9999 -9999 -9999 859 875 907 941 918 908 904 902 914 923 918 924 930 944 971 970 969 974 978 984 991
954 953 942 -9999 -9999 -9999 931 934 952 951 960 1020 1138 1181 1217 1264 1259 1143 1078 996 961 944 875 862 851 839 -9999 -9999 -9999 -9999 -9999 -9999 -9999 -9999 -9999 -9999 -9999 -9999 -9999 -9999 -9999 -9999 -9999 -9999 -9999 -9999 -9999 -9999 -9999 -9999 -9999 -9999 -9999 -9999 -9999 -9999 -9999 -9999 -9999 -9999 -9999 861 876 910 916 898 896 900 898 906 914 911 918 925 940 990 978 973 964 964 972 974
976 -9999 -9999 -9999 -9999 -9999 -9999 -9999 -9999 945 953 979 1013 1050 1123 1226 1267 1178 1109 1016 983 966 871 866 856 -9999 -9999 -9999 -9999 -9999 -9999 -9999 -9999 -9999 -9999 -9999 -9999 -9999 -9999 -9999 -9999 -9999 -9999 -9999 -9999 -9999 -9999 -9999 -9999 -9999 -9999 -9999 -9999 -9999 -9999 -9999 -9999 -9999 -9999 -9999 856 867 898 892 887 897 889 892 892 898 906 908 911 920 937 983 998 1009 1003 957 957 965
-9999 -9999 -9999 -9999 -9999 -9999 -9999 -9999 -9999 -9999 -9999 962 1007 1094 1134 1226 1247 1194 1083 1029 986 959 912 874 858 -9999 -9999 -9999 -9999 -9999 -9999 -9999 -9999 -9999 -9999 -9999 -9999 -9999 -9999 -9999 -9999 -9999 -9999 -9999 -9999 -9999 -9999 -9999 -9999 -9999 -9999 -9999 -9999 -9999 -9999 -9999 -9999 -9999 -9999 -9999 854 860 871 872 875 878 883 886 887 894 897 903 909 919 929 958 961 964 1006 956 946 950
-9999 -9999 -9999 -9999 -9999 -9999 -9999 -9999 -9999 -9999 -9999 -9999 1012 1085 1085 1222 1230 1185 1130 1042 1015 968 932 871 -9999 -9999 -9999 -9999 -9999 -9999 -9999 -9999 -9999 -9999 -9999 -9999 -9999 -9999 -9999 -9999 -9999 -9999 -9999 -9999 -9999 -9999 -9999 -9999 -9999 -9999 -9999 -9999 -9999 -9999 -9999 -9999 -9999 -9999 -9999 852 855 857 861 866 869 873 877 881 885 890 893 901 908 914 923 967 983 940 945 954 937 936
-9999 -9999 -9999 -9999 -9999 -9999 -9999 -9999 -9999 -9999 -9999 -9999 976 1025 1127 1177 1113 1153 1099 1012 1014 988 884 -9999 -9999 -9999 -9999 -9999 -9999 -9999 -9999 -9999 -9999 -9999 -9999 -9999 -9999 -9999 -9999 -9999 -9999 -9999 -9999 -9999 -9999 -9999 -9999 -9999 -9999 -9999 -9999 -9999 -9999 -9999 -9999 -9999 -9999 -9999 -9999 850 853 856 860 863 868 872 877 881 883 889 899 901 902 907 917 966 992 925 926 929 929 929
-9999 -9999 -9999 -9999 -9999 -9999 -9999 -9999 -9999 -9999 -9999 -9999 -9999 1014 1074 1174 1051 1009 991 962 934 -9999 -9999 -9999 -9999 -9999 -9999 -9999 -9999 -9999 -9999 -9999 -9999 -9999 -9999 -9999 -9999 -9999 -9999 -9999 -9999 -9999 -9999 -9999 -9999 -9999 -9999 -9999 -9999 -9999 -9999 -9999 -9999 -9999 -9999 -9999 -9999 -9999 -9999 -9999 852 877 885 862 865 872 875 881 889 899 899 901 899 901 908 912 966 935 915 916 916 919
-9999 -9999 -9999 -9999 -9999 -9999 -9999 -9999 -9999 -9999 -9999 -9999 -9999 996 1049 1042 1022 973 969 916 -9999 -9999 -9999 -9999 -9999 -9999 -9999 -9999 -9999 -9999 -9999 -9999 -9999 -9999 -9999 -9999 -9999 -9999 -9999 -9999 -9999 -9999 -9999 -9999 -9999 -9999 -9999 -9999 -9999 -9999 -9999 -9999 -9999 -9999 -9999 -9999 -9999 -9999 -9999 -9999 -9999 869 859 870 867 871 872 879 888 895 899 898 896 898 898 902 902 908 904 909 909 911
