test/testdata/Hispaniola_WorldClim/snv_5.asc
ncols         743
nrows         319
xllcorner     -74.500956448335
yllcorner     17.448920549066
cellsize      0.0083333333333333
NODATA_value  -9999
[rows 156 to 194 of 319, columns 352 to 439 of 743]
328 326 317 319 328 327 325 319 305 291 278 285 291 305 308 316 316 320 320 318 317 320 321 321 323 324 325 325 326 326 327 326 327 327 327 327 327 327 327 326 325 326 326 326 326 326 325 325 324 324 324 323 321 324 323 306 295 311 317 319 321 321 321 313 310 309 314 315 315 306 312 318 314 316 314 305 305 303 295 288 283 278 281 289 289 270 255 253
319 315 318 316 318 325 324 324 320 301 291 262 262 271 295 297 303 312 317 318 315 317 318 322 323 322 322 324 325 325 326 327 326 327 327 327 327 327 327 327 326 326 326 326 325 326 325 326 325 324 325 324 323 323 321 316 316 312 315 315 322 318 314 307 299 300 302 306 312 317 314 321 312 313 315 308 302 295 289 291 284 279 280 276 279 286 265 279
299 298 303 302 313 315 321 322 321 317 305 284 283 275 269 265 264 293 312 312 311 310 315 318 319 319 321 322 323 324 323 325 325 326 326 327 326 327 328 326 327 326 326 327 327 327 326 326 325 326 325 324 323 325 324 320 317 315 312 319 322 316 309 297 295 300 301 311 316 319 319 317 315 313 305 297 292 288 283 284 282 287 287 284 279 277 281 269
294 283 278 277 295 314 317 318 314 317 315 311 302 296 287 275 277 285 295 301 293 305 310 317 316 313 317 321 322 323 323 323 324 325 325 326 326 326 328 327 327 327 327 327 326 326 326 326 326 326 325 324 324 325 321 321 319 315 313 320 323 320 313 312 301 303 309 315 315 322 313 303 312 309 302 297 292 292 291 294 297 297 297 294 291 287 285 264
314 313 288 305 306 309 311 316 314 307 301 291 292 283 287 281 284 284 285 279 276 289 290 283 300 309 309 316 320 320 320 321 323 324 324 324 326 326 326 327 327 328 327 327 326 327 327 326 326 325 325 325 324 325 323 321 319 316 314 317 323 321 315 315 307 308 309 315 318 323 314 312 313 311 306 300 298 298 302 304 310 308 307 306 297 286 284 280
322 321 321 320 319 316 313 313 303 290 271 270 270 275 285 272 266 267 273 265 265 272 278 275 284 286 294 306 311 317 317 319 321 322 324 323 324 324 325 326 325 328 328 328 327 327 327 327 326 326 325 325 326 325 323 321 321 317 315 316 324 324 317 315 311 311 313 317 322 323 318 318 316 313 307 306 303 310 311 311 310 297 294 306 301 292 289 287
322 322 320 321 319 316 315 310 298 280 262 252 252 252 256 254 248 252 259 257 252 254 261 257 271 279 283 291 308 310 313 315 319 321 322 322 323 324 324 324 325 324 327 328 327 327 327 327 327 326 326 326 327 325 326 324 322 321 317 315 323 325 321 315 316 315 319 323 323 319 312 314 316 314 311 310 314 312 303 305 294 282 279 287 303 302 296 294
319 320 317 320 319 317 314 309 285 264 252 234 234 238 247 249 238 249 249 253 247 246 250 253 257 267 275 285 291 299 302 311 315 319 318 318 320 322 323 322 325 325 326 326 325 327 328 327 328 327 327 327 327 326 327 325 324 321 321 316 320 324 324 322 318 316 318 324 323 318 312 312 314 313 316 315 315 304 301 291 294 286 270 260 276 288 301 294
314 307 309 317 316 316 314 298 277 261 249 247 248 249 251 255 256 260 265 257 245 247 245 245 246 258 267 275 263 249 272 287 300 311 314 317 317 319 320 322 323 325 325 325 325 325 327 328 328 328 328 328 328 328 327 326 325 324 323 318 318 323 325 324 321 321 322 324 321 317 312 316 316 317 316 316 313 308 303 293 282 258 266 251 249 267 264 277
305 312 313 315 314 315 313 303 293 270 269 265 262 258 253 254 269 273 283 270 256 253 252 249 241 247 264 265 274 277 277 292 308 309 311 313 317 319 320 322 324 324 324 322 326 325 325 326 326 326 327 326 328 328 327 327 326 325 324 322 320 314 324 324 324 324 324 324 320 317 320 319 319 315 316 313 306 301 297 299 287 274 261 250 239 248 248 269
307 303 306 306 310 312 313 309 302 296 292 286 280 277 277 280 283 290 290 287 273 267 273 265 251 242 254 266 276 282 284 292 299 307 310 313 314 315 319 321 321 322 322 321 323 324 325 323 325 325 326 325 326 327 328 328 326 326 324 323 317 311 324 325 325 324 324 323 321 322 320 312 316 317 316 315 308 301 293 287 289 277 267 261 252 230 252 255
315 313 311 310 307 305 306 307 307 303 299 297 293 293 295 296 297 296 295 294 290 285 281 274 259 254 256 263 265 274 281 285 290 293 301 304 308 309 310 318 321 322 322 322 323 323 322 323 323 325 324 323 325 328 328 329 327 327 326 325 323 322 324 324 324 323 322 321 319 319 318 319 311 312 315 312 308 304 299 293 286 280 282 272 261 247 237 244
312 311 309 308 305 303 299 300 298 303 299 294 292 297 299 300 301 302 304 303 303 297 293 290 277 272 260 258 262 263 270 274 273 284 294 309 309 314 317 315 315 315 318 322 323 323 324 323 323 324 323 322 325 325 325 326 328 326 327 326 326 325 327 321 319 320 322 323 321 321 320 321 317 317 305 312 307 308 303 300 291 284 272 273 260 255 234 241
310 307 306 301 302 300 297 300 301 298 292 285 286 293 285 290 291 296 304 305 307 304 301 301 298 290 271 266 266 264 262 266 277 287 298 315 315 317 319 319 320 320 321 319 322 322 320 323 323 322 323 322 322 323 324 327 327 327 329 329 327 323 327 323 320 321 324 324 324 325 323 323 320 317 316 313 305 297 301 303 289 281 270 262 255 245 235 231
293 290 286 281 290 291 293 297 300 296 292 286 287 285 280 278 286 294 304 288 307 307 308 309 307 299 297 292 284 279 275 278 282 296 307 313 312 314 315 315 319 320 321 321 322 315 310 310 317 321 319 322 322 322 323 325 325 329 329 329 328 328 326 323 321 321 324 325 325 325 324 322 321 320 319 316 312 309 297 295 284 281 275 268 255 243 232 230
267 263 259 261 266 270 282 288 285 291 290 289 292 290 291 292 294 278 283 279 287 297 305 309 309 305 306 305 303 300 301 300 302 307 310 312 310 314 311 313 315 316 320 318 312 305 302 304 308 317 302 310 311 321 322 322 322 328 327 329 328 328 327 325 325 323 322 327 324 323 322 321 322 320 320 317 313 300 296 292 292 284 284 279 263 257 242 236
243 237 239 244 240 252 251 268 279 285 282 286 289 290 292 293 295 294 288 284 284 283 297 302 310 310 311 310 308 309 307 306 305 301 299 302 305 308 309 307 312 320 320 314 303 306 305 309 311 308 302 303 308 319 309 301 308 320 326 329 329 326 323 327 325 325 322 327 325 324 322 321 317 318 318 316 315 302 290 290 285 271 282 274 268 254 250 236
220 219 221 227 226 230 243 244 261 273 281 278 280 284 288 289 292 291 282 274 283 294 301 304 307 309 311 311 310 310 310 309 307 305 303 304 303 302 308 315 315 319 317 307 306 307 309 310 310 310 310 303 316 308 302 307 314 312 320 326 329 330 323 328 324 323 324 328 327 326 324 320 315 312 317 320 320 304 300 307 297 292 290 269 260 263 249 239
202 205 205 205 209 217 230 229 237 242 249 267 269 278 281 283 284 290 272 256 266 287 302 306 307 309 309 310 312 312 312 312 312 311 310 311 312 309 311 314 318 319 314 311 308 313 313 312 311 311 309 306 310 298 297 309 307 301 315 322 327 330 329 329 327 327 328 326 326 325 322 319 305 303 317 320 320 313 311 312 304 304 297 290 288 275 257 245
249 221 205 203 204 197 208 225 227 234 238 245 254 259 266 266 274 272 273 264 279 293 303 301 302 304 308 308 309 311 312 313 313 312 313 313 313 314 312 316 318 318 314 316 314 313 312 311 311 310 309 300 311 298 297 310 307 303 310 318 322 329 329 329 328 327 329 327 325 316 320 312 299 299 306 319 322 314 317 313 304 309 305 297 288 275 255 238
270 250 256 225 205 192 192 205 213 224 215 226 241 239 247 250 246 262 276 270 287 292 299 283 293 298 302 306 306 311 309 311 312 313 314 313 315 314 311 315 317 316 312 310 313 305 302 306 302 307 304 303 309 303 299 304 298 308 314 311 314 320 326 329 330 330 327 325 324 323 319 313 307 313 311 323 319 315 318 317 312 314 313 305 296 269 252 237
285 282 263 238 213 209 195 202 203 202 209 213 225 225 225 234 244 265 267 270 288 291 293 281 274 273 289 299 304 306 306 309 311 312 313 315 315 315 316 316 312 310 309 308 311 304 304 304 297 302 294 298 297 301 301 299 300 306 310 316 313 319 321 327 330 330 326 323 325 323 316 311 306 312 319 324 320 316 321 319 309 303 308 309 302 284 270 254
303 293 282 257 231 232 212 235 219 229 221 228 243 247 232 233 236 247 240 242 257 274 284 292 279 272 273 279 295 304 305 303 303 297 306 310 310 313 315 314 317 309 311 310 316 309 302 297 296 297 301 302 302 306 308 306 303 308 311 315 320 320 319 324 330 330 329 329 321 325 314 302 304 315 324 324 323 322 322 319 315 306 301 301 291 273 275 262
302 270 252 252 261 241 233 250 257 263 254 271 253 264 255 252 238 232 234 240 236 237 246 271 282 278 270 264 273 289 301 310 311 313 314 313 302 314 317 320 319 319 319 313 315 310 310 305 304 299 304 308 307 312 310 310 309 310 317 311 316 317 320 324 328 329 330 331 328 328 322 310 312 322 325 325 323 322 322 321 309 302 302 299 288 275 272 257
307 305 263 239 234 241 255 264 276 283 270 282 275 284 282 267 245 231 245 248 226 230 228 244 257 255 264 262 269 271 290 300 308 311 314 315 316 314 314 319 321 322 321 319 320 316 314 312 309 307 308 310 311 310 313 313 312 316 318 322 321 325 326 327 325 329 330 330 330 323 322 323 312 308 327 326 325 322 320 316 309 314 306 306 305 300 275 260
318 287 263 228 233 247 252 273 286 297 287 297 275 281 298 291 270 265 261 260 226 225 222 233 239 238 257 255 273 278 280 284 294 305 309 311 314 316 317 320 322 323 324 322 321 319 319 317 314 311 311 314 313 315 315 318 320 320 321 322 322 320 320 322 324 329 330 330 330 324 327 326 328 325 325 323 322 321 322 321 322 318 314 315 310 302 288 295
324 310 261 256 250 267 249 257 274 287 302 296 275 270 296 305 299 274 289 287 259 247 245 246 264 243 253 260 266 280 291 284 282 286 290 299 303 309 314 318 321 323 324 323 320 320 319 317 316 315 309 311 307 307 309 313 314 316 315 318 317 317 312 321 326 322 330 330 330 328 328 325 328 326 321 321 322 322 325 325 323 318 319 315 309 305 302 295
327 315 302 287 258 269 293 277 267 271 293 308 286 267 271 284 308 303 300 304 272 265 269 274 268 269 274 283 293 305 295 273 271 284 284 282 291 302 306 312 318 322 324 325 321 319 315 315 316 311 308 306 305 306 307 306 303 307 313 311 312 316 320 323 324 317 317 324 331 331 328 329 327 324 325 324 324 325 324 325 325 319 323 314 316 305 309 304
319 318 315 306 302 284 291 302 291 264 275 301 304 293 258 257 295 314 314 312 300 283 296 297 298 298 299 303 309 306 299 273 266 269 275 280 281 287 293 301 310 318 324 323 322 320 315 317 311 306 306 304 296 298 301 302 293 297 301 302 306 312 315 317 321 318 318 315 327 331 329 329 325 323 323 322 322 325 326 326 326 324 324 324 321 318 307 311
310 307 315 313 312 305 295 297 311 295 282 304 311 312 289 264 283 297 317 317 313 304 311 310 315 318 317 313 303 286 280 279 272 267 269 274 286 277 291 299 308 318 327 320 320 321 314 320 314 303 304 305 292 286 291 293 297 293 298 298 298 301 306 312 315 316 323 320 316 327 331 328 325 324 323 320 319 322 325 327 327 326 325 325 324 321 313 318
308 309 306 311 315 312 302 308 317 317 302 298 311 322 309 284 283 296 314 321 316 313 318 317 318 324 325 305 286 295 292 297 287 277 275 282 294 295 296 306 309 315 327 327 322 317 319 316 320 314 313 307 298 292 293 299 299 304 301 304 293 296 298 307 306 312 316 325 322 330 330 327 327 325 322 317 318 320 323 328 328 327 327 326 326 325 323 319
319 320 313 313 313 315 318 316 309 319 311 305 301 323 320 293 299 299 311 324 309 308 321 324 323 333 332 325 315 309 304 302 294 299 286 289 293 302 297 310 311 320 324 328 328 325 327 324 323 321 317 311 311 304 306 312 310 312 314 312 312 305 302 305 302 305 313 322 327 330 330 329 327 322 319 320 321 321 323 326 327 328 328 328 327 328 323 320
331 320 327 319 314 306 314 318 320 321 317 316 320 320 331 318 311 314 320 325 317 324 322 329 329 333 333 331 329 328 318 313 308 304 298 299 299 306 307 314 320 321 325 327 329 330 328 327 327 325 323 320 317 319 318 320 319 321 321 320 322 319 316 317 314 310 313 319 327 328 330 327 327 320 321 322 324 324 324 326 328 327 325 328 328 326 323 318
339 337 335 329 324 320 319 321 326 327 332 325 330 331 335 330 327 324 330 319 316 326 331 332 335 337 337 337 337 335 331 326 321 313 310 310 310 318 318 323 325 325 326 328 330 329 329 328 327 327 327 326 326 325 323 324 324 323 328 325 328 327 329 333 333 322 319 321 326 329 330 327 325 321 323 324 326 326 325 328 329 327 327 328 328 326 322 319
348 344 343 341 336 329 331 338 335 333 333 330 336 338 338 338 335 334 332 326 323 322 331 338 336 339 341 342 341 339 341 337 334 329 328 325 326 326 322 313 320 325 328 326 328 330 330 329 329 328 328 328 327 326 325 326 325 324 330 330 331 329 333 332 333 332 328 331 331 330 331 325 320 323 324 325 327 327 328 329 329 326 328 329 327 324 321 323
351 349 347 347 347 340 340 340 339 341 339 339 342 342 342 342 341 338 339 337 341 338 335 340 343 343 342 343 345 344 345 344 339 336 335 332 331 330 332 333 332 331 332 334 329 330 331 331 330 330 329 328 326 326 324 328 329 328 330 330 332 330 331 332 330 332 329 331 330 329 328 324 322 323 324 327 328 328 329 329 329 330 329 326 326 322 326 325
353 353 352 348 348 345 346 346 345 344 344 345 345 344 345 343 344 342 341 342 344 340 339 340 345 345 344 345 346 346 346 345 345 343 341 339 338 334 336 337 334 334 335 334 327 328 330 331 331 331 330 329 328 326 324 327 329 330 331 331 333 333 333 331 331 328 330 330 330 328 327 321 321 324 326 327 328 329 331 331 330 330 327 325 323 325 326 323
353 353 353 353 351 350 351 350 350 349 348 349 347 346 347 346 345 345 344 344 346 343 339 338 348 347 345 345 346 346 346 344 345 345 344 342 341 339 339 339 337 337 336 333 326 327 330 331 331 331 329 328 328 324 327 329 330 330 331 332 331 333 332 330 329 328 329 328 328 325 322 320 322 324 324 327 326 327 329 331 331 328 327 325 325 323 328 326
354 354 353 354 353 353 352 352 352 352 351 350 350 348 348 348 348 347 347 346 348 348 348 348 348 347 346 346 346 346 346 344 345 344 343 343 342 342 340 340 339 337 337 333 324 325 327 329 331 331 331 329 325 327 328 328 330 331 331 331 332 332 333 331 330 329 328 327 324 323 320 321 321 320 322 322 325 326 328 331 331 329 328 327 328 325 328 328
