test/testdata/Hispaniola_WorldClim/snv_11.asc
ncols         743
nrows         319
xllcorner     -74.500956448335
yllcorner     17.448920549066
cellsize      0.0083333333333333
NODATA_value  -9999
[rows 78 to 116 of 319, columns 352 to 439 of 743]
230 232 238 238 239 238 240 240 240 242 242 242 243 244 244 245 246 246 245 246 245 245 244 245 246 246 246 247 246 248 246 246 245 244 242 243 243 240 240 239 237 235 234 236 235 238 236 234 231 227 227 231 231 233 234 239 244 243 241 236 231 226 225 226 230 233 239 230 233 238 239 240 241 241 232 226 235 234 228 232 227 230 231 230 231 228 222 224
232 235 235 233 236 237 239 238 239 241 241 241 241 242 242 244 246 246 235 240 241 242 243 244 245 244 244 246 245 246 246 244 244 243 242 241 242 241 238 237 235 235 233 233 235 236 234 231 230 229 229 233 232 233 237 238 242 243 240 238 235 233 230 229 235 236 238 233 229 233 238 240 238 236 223 225 225 224 220 222 218 217 220 216 220 217 218 224
234 231 233 232 228 237 238 239 239 241 240 241 242 241 243 244 245 244 241 241 238 239 242 242 243 241 240 244 244 244 244 244 243 242 241 240 241 241 239 237 234 232 231 232 239 234 232 228 229 233 234 235 236 237 238 239 241 243 238 238 236 232 232 235 236 237 238 236 231 237 236 238 240 237 237 234 230 223 222 219 218 217 216 215 217 217 220 220
233 230 223 227 233 233 232 234 239 239 239 241 242 242 243 244 244 243 243 243 242 238 240 239 241 240 241 241 242 245 240 241 240 239 238 240 240 238 237 237 236 234 232 232 234 238 232 229 228 233 233 235 231 231 236 235 239 242 240 237 237 234 233 234 235 235 238 236 233 235 238 239 238 237 236 233 232 228 223 221 221 219 219 218 217 217 220 221
234 232 225 230 228 227 230 233 234 238 239 241 241 240 242 243 242 243 244 241 241 238 238 237 236 236 238 239 237 238 238 239 237 236 237 240 239 237 233 233 230 232 231 231 232 232 232 229 227 234 229 230 230 232 232 234 238 238 242 239 234 233 231 229 232 235 237 235 235 236 238 241 237 237 234 234 231 226 227 223 225 223 218 218 217 218 218 221
234 233 232 232 233 232 234 237 239 239 240 242 242 241 242 240 241 240 243 242 240 241 236 233 227 232 236 239 236 232 234 236 235 235 238 239 238 236 235 230 230 229 228 228 229 228 229 228 226 227 227 228 229 230 235 237 237 236 240 239 232 226 228 230 232 230 232 232 231 234 237 240 238 234 234 232 233 229 229 228 227 224 223 220 217 218 220 221
233 233 233 234 235 235 237 238 238 237 239 240 239 240 241 240 240 239 242 241 239 239 237 227 228 230 231 232 235 229 231 234 234 234 237 236 238 235 232 228 230 226 227 227 227 227 226 226 226 224 226 228 231 235 232 232 232 231 235 228 229 226 228 231 229 228 224 226 228 229 234 238 236 238 237 237 232 231 230 228 227 226 224 223 217 219 220 221
232 232 232 234 236 237 236 234 234 234 237 240 237 240 240 240 239 239 241 241 238 238 237 237 228 228 227 232 229 228 229 229 230 232 235 233 234 234 230 228 226 224 225 227 226 225 225 227 225 226 226 232 234 236 229 231 224 228 230 225 223 225 226 226 224 222 222 220 223 226 229 230 230 235 238 237 233 233 229 229 227 223 223 220 219 220 220 220
232 232 233 233 236 236 235 236 233 234 236 240 235 237 239 238 238 237 240 238 230 232 233 232 231 230 232 232 228 227 228 231 233 234 232 229 227 227 227 227 223 222 223 226 221 230 232 231 227 232 235 237 238 236 232 231 232 224 223 221 221 219 221 220 220 218 215 215 221 221 222 223 225 230 227 227 227 229 228 227 226 225 222 221 217 218 218 217
233 232 234 235 235 235 234 235 235 238 236 239 234 236 233 235 234 236 239 235 228 228 229 230 226 227 229 228 225 227 231 230 230 231 230 229 226 226 226 221 217 220 229 231 231 236 227 229 228 234 231 229 233 236 230 229 227 227 220 218 215 216 217 216 215 216 216 217 218 218 220 219 228 227 221 223 223 224 223 223 223 224 221 218 216 215 216 218
231 234 234 232 235 235 234 233 235 239 239 239 232 232 233 233 233 238 240 240 230 225 224 227 225 225 227 226 224 227 227 223 224 221 225 225 225 225 224 221 222 229 231 230 222 219 219 232 234 230 226 223 228 232 233 225 228 224 218 215 215 216 215 216 218 217 216 218 217 217 217 218 217 219 219 218 219 220 220 221 220 219 223 216 215 218 219 221
224 220 216 222 225 231 232 234 236 238 237 238 232 231 232 233 235 236 232 231 235 225 224 224 223 223 228 221 218 218 218 215 218 216 217 221 220 219 219 218 226 232 222 216 214 218 226 226 228 227 220 218 226 235 220 220 224 226 222 216 216 217 220 222 223 222 223 225 225 214 220 216 217 217 218 218 216 216 218 220 218 216 219 214 214 217 217 220
206 202 193 210 219 224 227 231 234 233 238 237 232 231 230 234 234 229 231 227 228 233 224 224 225 227 228 222 211 211 212 214 214 216 215 216 216 215 218 216 223 217 217 216 213 213 217 222 221 225 219 215 216 229 227 217 219 216 216 216 219 222 222 222 223 224 226 223 225 227 228 215 217 216 215 217 216 215 216 215 215 212 216 212 215 219 217 220
182 183 176 182 201 210 216 223 227 236 235 236 230 230 231 231 231 228 229 223 231 234 228 224 224 226 227 223 216 219 217 215 215 215 214 217 217 216 218 216 224 228 214 210 204 211 214 215 220 218 218 216 216 225 228 213 212 213 215 213 215 215 219 223 221 224 223 224 226 228 226 224 220 217 216 216 214 215 214 215 214 214 210 213 215 217 215 218
179 188 178 180 185 175 206 217 226 235 233 234 232 229 229 231 229 229 227 224 228 232 224 223 223 224 223 226 224 221 216 215 214 216 216 215 216 218 220 224 228 220 212 209 200 208 214 215 213 209 214 215 217 222 224 214 209 212 214 213 212 212 215 220 217 218 221 220 223 226 226 227 221 221 215 215 214 215 214 214 212 207 207 211 215 213 214 216
197 201 201 201 195 190 209 222 227 228 233 230 229 228 230 231 229 228 226 226 228 227 226 223 220 219 224 221 220 221 216 214 214 214 215 213 218 223 224 218 224 214 210 206 198 211 210 216 212 206 204 208 214 228 218 219 205 208 211 201 206 217 218 218 213 210 214 217 224 222 217 217 222 223 223 221 217 215 212 213 211 213 214 213 215 217 215 218
210 196 200 211 203 182 200 217 221 223 231 224 228 229 230 230 229 225 225 224 225 227 224 218 214 213 219 218 211 212 201 203 207 212 213 219 221 221 221 213 214 220 214 211 205 209 208 204 209 208 205 207 222 224 212 210 211 204 208 195 201 218 208 216 212 209 206 216 211 215 213 214 218 215 214 214 217 215 212 210 214 214 216 215 216 218 221 220
210 207 211 210 197 186 181 198 200 211 227 219 226 229 229 228 222 223 224 219 224 226 226 223 200 207 212 211 203 205 202 211 209 215 212 217 219 222 219 213 214 214 211 208 198 206 205 201 206 211 212 215 221 208 202 197 195 190 203 203 204 215 206 206 205 205 213 208 209 210 214 216 215 219 211 211 212 212 211 211 213 214 215 210 215 217 218 217
219 213 218 206 191 191 196 189 178 204 221 216 223 226 228 226 224 224 222 220 224 224 221 214 205 201 202 208 210 214 211 212 213 217 217 221 218 214 217 214 208 210 206 200 199 204 206 208 211 210 209 210 223 209 191 198 198 201 205 209 202 204 215 203 193 191 205 205 208 211 214 213 213 218 215 211 209 212 211 212 210 210 210 208 210 213 210 214
223 217 222 209 191 201 204 199 181 185 201 202 213 216 224 224 222 223 220 218 221 218 210 210 206 207 213 214 213 215 215 215 215 215 217 221 213 210 215 208 203 202 205 191 202 201 203 206 206 208 209 217 205 207 196 192 203 205 200 202 212 203 215 205 192 187 201 197 205 209 209 209 211 217 211 211 207 207 209 208 209 207 207 206 208 216 217 218
222 215 213 213 201 199 208 211 192 195 202 201 201 200 208 212 218 218 217 210 210 205 202 206 209 214 215 215 213 211 216 217 217 219 219 217 205 203 216 205 203 192 187 193 195 194 200 196 190 207 211 212 204 198 199 186 201 205 205 190 202 209 203 195 195 187 193 191 201 207 209 210 214 214 209 207 206 204 205 206 210 210 215 216 220 216 216 211
224 222 219 212 202 209 212 206 203 209 204 200 198 194 195 204 202 202 202 197 203 196 201 206 210 211 209 212 213 216 214 215 206 213 210 207 197 206 211 200 188 173 177 180 181 182 181 181 188 209 185 202 197 190 188 197 193 197 206 206 196 195 191 182 179 181 191 190 199 202 206 204 208 210 208 207 203 202 205 205 209 217 216 218 215 207 206 208
225 224 221 219 208 217 218 214 210 209 196 196 189 186 184 180 184 195 196 194 201 205 203 205 213 204 196 203 203 212 211 206 208 203 202 196 199 202 209 198 185 162 154 168 163 166 175 186 198 206 189 182 168 179 190 187 169 188 197 199 205 201 195 176 161 168 177 175 176 187 200 202 203 204 208 201 202 201 203 206 213 213 207 216 213 203 204 205
215 222 220 217 218 209 198 206 209 202 192 188 189 185 168 168 174 194 202 203 201 209 207 208 210 205 199 203 208 213 211 206 204 199 186 198 204 205 208 199 186 171 145 136 147 161 175 185 185 202 186 167 174 180 178 173 167 163 170 186 195 198 198 192 185 167 172 181 184 197 196 198 203 204 206 201 199 199 202 205 215 209 202 201 204 201 204 203
211 213 213 207 216 196 193 204 208 202 202 198 192 178 168 158 170 186 195 199 202 204 203 211 207 199 191 197 201 209 210 206 196 182 186 197 193 197 181 193 189 173 162 135 145 152 154 161 179 196 181 167 174 177 173 166 159 166 169 176 190 192 196 196 192 165 164 176 186 189 182 192 198 199 199 201 197 197 200 203 212 200 200 197 199 199 208 214
202 207 207 210 209 211 199 207 196 200 193 198 195 192 175 156 154 170 178 181 196 200 198 196 205 202 194 201 205 211 203 202 195 183 179 193 185 202 191 191 181 167 152 141 146 157 179 178 189 200 189 173 151 157 166 157 163 176 184 192 181 186 191 187 185 176 169 169 173 177 178 184 191 197 197 201 196 197 199 204 203 194 187 190 195 206 218 209
188 180 200 206 209 209 204 204 185 198 190 176 182 181 178 176 167 153 161 173 194 196 189 190 198 191 187 197 206 204 203 193 191 182 193 186 181 184 189 193 185 172 160 144 150 163 166 179 190 190 188 174 156 145 153 146 151 162 181 180 172 192 183 177 180 177 179 166 156 150 151 166 179 193 196 197 194 195 199 205 197 196 186 188 196 206 214 204
185 169 173 203 208 207 201 195 190 189 182 174 171 172 183 183 183 173 162 170 184 181 174 182 196 187 178 199 203 206 193 197 177 177 180 184 174 180 174 185 187 183 166 134 130 142 151 164 187 185 188 177 146 137 136 149 159 173 184 176 164 174 182 170 172 170 163 168 156 155 155 164 179 191 195 195 194 196 202 201 197 195 192 187 189 194 211 200
211 209 183 186 196 206 202 186 162 166 172 168 171 174 180 186 185 182 172 160 165 161 170 186 193 172 183 199 198 196 195 176 170 166 174 178 169 168 169 173 183 168 154 136 129 137 150 166 175 155 180 174 158 138 136 156 175 182 175 161 153 167 174 164 157 162 164 168 160 154 165 181 188 192 198 197 196 198 202 199 196 194 192 189 195 195 209 198
222 214 203 181 169 196 197 193 168 151 131 136 160 166 187 184 176 178 171 175 172 168 161 173 191 167 189 187 179 182 193 194 182 169 165 165 165 156 155 165 178 163 152 134 137 141 158 165 156 156 179 176 151 129 150 162 159 169 167 145 146 153 157 159 145 159 172 174 163 172 172 188 196 193 195 199 200 194 196 196 192 193 191 197 196 203 203 198
216 218 212 200 169 174 173 164 128 146 138 140 161 183 202 166 155 165 180 186 185 180 181 165 168 170 171 172 159 169 180 192 189 179 160 150 153 149 145 162 170 162 149 130 126 139 146 160 151 155 169 168 139 127 148 144 148 169 165 148 132 133 145 145 141 146 159 177 172 191 192 196 192 189 193 194 195 190 191 192 191 191 192 197 191 195 203 181
198 189 204 196 186 166 160 153 154 161 168 163 173 197 205 170 162 181 177 192 192 187 185 171 156 156 157 149 156 173 179 185 190 184 175 167 146 134 137 161 158 158 147 117 112 138 152 153 134 138 163 167 138 123 131 121 143 164 157 143 124 122 137 122 134 150 155 174 183 191 188 182 182 182 190 192 189 188 187 186 188 190 197 187 181 188 198 189
204 194 197 210 204 191 178 169 181 184 193 199 200 208 207 209 193 190 176 184 193 185 177 167 152 153 152 152 148 155 159 174 179 173 178 171 160 144 139 152 145 147 135 121 130 137 143 141 128 141 155 163 153 117 115 126 140 143 152 133 115 123 116 114 127 152 157 166 187 184 184 178 174 170 177 191 187 181 171 173 177 189 196 186 174 178 189 195
209 212 216 215 210 198 188 185 188 198 206 210 216 213 214 212 208 192 181 182 193 180 158 156 152 145 137 138 132 135 143 151 161 155 160 153 142 134 134 138 131 127 118 115 121 129 133 136 126 142 144 152 140 123 95 112 118 117 139 129 106 127 139 129 117 127 138 156 181 176 157 162 166 160 178 189 180 170 158 158 173 188 191 177 174 166 177 188
194 215 219 211 196 188 201 199 205 206 216 215 216 211 195 205 212 204 199 206 192 173 157 167 160 140 129 137 131 125 128 137 151 154 147 136 123 118 126 128 131 127 124 122 111 115 123 122 116 124 131 133 127 114 88 96 106 114 122 107 98 118 141 153 152 149 141 154 180 185 168 145 154 161 175 167 160 160 159 167 180 188 185 184 173 163 170 179
209 214 217 209 203 207 212 209 212 218 219 214 205 195 185 198 188 188 206 198 185 172 164 169 160 152 137 145 148 133 138 149 156 157 150 139 129 125 137 140 136 123 114 109 100 101 115 101 96 106 107 116 120 102 104 99 94 103 109 98 98 119 143 149 163 164 150 184 168 174 160 149 139 152 169 162 154 165 176 176 183 190 175 172 169 161 166 175
213 220 223 209 202 216 212 222 220 223 210 198 188 166 185 190 178 173 191 200 168 168 172 164 153 147 136 143 156 148 135 151 162 158 154 145 141 132 144 144 135 130 118 100 97 87 87 93 97 100 104 106 113 106 120 114 113 132 117 114 113 115 135 145 157 171 173 163 158 149 163 144 137 143 158 157 158 167 173 183 177 178 181 166 161 159 167 171
226 224 215 210 209 223 221 224 213 210 208 207 192 173 180 165 165 180 188 183 170 176 167 172 165 145 129 143 152 163 151 155 166 173 160 152 152 153 151 144 131 126 127 114 112 102 94 93 95 96 105 114 119 127 130 134 145 137 139 130 126 120 126 144 147 162 173 168 147 145 146 135 141 150 158 152 156 167 178 175 163 169 180 168 157 152 157 165
229 220 220 222 206 221 214 213 189 188 203 183 186 175 168 158 157 174 187 195 190 177 150 154 166 145 133 142 155 163 155 152 163 176 164 163 161 159 157 156 147 143 139 133 123 100 97 106 100 88 93 102 112 118 117 131 137 144 154 148 141 139 126 140 157 167 173 156 135 135 138 129 141 150 156 152 163 167 165 160 155 167 176 171 165 153 147 153
