test/testdata/Hispaniola_WorldClim/snv_19.asc
ncols         743
nrows         319
xllcorner     -74.500956448335
yllcorner     17.448920549066
cellsize      0.0083333333333333
NODATA_value  -9999
[rows 120 to 159 of 319, columns 450 to 539 of 743]
176 178 185 201 205 207 209 221 223 231 247 258 261 263 263 271 268 268 269 262 255 239 261 216 201 219 242 262 259 234 232 268 290 275 282 293 293 296 297 299 301 297 297 300 299 298 299 299 299 300 299 300 300 301 301 302 302 302 302 302 302 303 303 304 304 304 305 305 306 307 308 309 312 312 315 316 318 321 322 317 312 311 314 317 318 320 322 318 319 316
171 171 177 184 186 189 193 219 228 240 249 249 254 251 250 252 242 250 251 204 193 195 214 216 198 199 214 259 275 270 239 243 275 282 283 294 293 297 298 298 297 300 304 305 302 300 300 299 299 300 300 301 301 301 301 302 302 303 303 302 303 302 303 303 304 303 304 304 305 306 307 309 310 311 314 314 315 319 321 320 319 313 313 313 316 315 320 319 315 318
182 173 177 185 196 207 215 230 234 242 233 232 235 207 194 220 211 189 212 201 194 195 193 194 204 197 199 233 271 283 277 265 275 282 289 292 296 297 300 298 299 303 305 307 305 303 301 301 302 302 302 302 302 303 303 304 304 306 304 302 302 303 302 303 303 304 303 303 304 304 306 307 309 310 311 313 314 317 319 319 315 313 314 315 314 318 324 322 321 318
185 199 206 201 209 215 211 230 213 183 186 177 177 179 182 212 186 192 207 197 188 191 196 192 193 194 197 198 232 272 286 279 288 288 290 293 295 296 298 299 301 306 308 309 305 304 303 302 304 305 303 303 303 303 303 306 311 307 305 304 304 303 302 302 302 303 302 302 303 303 306 306 306 308 309 312 311 314 316 318 312 310 309 311 308 306 314 318 318 316
169 169 180 174 200 185 170 181 190 172 182 181 177 177 182 191 182 192 208 207 192 189 189 199 199 193 195 196 198 239 278 286 287 287 293 295 295 297 298 298 302 306 309 312 312 311 308 305 310 311 311 305 304 305 305 305 311 306 305 304 308 303 303 303 302 303 303 302 303 303 304 304 305 306 307 309 307 309 314 316 314 310 313 307 308 307 311 311 315 331
164 163 168 166 172 178 169 174 175 169 177 174 174 174 179 185 178 182 190 207 190 186 186 195 202 196 192 195 198 230 283 284 287 291 293 297 296 299 299 301 306 309 310 311 308 314 307 307 309 313 309 308 306 306 305 306 308 311 306 306 306 304 303 303 302 302 303 302 302 302 302 300 301 304 306 307 308 308 310 313 315 317 312 309 307 306 310 312 325 328
160 160 173 165 163 164 165 171 166 171 176 172 171 172 174 178 176 178 180 196 186 184 185 196 201 193 193 194 194 199 225 240 284 286 294 297 299 299 300 302 306 310 312 314 307 313 313 313 315 317 312 308 308 306 307 307 307 308 310 311 307 305 304 304 302 301 302 301 300 299 299 298 299 302 303 306 306 308 309 312 312 314 315 307 305 305 308 312 322 324
163 158 165 167 166 163 173 181 179 183 182 176 176 177 171 173 175 175 177 189 182 183 182 184 187 188 191 195 195 194 213 239 276 276 291 299 300 301 303 306 307 312 314 312 309 305 314 318 318 319 312 311 308 311 313 309 309 309 309 309 306 306 306 306 302 301 301 301 302 301 300 298 296 298 300 304 304 306 306 310 311 312 314 312 305 304 306 317 318 319
170 170 160 164 167 172 177 186 191 183 179 178 177 178 170 170 171 173 175 185 178 180 181 183 183 186 188 195 193 192 216 256 282 285 293 300 302 304 304 307 309 314 315 315 318 311 313 320 316 314 313 312 310 312 316 314 312 315 311 310 308 308 306 307 306 301 301 302 305 302 302 299 296 296 298 301 303 304 305 308 309 310 311 307 305 303 307 309 310 313
172 175 167 163 171 182 190 187 186 184 181 176 173 172 169 170 169 172 172 187 177 177 180 181 184 184 185 192 192 191 192 209 260 282 287 301 304 305 306 310 311 316 318 320 320 320 313 309 319 316 313 312 316 316 313 317 310 308 314 314 309 308 305 305 305 302 301 301 304 301 301 298 297 298 298 300 302 303 304 305 306 307 310 310 304 301 302 305 308 308
175 178 172 173 171 179 187 182 179 175 179 175 172 173 168 167 167 170 170 183 175 176 178 180 182 183 184 187 190 188 191 199 240 274 286 300 306 307 309 311 314 315 319 321 323 322 323 308 320 322 318 319 318 316 309 306 295 297 305 314 308 307 305 304 304 303 300 300 303 303 302 299 296 299 299 299 301 301 302 303 304 301 309 309 303 298 294 301 303 306
181 176 184 180 180 183 185 185 178 171 170 169 167 167 165 166 165 166 170 176 174 181 181 180 181 183 183 184 186 187 198 201 224 264 274 294 307 310 312 314 317 317 320 320 321 321 325 300 302 310 312 322 322 320 320 320 316 306 313 311 313 309 306 304 303 302 302 301 303 302 302 298 299 299 298 298 300 300 300 301 302 301 305 306 304 300 289 291 292 297
181 181 187 183 186 186 190 178 174 177 175 172 169 169 169 167 165 165 167 174 173 174 174 175 176 177 181 186 188 187 205 219 221 243 273 293 309 311 314 318 320 319 323 324 323 323 323 322 318 312 320 324 323 317 317 319 307 315 315 315 312 311 305 304 304 302 301 301 303 303 301 300 298 298 297 298 299 299 300 301 300 302 304 305 303 299 291 288 290 301
182 182 186 183 186 188 183 181 185 182 177 176 171 171 162 161 161 163 169 167 170 172 173 173 179 186 187 185 183 183 192 236 243 257 278 292 310 314 317 320 323 318 326 327 324 324 325 325 322 325 326 323 324 321 316 319 317 311 316 311 309 307 306 305 303 307 304 302 304 302 301 300 299 299 298 299 299 298 299 299 299 302 303 303 300 295 290 284 286 294
184 184 184 182 186 191 192 186 183 177 174 166 165 160 157 157 159 161 163 164 166 169 169 172 176 181 178 182 192 185 198 212 214 233 254 291 310 315 320 322 304 311 326 328 330 317 324 327 328 322 322 325 324 323 319 314 312 311 317 316 309 308 306 308 307 308 306 305 305 302 300 299 299 298 299 299 299 298 297 297 299 301 300 300 300 294 286 281 281 285
189 184 179 179 177 171 181 183 178 169 168 159 151 151 153 155 157 158 160 162 166 169 167 171 174 178 177 199 226 222 220 201 255 269 267 284 310 316 321 324 314 301 295 330 330 331 329 326 317 324 324 323 310 312 318 316 312 311 318 308 309 310 308 310 309 309 297 305 305 302 300 300 299 298 298 298 300 297 296 297 298 300 294 291 297 296 288 283 280 284
187 189 179 179 171 166 167 174 170 166 158 151 156 152 153 154 154 161 158 160 162 164 166 168 169 177 191 208 230 204 220 259 267 273 269 279 311 317 323 326 329 327 310 331 331 330 331 328 308 328 326 327 311 309 323 321 320 313 310 310 310 314 312 308 299 292 294 291 300 303 302 300 300 299 298 299 298 298 296 297 299 295 289 285 292 292 283 277 282 285
177 177 181 183 172 163 162 168 167 160 158 153 158 157 157 151 156 155 158 158 161 162 165 170 170 175 180 198 197 181 201 259 261 241 256 271 304 317 325 328 331 331 331 331 330 330 330 330 332 330 323 321 324 313 313 308 311 317 310 309 309 311 309 299 289 286 295 290 297 303 302 300 300 299 299 299 298 298 296 296 299 297 290 286 285 288 281 272 278 282
173 175 177 169 166 159 157 158 162 166 160 158 158 161 155 153 157 160 164 160 163 176 183 185 185 180 172 173 177 183 216 239 223 217 234 282 301 316 325 330 333 334 334 334 318 329 327 327 326 328 321 318 318 321 321 322 314 319 310 309 309 310 311 309 301 297 297 294 296 297 303 301 300 299 299 299 299 298 297 297 298 295 292 291 286 285 282 277 273 278
168 168 163 167 162 160 160 153 159 168 162 164 160 163 161 161 170 170 164 165 177 185 200 195 186 177 175 176 176 180 195 222 183 208 257 269 302 316 324 332 336 338 337 337 306 329 326 327 325 321 320 320 318 316 315 321 321 314 309 308 309 308 308 308 310 306 306 299 299 296 296 301 300 300 298 298 298 298 297 297 297 295 292 292 286 282 281 278 276 274
160 157 160 166 166 164 154 150 150 153 166 167 170 170 180 177 172 180 173 174 189 197 190 197 179 189 189 191 178 174 196 218 181 213 259 269 300 315 326 332 337 341 339 337 334 330 328 326 323 322 327 320 323 316 314 313 316 318 310 309 310 310 309 307 308 307 307 306 305 300 301 301 300 300 300 299 298 297 296 295 296 296 291 292 286 281 278 279 277 277
156 151 159 169 175 175 159 156 151 148 148 153 154 160 163 179 184 187 183 188 189 197 197 200 185 186 174 177 173 177 187 184 197 244 256 286 301 317 323 329 335 338 338 337 335 329 328 326 329 321 327 322 322 317 313 312 310 310 309 309 311 313 309 303 308 307 307 304 304 304 303 301 301 300 299 299 297 296 296 295 294 295 294 288 288 285 282 278 275 277
148 145 159 150 162 164 167 162 155 153 156 163 154 147 157 160 158 175 186 200 199 189 182 179 170 173 171 171 174 171 173 175 202 217 238 269 298 311 317 323 330 334 336 334 333 332 310 316 321 310 326 292 319 320 319 316 310 309 308 308 314 313 311 301 301 302 307 305 304 303 303 302 302 300 300 298 295 295 295 294 294 294 294 291 288 286 281 277 274 280
142 144 142 145 147 146 151 156 159 156 161 169 165 159 157 160 148 172 179 190 190 183 178 176 182 177 181 176 184 179 174 197 232 236 251 282 299 306 313 319 325 328 331 331 330 330 327 293 307 291 297 277 282 321 315 311 311 311 311 309 312 311 311 310 308 308 307 306 304 303 302 301 301 300 299 298 295 294 295 292 294 293 291 292 289 285 284 278 275 278
140 136 137 138 140 142 152 156 159 156 165 160 160 165 180 165 150 158 184 184 177 170 170 164 172 161 165 173 169 169 193 183 205 243 259 278 295 301 307 313 318 323 325 326 326 326 326 322 277 284 273 269 274 311 315 312 312 312 311 309 308 308 308 308 308 308 306 305 305 302 302 302 301 300 298 297 296 295 294 294 294 288 290 290 287 288 286 284 282 278
134 138 141 139 140 143 147 156 169 170 178 176 166 183 180 165 147 157 168 166 155 151 180 188 188 193 186 203 188 195 186 219 243 246 278 283 289 295 301 306 313 318 320 321 322 323 323 321 284 272 270 272 279 307 311 311 313 312 312 312 308 308 308 308 307 307 305 305 302 304 299 301 301 300 298 294 294 291 294 293 292 289 289 288 284 283 283 286 286 279
137 141 140 140 142 148 155 166 178 176 181 184 181 173 156 147 145 152 182 159 166 200 214 218 220 224 225 227 231 233 224 203 229 259 273 279 283 289 296 302 299 310 313 317 318 319 319 317 313 292 276 300 311 315 315 306 313 311 311 310 310 307 307 308 307 293 285 290 293 301 293 298 300 300 299 294 287 288 290 288 288 287 289 288 286 283 281 287 287 283
148 142 149 156 159 159 166 171 187 181 179 175 167 158 170 172 167 142 147 159 148 169 184 164 182 194 211 227 228 231 239 236 239 249 250 263 269 280 287 268 277 268 283 309 313 314 314 314 311 308 314 313 312 311 302 293 311 291 280 305 308 308 306 306 306 301 285 284 295 295 278 286 297 296 294 294 287 290 289 289 289 289 287 288 289 289 286 283 286 287
164 152 144 144 167 167 171 177 189 186 181 167 176 155 176 188 185 180 172 147 150 178 162 155 158 164 165 195 215 212 220 233 252 235 241 256 265 279 270 268 258 270 293 306 308 309 310 310 306 303 310 309 309 303 284 278 304 305 287 271 299 307 307 306 300 285 279 278 275 275 277 284 285 277 279 289 287 284 289 289 289 285 288 289 289 291 284 287 286 286
185 163 149 149 151 159 166 167 176 187 182 184 180 171 173 183 202 199 149 145 152 171 159 165 155 176 205 219 223 225 228 234 235 236 238 249 248 246 247 255 250 254 271 300 303 303 306 306 306 302 307 307 308 307 299 283 295 276 298 276 271 298 306 303 298 292 292 288 278 287 285 291 290 288 293 281 283 283 278 281 287 280 279 283 290 290 287 287 287 286
185 169 160 163 156 167 172 166 177 182 192 194 191 185 194 200 201 187 175 166 149 151 178 165 159 157 166 215 218 224 226 229 232 232 237 242 240 242 245 245 249 263 288 293 292 298 300 300 303 303 303 303 305 304 292 266 268 274 288 266 264 276 301 294 297 299 299 296 289 289 289 286 297 295 289 280 276 286 286 289 285 283 279 290 290 290 290 289 288 287
172 188 168 169 177 176 184 184 176 179 186 197 194 200 200 204 193 191 176 156 151 165 172 173 170 157 157 179 199 217 225 224 229 233 232 235 237 239 243 243 247 257 262 266 285 291 294 296 297 297 300 301 302 300 298 275 263 264 280 262 250 270 276 286 299 299 296 299 299 296 295 290 295 297 282 280 277 286 292 291 290 288 288 291 290 290 290 289 286 284
182 192 180 175 177 188 192 190 190 185 190 199 212 208 211 206 211 208 179 158 166 186 175 205 189 171 157 160 184 191 223 221 228 210 233 234 233 239 241 242 243 244 246 256 274 279 283 284 293 296 296 297 296 299 299 290 279 264 274 263 256 270 284 290 297 298 298 299 299 299 295 297 295 294 286 289 283 275 294 293 293 292 292 289 289 290 288 285 283 283
193 198 197 180 192 195 203 205 196 195 202 213 217 213 221 225 219 204 202 187 182 201 218 210 181 172 164 158 161 164 216 221 223 223 225 232 211 221 218 231 229 243 243 255 252 277 281 283 287 283 285 292 295 288 296 296 287 262 263 264 260 261 289 283 294 296 295 295 296 298 298 298 296 296 297 293 285 285 294 294 293 294 292 290 289 290 288 285 283 277
190 190 199 195 206 213 206 206 210 212 217 224 227 224 230 233 232 225 214 206 209 215 217 214 197 194 178 157 160 162 206 203 220 220 212 231 214 188 214 223 233 241 240 242 243 257 271 271 283 280 282 289 292 290 286 290 289 286 253 259 266 280 282 289 292 286 285 294 289 291 294 297 295 296 296 294 292 293 291 287 290 292 287 289 290 288 286 285 283 280
173 181 175 188 188 204 217 220 214 220 220 236 232 242 249 241 230 228 222 219 210 203 208 211 200 189 178 168 168 162 172 207 222 219 204 207 221 198 191 190 221 239 242 243 242 244 256 265 277 258 267 282 286 286 268 286 277 282 264 251 254 272 285 288 290 279 283 278 278 282 272 282 294 296 294 296 295 291 291 293 293 292 286 281 289 286 286 285 280 280
156 161 173 177 188 202 211 220 222 220 227 227 230 237 235 242 250 230 224 211 201 198 193 197 199 191 181 171 173 161 167 195 178 194 227 219 192 188 180 179 216 208 235 238 239 241 254 259 264 251 251 265 282 281 280 267 283 266 273 253 249 260 274 285 288 280 285 281 292 290 284 292 294 289 294 288 284 277 271 291 287 282 281 278 277 281 287 284 280 282
176 181 183 185 179 188 210 222 228 227 227 223 219 232 224 227 230 244 227 206 190 188 177 180 196 200 192 178 178 162 161 185 163 183 204 226 191 180 181 176 178 185 200 217 240 241 240 242 242 257 266 255 276 276 272 250 275 270 259 267 265 250 259 276 278 282 281 288 292 286 284 287 272 280 287 290 292 292 293 287 275 273 282 284 280 282 288 287 285 282
181 186 180 191 194 206 220 228 228 225 223 220 220 226 222 222 227 238 225 210 195 184 171 168 168 175 178 172 178 174 166 167 170 167 183 225 189 173 177 177 176 178 186 207 222 233 236 238 238 249 262 266 260 262 261 250 267 275 272 272 273 260 247 259 265 275 284 285 287 278 269 267 275 281 287 290 292 295 294 289 279 278 280 289 290 287 287 286 284 282
171 188 189 196 218 218 225 222 222 228 218 217 220 218 215 212 219 223 228 219 209 198 183 163 155 161 171 167 177 181 176 176 162 165 174 216 176 173 177 183 175 178 189 219 238 236 234 233 236 248 257 261 244 240 243 255 266 271 274 274 275 275 266 248 258 248 268 278 284 283 271 253 257 259 263 269 279 284 289 292 293 293 292 290 289 289 287 286 284 282
