test/testdata/Hispaniola_WorldClim/snv_5.asc
ncols         743
nrows         319
xllcorner     -74.500956448335
yllcorner     17.448920549066
cellsize      0.0083333333333333
NODATA_value  -9999
[rows 156 to 194 of 319, columns 616 to 703 of 743]
316 318 319 321 321 320 321 323 320 322 322 322 320 318 323 325 326 326 326 326 326 328 328 328 327 325 327 328 327 328 328 328 328 328 328 328 328 329 330 328 327 327 328 316 326 327 327 328 326 327 322 322 322 324 323 325 323 317 316 324 321 324 322 319 315 319 307 299 311 315 319 322 323 321 299 312 316 319 321 322 323 323 324 324 324 323 323 324
314 315 319 319 322 323 322 324 320 323 323 322 319 318 324 324 326 326 326 326 326 327 328 328 328 327 328 328 328 328 329 329 328 328 329 329 328 329 329 328 328 328 327 328 323 328 328 328 327 326 324 325 324 325 325 324 322 320 319 323 324 322 322 322 312 315 297 295 306 315 316 321 322 316 304 314 318 318 322 322 322 322 323 324 324 324 324 323
321 319 320 322 323 324 324 323 323 324 324 324 324 324 326 326 326 328 328 325 327 328 328 329 328 327 328 329 329 329 329 329 328 328 328 329 328 329 330 329 329 329 329 328 329 328 315 325 324 325 324 326 326 326 326 323 323 324 323 325 324 314 322 320 306 310 292 308 313 316 320 319 320 310 307 314 322 320 322 322 322 322 323 323 323 323 324 323
319 323 322 323 324 324 325 323 322 325 326 326 326 326 327 327 327 328 328 328 328 328 329 329 328 327 328 329 329 329 329 329 330 330 329 330 329 329 330 330 329 330 331 329 327 324 314 314 323 324 325 325 326 326 325 321 325 325 325 324 319 313 318 315 309 314 313 310 316 313 321 321 316 306 315 320 322 321 323 322 323 323 324 323 322 323 323 323
323 321 324 322 324 325 324 324 325 326 326 327 327 327 327 325 323 325 329 328 329 328 329 329 329 329 329 330 330 329 330 330 330 330 330 330 329 329 329 331 331 331 330 329 329 325 322 318 312 318 325 326 327 326 325 323 325 325 325 324 318 309 314 315 310 317 317 316 319 318 319 319 315 312 321 321 318 322 322 323 323 323 323 320 322 324 324 323
324 324 324 318 325 325 323 323 326 326 326 327 327 327 327 324 318 327 328 328 329 329 330 330 330 330 330 330 330 330 330 330 330 330 330 330 329 329 329 330 331 331 328 327 328 326 325 320 319 320 323 326 327 325 326 326 326 324 323 320 320 312 312 318 314 319 320 311 317 320 320 319 312 312 318 313 317 321 320 322 322 322 321 320 321 323 323 323
325 324 323 324 324 325 326 326 326 326 326 327 328 328 327 326 323 327 328 328 327 329 330 330 330 331 329 331 330 330 330 331 331 330 330 330 331 330 329 331 330 330 330 328 328 326 325 313 320 324 324 327 328 327 327 326 326 324 318 311 308 314 315 319 319 320 319 313 319 320 321 316 314 309 310 314 314 313 309 320 321 322 319 318 320 322 322 322
325 325 325 325 325 326 326 326 326 327 327 328 328 328 326 328 328 329 329 329 328 328 330 330 331 331 331 331 331 330 331 331 331 331 331 331 331 331 330 331 331 330 328 323 323 327 325 324 314 325 326 327 328 327 326 323 325 321 317 318 313 314 318 317 322 319 317 319 320 320 320 316 318 317 308 313 315 319 317 318 319 316 314 320 321 322 322 321
324 326 325 325 326 327 326 326 327 327 327 328 328 328 328 329 329 330 330 329 329 329 330 330 330 330 331 330 330 330 331 331 331 331 331 331 331 331 331 331 331 330 328 327 325 325 326 324 320 321 327 327 326 327 326 324 325 321 321 320 320 320 321 318 321 320 316 321 320 320 321 318 320 318 310 313 313 317 320 319 314 302 304 314 319 321 321 321
325 326 325 325 327 326 327 327 327 328 327 328 328 328 329 329 329 329 329 329 328 329 330 330 331 330 331 331 331 331 331 331 331 331 331 332 332 331 330 331 331 330 328 327 327 326 324 325 325 317 324 327 327 327 327 326 312 321 323 322 321 319 321 321 323 317 317 321 319 314 322 321 315 310 313 316 314 316 317 320 308 305 315 318 318 320 322 321
325 326 326 327 326 326 325 327 327 328 328 328 329 328 328 328 329 329 329 329 329 329 330 330 331 331 330 331 331 331 331 331 331 331 331 331 331 331 331 331 331 331 328 326 325 325 320 325 325 320 326 328 328 327 327 327 327 320 324 322 323 323 322 323 323 317 318 323 320 320 322 321 309 314 318 317 319 305 314 320 316 314 319 312 320 321 321 321
326 326 326 326 326 326 325 326 327 327 329 328 328 328 329 329 329 330 330 329 329 329 330 331 330 331 331 330 330 330 331 330 331 330 331 331 331 330 330 330 329 329 328 327 325 324 319 316 328 325 324 329 328 327 326 307 307 313 323 322 324 323 322 324 322 314 321 323 322 319 321 322 314 310 317 320 316 307 316 320 320 318 320 312 316 321 321 323
326 326 326 326 326 326 326 327 328 328 328 328 328 328 329 329 330 330 330 329 329 329 329 330 330 331 331 331 331 330 331 331 331 331 330 331 330 328 325 328 329 329 328 328 325 323 320 318 325 327 326 328 328 327 326 321 306 309 323 324 324 324 323 324 323 322 321 324 322 314 321 321 320 312 313 320 319 317 313 315 315 320 320 310 320 321 322 323
326 326 327 326 325 326 327 328 328 328 328 328 328 329 329 328 329 329 330 330 329 330 330 331 330 331 331 331 330 331 330 331 332 331 331 331 330 330 327 327 327 328 328 327 325 324 321 321 326 328 328 329 327 327 326 325 313 306 322 324 324 324 325 324 323 323 322 324 323 316 319 321 322 320 318 318 319 318 316 316 310 318 320 320 321 322 322 321
326 326 326 326 326 326 326 327 327 329 328 327 328 329 328 329 329 330 329 329 329 330 330 330 330 330 331 331 331 330 331 331 331 331 331 330 330 329 328 325 325 328 323 324 325 320 324 323 327 328 329 329 328 327 323 324 324 308 315 315 320 324 323 325 324 324 324 325 322 322 317 315 322 322 320 320 320 319 319 319 316 318 319 320 318 320 322 321
326 326 326 326 326 326 326 328 328 329 327 328 328 328 329 329 330 330 329 329 329 329 330 330 330 330 331 331 331 331 331 331 330 330 330 331 330 330 329 324 327 325 325 326 324 321 325 328 326 328 328 329 328 327 326 325 324 324 323 324 324 320 318 319 325 325 324 324 323 322 320 319 320 323 321 321 320 321 320 320 319 317 314 315 312 318 320 321
326 327 327 326 327 326 327 328 328 328 328 328 328 329 329 329 329 329 329 329 329 329 330 331 330 330 331 331 331 331 330 331 331 330 330 330 331 330 330 329 327 327 327 327 324 326 325 327 327 328 328 329 329 327 326 327 324 324 324 325 325 324 317 320 324 324 325 324 324 323 322 320 320 323 322 322 321 321 320 319 320 319 318 319 319 318 321 321
326 327 326 327 327 326 328 328 328 328 327 328 327 328 329 329 329 329 328 329 328 329 330 330 330 331 330 331 331 330 331 331 331 329 329 329 329 330 328 329 328 328 326 327 327 327 327 327 327 328 328 327 328 328 327 328 327 326 324 326 326 324 323 321 324 324 324 325 323 323 322 320 321 321 322 322 321 322 321 320 320 319 318 319 320 320 321 322
326 326 326 326 327 327 328 328 328 327 328 328 327 328 329 329 329 328 328 328 328 328 329 330 330 330 330 330 330 330 329 330 330 331 330 330 329 328 329 328 328 328 326 327 327 327 327 327 327 328 327 328 329 329 329 328 327 326 326 326 325 325 324 325 323 324 325 325 323 324 323 321 321 322 322 323 321 321 323 321 320 320 319 320 320 321 321 322
327 326 326 326 327 327 327 328 328 328 328 328 327 328 329 328 328 328 328 328 328 329 329 329 331 330 331 330 329 330 329 330 330 330 329 330 330 328 327 328 328 328 327 327 328 328 328 327 327 327 327 328 328 329 328 328 328 327 327 325 326 326 325 325 323 324 325 325 325 323 322 322 321 321 322 322 323 322 322 323 321 321 320 321 321 321 321 322
327 327 326 326 327 327 327 328 328 328 328 328 328 329 329 328 328 328 328 328 328 328 329 329 331 331 331 330 330 329 328 328 328 328 330 328 329 328 327 327 328 328 327 327 328 328 327 327 327 327 328 328 328 328 329 329 328 328 327 325 326 326 325 324 325 324 325 326 325 324 324 323 322 319 320 321 323 323 322 323 322 321 321 322 323 322 322 322
326 327 326 326 326 327 326 328 328 328 328 328 328 328 328 327 328 328 328 328 328 329 329 329 331 330 331 330 330 330 328 328 328 328 327 327 327 327 327 328 328 328 328 328 328 327 328 327 327 327 327 328 328 328 329 329 328 328 327 326 326 327 326 326 324 324 325 326 326 325 324 322 322 322 321 322 323 323 323 323 322 321 322 322 323 323 322 323
325 326 327 327 326 327 327 327 329 327 326 327 328 327 328 328 327 327 328 328 328 328 329 329 329 330 330 329 330 329 328 328 328 327 327 327 327 327 327 328 328 328 328 328 327 328 327 327 327 327 328 328 328 328 329 330 329 328 329 327 327 327 326 326 324 325 325 326 326 325 324 323 323 323 323 322 322 323 324 323 323 322 322 323 323 323 323 323
325 326 327 325 325 327 327 327 328 327 326 326 327 327 327 327 327 327 327 328 328 328 330 330 330 330 330 330 329 328 328 328 327 327 327 327 327 327 327 328 328 328 327 327 328 328 327 327 327 327 327 327 328 328 329 330 330 329 328 326 327 328 327 326 325 325 326 326 326 326 324 324 323 324 323 323 322 323 323 324 323 323 323 323 323 323 323 323
326 327 326 326 326 326 327 327 328 326 327 326 326 326 327 327 327 328 328 327 327 328 328 329 330 330 330 328 328 329 328 328 328 328 328 328 327 327 328 327 329 327 327 327 327 327 327 326 326 326 327 327 327 328 329 330 329 329 328 327 328 328 328 326 326 326 326 326 326 325 325 325 323 324 324 325 323 323 323 323 323 323 323 323 323 324 324 324
326 326 326 325 325 326 326 328 328 327 327 326 326 326 327 327 327 327 327 327 327 328 329 329 330 330 328 328 328 328 328 328 328 328 327 327 327 328 327 327 328 327 327 328 327 327 327 328 326 326 326 327 328 328 327 328 328 329 329 327 327 328 326 326 326 327 325 325 326 326 325 325 324 324 325 325 324 323 324 324 323 323 323 323 323 324 324 324
326 325 326 325 325 325 326 327 328 326 326 326 327 327 326 327 327 327 327 327 327 327 328 328 330 330 329 328 327 327 327 328 327 327 327 327 327 327 327 327 327 328 328 328 327 328 328 326 327 327 327 326 327 326 327 327 328 329 330 329 328 327 327 326 326 328 327 327 326 325 326 326 324 324 324 325 325 324 324 324 324 324 323 323 324 324 324 324
324 325 325 326 325 326 326 327 328 326 326 326 326 327 327 327 327 327 327 327 327 328 328 329 329 328 328 327 327 327 328 327 327 328 327 328 327 327 328 327 328 328 328 328 327 327 327 327 327 327 327 327 327 326 327 327 327 328 330 330 329 329 327 326 327 327 327 329 328 326 326 325 325 326 325 325 326 325 325 325 325 324 324 324 325 324 324 324
325 325 325 325 325 325 326 327 326 326 325 326 326 326 326 326 327 327 327 327 327 327 328 329 329 328 327 327 327 327 327 327 327 328 328 328 327 327 327 328 327 327 327 327 327 327 327 327 327 327 326 326 326 326 327 327 327 328 328 330 330 328 327 326 326 329 329 329 327 326 325 326 326 326 326 326 326 326 325 325 325 325 324 325 325 324 324 324
324 324 324 324 324 325 327 326 326 325 325 325 325 326 326 326 326 326 326 326 328 327 328 329 329 328 327 327 327 327 327 327 327 327 327 327 327 327 327 327 327 327 327 327 327 327 327 327 327 327 326 326 326 326 326 327 327 326 327 328 330 330 326 327 327 330 329 329 328 327 326 326 326 326 326 326 326 326 326 326 325 325 325 325 325 325 324 324
324 324 324 324 325 325 324 325 325 325 325 326 326 326 326 326 325 326 326 326 327 327 328 329 329 327 327 327 327 327 327 327 327 327 327 327 327 327 327 327 326 326 327 327 327 326 327 327 327 327 327 326 327 326 327 327 327 327 327 328 329 330 329 328 328 329 328 328 328 326 327 326 326 327 327 327 326 326 326 326 326 326 325 325 325 325 325 325
324 324 325 325 324 324 324 324 324 325 325 325 325 325 325 325 325 325 325 326 327 328 328 328 327 326 326 326 327 326 326 327 327 326 326 326 326 327 326 326 326 326 326 327 326 326 327 327 326 327 327 327 326 326 327 327 327 326 326 327 328 329 330 329 330 329 328 328 327 327 327 326 327 327 327 327 327 327 326 326 326 326 326 326 326 325 325 324
324 324 324 324 324 324 324 324 324 324 324 324 324 324 325 325 325 326 326 326 326 327 328 327 326 326 326 326 326 326 326 326 326 326 326 326 326 326 326 326 326 326 327 327 326 326 327 327 327 326 326 326 326 327 327 327 327 326 326 326 327 328 329 327 328 326 327 327 327 327 327 328 328 328 327 327 327 327 327 326 326 326 326 326 326 326 326 325
323 324 324 325 323 323 324 324 324 324 324 324 324 325 324 325 325 326 326 325 326 328 326 326 326 326 326 326 326 326 326 326 326 326 326 326 326 326 326 326 326 326 326 326 326 326 326 326 326 326 326 326 327 327 327 326 326 326 326 327 327 328 330 328 327 326 327 327 327 327 327 328 328 328 327 327 327 327 327 327 327 327 326 326 326 326 326 324
323 323 325 323 323 324 323 323 324 324 324 323 324 324 324 324 324 325 325 326 326 326 328 326 326 326 326 326 326 326 326 326 326 326 325 325 326 326 325 325 326 326 326 326 326 325 326 326 326 326 326 326 327 327 327 326 327 326 326 327 327 328 330 328 327 327 327 328 327 327 327 327 328 328 328 327 327 327 327 328 328 328 328 326 326 326 326 326
322 322 325 325 323 323 323 323 323 324 324 324 324 324 324 324 324 324 324 324 326 326 325 326 325 326 326 326 326 326 326 326 326 325 325 325 325 325 326 325 326 326 326 326 325 325 326 326 326 326 326 327 326 327 327 326 327 327 326 327 327 327 330 328 327 326 327 328 327 327 327 327 328 328 328 328 328 328 328 328 328 328 328 327 327 327 327 326
322 322 322 323 323 323 323 323 323 323 324 324 324 324 324 324 324 324 324 324 324 325 325 326 325 325 325 326 325 326 325 325 326 325 326 325 325 325 326 326 326 325 325 325 325 325 325 326 326 326 326 326 327 326 327 327 327 327 327 327 328 330 327 327 327 327 327 328 327 327 328 327 328 328 328 328 328 328 328 328 328 328 328 328 328 328 328 327
322 322 323 323 323 323 323 323 324 324 324 323 323 323 324 324 324 324 324 324 324 324 324 326 326 326 326 325 326 326 327 326 325 325 325 325 325 324 325 325 325 324 325 325 325 326 326 326 326 326 326 325 326 326 326 326 327 327 327 327 329 329 328 327 327 327 327 328 327 327 328 327 328 328 328 328 328 329 329 329 329 329 328 328 328 328 328 327
322 322 322 322 324 324 324 324 324 324 324 324 324 324 324 323 323 324 324 324 324 324 324 325 324 324 324 326 325 325 326 326 325 325 325 325 325 325 325 325 325 325 325 325 325 326 326 326 326 326 326 325 326 326 327 326 327 326 327 327 329 327 327 327 327 328 327 327 328 328 328 328 328 328 329 328 328 329 329 329 329 329 329 329 329 328 328 328
