test/testdata/Hispaniola_WorldClim/snv_5.asc
ncols         743
nrows         319
xllcorner     -74.500956448335
yllcorner     17.448920549066
cellsize      0.0083333333333333
NODATA_value  -9999
[rows 78 to 116 of 319, columns 176 to 263 of 743]
-9999 -9999 -9999 -9999 -9999 -9999 -9999 -9999 -9999 -9999 -9999 -9999 -9999 -9999 -9999 -9999 -9999 -9999 -9999 -9999 -9999 -9999 -9999 -9999 -9999 -9999 -9999 -9999 -9999 -9999 -9999 328 323 317 319 321 328 328 328 -9999 328 327 327 327 326 326 326 326 326 326 326 326 324 306 312 321 320 311 308 308 293 277 271 262 270 274 277 278 288 295 297 289 287 286 280 281 283 282 279 286 285 282 281 285 288 291 289 286
-9999 -9999 -9999 -9999 -9999 -9999 -9999 -9999 -9999 -9999 -9999 -9999 -9999 -9999 -9999 -9999 -9999 -9999 -9999 -9999 -9999 -9999 -9999 -9999 -9999 -9999 -9999 -9999 -9999 -9999 -9999 -9999 -9999 328 328 328 -9999 -9999 -9999 -9999 327 327 327 327 327 326 326 326 327 328 327 327 323 315 311 317 319 318 314 306 297 297 281 274 267 276 275 271 284 292 296 292 288 285 280 284 286 283 284 285 285 282 277 288 291 292 291 289
-9999 -9999 -9999 -9999 -9999 -9999 -9999 -9999 -9999 -9999 -9999 -9999 -9999 -9999 -9999 -9999 -9999 -9999 -9999 -9999 -9999 -9999 -9999 -9999 -9999 -9999 -9999 -9999 -9999 -9999 -9999 -9999 -9999 -9999 -9999 -9999 -9999 -9999 -9999 -9999 328 327 327 327 327 327 327 327 327 327 328 327 325 314 315 318 314 320 317 312 305 308 297 281 268 267 281 277 280 293 294 294 291 287 284 288 288 288 288 289 290 287 290 292 293 293 289 288
-9999 -9999 -9999 -9999 -9999 -9999 -9999 -9999 -9999 -9999 -9999 -9999 -9999 -9999 -9999 -9999 -9999 -9999 -9999 -9999 -9999 -9999 -9999 -9999 -9999 -9999 -9999 -9999 -9999 -9999 -9999 -9999 -9999 -9999 -9999 -9999 -9999 328 -9999 -9999 328 328 327 327 327 325 327 327 327 327 328 327 326 322 312 307 311 308 317 318 315 314 307 290 277 264 262 274 280 291 290 293 289 288 282 285 290 290 290 290 292 291 292 294 292 289 290 290
-9999 -9999 -9999 -9999 -9999 -9999 -9999 -9999 -9999 -9999 -9999 -9999 -9999 -9999 -9999 -9999 -9999 -9999 -9999 -9999 -9999 -9999 -9999 -9999 -9999 -9999 -9999 -9999 -9999 -9999 -9999 -9999 -9999 -9999 -9999 -9999 -9999 329 -9999 -9999 -9999 328 328 328 327 324 324 327 328 327 327 327 327 322 312 305 308 312 313 312 313 312 310 302 285 273 258 260 265 277 281 285 275 278 286 287 290 291 293 291 292 293 294 294 280 290 292 292
-9999 -9999 -9999 -9999 -9999 -9999 -9999 -9999 -9999 -9999 -9999 -9999 -9999 -9999 -9999 -9999 -9999 -9999 -9999 -9999 -9999 -9999 -9999 -9999 -9999 -9999 -9999 -9999 -9999 -9999 -9999 -9999 -9999 -9999 -9999 -9999 -9999 329 328 -9999 -9999 -9999 328 328 328 318 314 328 328 327 328 328 326 324 320 305 306 314 315 314 306 306 300 291 289 275 267 255 254 260 267 276 267 269 279 289 288 290 293 293 292 294 295 292 281 284 293 293
-9999 -9999 -9999 -9999 -9999 -9999 -9999 -9999 -9999 -9999 -9999 -9999 -9999 -9999 -9999 -9999 -9999 -9999 -9999 -9999 -9999 -9999 -9999 -9999 -9999 -9999 -9999 -9999 -9999 -9999 -9999 -9999 -9999 -9999 -9999 -9999 329 329 329 -9999 -9999 -9999 328 328 329 315 311 314 324 328 327 327 327 326 317 310 306 315 316 312 310 306 295 290 286 278 271 263 246 244 257 268 276 285 279 284 288 291 292 294 294 295 296 288 284 291 292 297
-9999 -9999 -9999 -9999 -9999 -9999 -9999 -9999 -9999 -9999 -9999 -9999 -9999 -9999 -9999 -9999 -9999 -9999 -9999 -9999 -9999 -9999 -9999 -9999 -9999 -9999 -9999 -9999 -9999 -9999 -9999 -9999 -9999 -9999 -9999 -9999 -9999 -9999 329 329 329 329 329 329 328 328 312 312 315 328 327 328 326 326 325 320 313 318 315 317 313 302 292 289 288 278 273 270 259 238 238 261 270 287 282 273 287 285 290 294 296 296 297 295 293 291 293 291
-9999 -9999 -9999 -9999 -9999 -9999 -9999 -9999 -9999 -9999 -9999 -9999 -9999 -9999 -9999 -9999 -9999 -9999 -9999 -9999 -9999 -9999 -9999 -9999 -9999 -9999 -9999 -9999 -9999 -9999 -9999 -9999 -9999 -9999 -9999 -9999 -9999 -9999 329 329 329 329 329 329 328 329 328 327 304 312 328 328 327 326 326 323 320 322 321 320 315 312 304 297 288 285 279 278 263 245 239 255 266 282 289 290 276 278 288 294 294 298 298 298 297 297 299 291
-9999 -9999 -9999 -9999 -9999 -9999 -9999 -9999 -9999 -9999 -9999 -9999 -9999 -9999 -9999 -9999 -9999 -9999 -9999 -9999 -9999 -9999 -9999 -9999 -9999 -9999 -9999 -9999 -9999 -9999 -9999 -9999 -9999 -9999 -9999 -9999 -9999 -9999 329 329 329 329 329 329 329 329 329 327 318 306 320 327 327 327 325 325 323 317 302 314 317 313 308 307 291 287 284 278 279 266 242 248 264 282 290 292 287 278 287 293 296 296 300 299 299 300 301 301
-9999 -9999 -9999 -9999 -9999 -9999 -9999 -9999 -9999 -9999 -9999 -9999 -9999 -9999 -9999 -9999 -9999 -9999 -9999 -9999 -9999 -9999 -9999 -9999 -9999 -9999 -9999 -9999 -9999 -9999 -9999 -9999 330 330 329 -9999 -9999 329 329 329 329 329 329 329 330 329 329 329 326 313 319 327 326 326 326 325 325 322 300 305 315 311 311 306 297 286 282 279 281 273 266 256 263 273 286 294 294 294 285 292 295 298 299 300 300 301 301 302
-9999 -9999 -9999 -9999 -9999 -9999 -9999 -9999 -9999 -9999 -9999 -9999 -9999 -9999 -9999 -9999 -9999 -9999 -9999 -9999 -9999 -9999 -9999 -9999 -9999 -9999 -9999 -9999 -9999 -9999 -9999 330 330 330 329 329 330 329 329 330 330 330 329 330 330 330 330 330 328 329 315 324 326 326 326 326 325 321 309 302 307 310 303 301 300 293 283 288 286 284 281 270 258 273 289 294 296 297 282 293 297 300 300 301 301 301 302 303
-9999 -9999 -9999 -9999 -9999 -9999 -9999 -9999 -9999 -9999 -9999 -9999 -9999 -9999 -9999 -9999 -9999 -9999 -9999 -9999 -9999 -9999 -9999 -9999 -9999 -9999 -9999 -9999 -9999 -9999 -9999 330 330 330 330 330 330 330 330 330 330 330 330 330 330 330 330 329 329 330 319 319 326 326 327 326 325 324 320 301 291 298 301 295 289 294 291 285 290 290 289 282 271 286 291 295 297 296 298 299 300 300 301 301 302 302 304 304
-9999 -9999 -9999 -9999 -9999 -9999 -9999 -9999 -9999 -9999 -9999 -9999 -9999 -9999 -9999 -9999 -9999 -9999 -9999 -9999 -9999 -9999 -9999 -9999 -9999 -9999 -9999 -9999 -9999 -9999 -9999 330 330 330 330 330 330 330 330 330 330 330 330 330 330 330 330 330 330 330 329 329 324 329 327 327 326 325 321 311 295 291 297 289 287 286 292 291 293 292 291 289 283 278 295 298 299 301 298 294 289 295 302 302 302 303 304 304
-9999 -9999 -9999 -9999 -9999 -9999 -9999 -9999 -9999 -9999 -9999 -9999 -9999 -9999 -9999 -9999 -9999 -9999 -9999 -9999 -9999 -9999 -9999 -9999 -9999 -9999 -9999 -9999 -9999 -9999 -9999 -9999 330 330 330 330 330 330 330 330 330 330 330 330 330 330 330 330 330 330 330 329 329 329 328 324 326 321 318 311 312 295 283 285 279 288 295 297 297 294 294 293 291 285 291 298 300 301 300 295 279 289 302 304 304 303 304 305
-9999 -9999 -9999 -9999 -9999 -9999 -9999 -9999 -9999 -9999 -9999 -9999 -9999 -9999 -9999 -9999 -9999 -9999 -9999 -9999 -9999 -9999 -9999 -9999 -9999 -9999 -9999 -9999 -9999 -9999 -9999 -9999 330 330 330 330 330 330 330 330 330 330 330 330 330 330 330 330 330 330 330 330 329 329 328 317 317 312 305 305 307 281 282 279 279 280 293 297 299 300 294 296 297 297 295 299 300 302 302 300 286 291 300 304 304 305 304 305
-9999 -9999 -9999 -9999 -9999 -9999 -9999 -9999 -9999 -9999 -9999 -9999 -9999 -9999 -9999 -9999 -9999 -9999 -9999 -9999 -9999 -9999 -9999 -9999 -9999 -9999 -9999 -9999 -9999 -9999 -9999 -9999 -9999 -9999 -9999 -9999 -9999 330 330 330 330 330 330 330 330 330 330 330 330 330 330 330 330 329 329 313 309 303 298 305 309 304 288 282 286 288 296 291 300 301 300 295 296 299 298 295 301 302 303 301 284 295 301 303 304 305 306 306
-9999 -9999 -9999 -9999 -9999 -9999 -9999 -9999 -9999 -9999 -9999 -9999 -9999 -9999 -9999 -9999 -9999 -9999 -9999 -9999 -9999 -9999 -9999 -9999 -9999 -9999 -9999 -9999 -9999 -9999 -9999 -9999 -9999 -9999 -9999 331 330 330 330 330 330 330 330 330 330 330 330 330 330 330 330 330 330 330 330 330 318 318 300 290 307 310 302 290 285 290 298 298 295 301 302 301 297 296 300 300 301 302 303 302 302 300 303 304 304 304 306 307
-9999 -9999 -9999 -9999 -9999 -9999 -9999 -9999 -9999 -9999 -9999 -9999 -9999 -9999 -9999 -9999 -9999 -9999 -9999 -9999 -9999 -9999 -9999 -9999 -9999 -9999 -9999 -9999 -9999 -9999 -9999 -9999 -9999 -9999 -9999 -9999 -9999 -9999 330 331 331 330 330 330 330 330 330 330 330 330 330 330 330 330 330 330 330 325 299 290 293 300 313 304 294 306 301 295 294 302 302 303 302 303 296 296 300 303 304 304 302 303 304 306 305 305 305 307
-9999 -9999 -9999 -9999 -9999 -9999 -9999 -9999 -9999 -9999 -9999 -9999 -9999 -9999 -9999 -9999 -9999 -9999 -9999 -9999 -9999 -9999 -9999 -9999 -9999 -9999 -9999 -9999 -9999 -9999 -9999 -9999 -9999 -9999 -9999 -9999 -9999 -9999 331 331 331 331 331 331 331 330 330 330 330 330 331 331 330 330 330 330 330 325 316 295 291 306 312 320 318 317 318 308 296 294 303 303 305 304 296 294 299 302 304 306 306 305 306 306 305 307 307 305
-9999 -9999 -9999 -9999 -9999 -9999 -9999 -9999 -9999 -9999 -9999 -9999 -9999 -9999 -9999 -9999 -9999 -9999 -9999 -9999 -9999 -9999 -9999 -9999 -9999 -9999 -9999 -9999 -9999 -9999 -9999 -9999 -9999 -9999 -9999 331 331 -9999 331 331 331 331 331 331 331 331 331 331 330 331 331 331 330 330 330 330 330 330 308 299 293 295 300 315 321 325 326 323 320 293 296 304 305 305 304 300 298 300 303 305 306 307 307 307 308 308 309 307
-9999 -9999 -9999 -9999 -9999 -9999 -9999 -9999 -9999 -9999 -9999 -9999 -9999 -9999 -9999 -9999 -9999 -9999 -9999 -9999 -9999 -9999 -9999 -9999 -9999 -9999 -9999 -9999 -9999 -9999 -9999 332 332 332 331 331 331 331 331 331 331 331 331 331 331 332 332 331 331 331 331 331 331 331 330 330 330 331 325 310 300 295 299 300 312 322 328 327 325 305 288 294 306 306 305 305 299 302 302 303 303 307 308 307 306 308 308 309
-9999 -9999 -9999 -9999 -9999 -9999 -9999 -9999 -9999 -9999 -9999 -9999 -9999 -9999 -9999 -9999 -9999 -9999 -9999 -9999 -9999 -9999 -9999 -9999 -9999 -9999 -9999 -9999 -9999 -9999 -9999 332 332 332 332 332 331 331 331 331 332 332 332 332 332 332 332 332 332 332 332 332 331 331 330 331 331 331 331 331 321 317 315 312 310 318 328 327 328 314 297 289 306 306 306 305 298 300 299 301 303 300 307 306 306 308 308 309
-9999 -9999 -9999 -9999 -9999 -9999 -9999 -9999 -9999 -9999 -9999 -9999 -9999 -9999 -9999 -9999 -9999 -9999 -9999 -9999 -9999 -9999 -9999 -9999 -9999 -9999 -9999 -9999 -9999 -9999 -9999 332 332 332 332 332 332 332 332 332 332 332 332 332 332 332 332 332 332 332 332 332 332 331 331 331 331 331 331 331 331 330 330 312 311 325 319 316 314 306 302 301 289 307 307 306 297 296 300 300 304 304 306 306 306 306 308 308
-9999 -9999 -9999 -9999 -9999 -9999 -9999 -9999 -9999 -9999 -9999 -9999 -9999 -9999 -9999 -9999 -9999 -9999 -9999 -9999 -9999 -9999 -9999 -9999 -9999 -9999 -9999 -9999 -9999 -9999 -9999 332 332 332 332 332 332 332 332 332 332 332 332 332 332 332 332 332 332 332 332 332 332 331 331 331 331 331 331 331 331 331 331 330 330 330 306 299 305 306 304 299 299 291 307 306 299 292 293 295 300 299 301 302 305 305 308 309
-9999 -9999 -9999 -9999 -9999 -9999 -9999 -9999 -9999 -9999 -9999 -9999 -9999 -9999 -9999 -9999 -9999 -9999 -9999 -9999 -9999 -9999 -9999 -9999 -9999 -9999 -9999 -9999 -9999 -9999 -9999 332 332 332 332 332 332 332 332 332 332 332 332 332 332 332 332 332 332 332 332 332 332 332 331 331 331 331 331 331 331 331 331 331 330 329 324 319 303 306 303 301 298 297 297 294 297 295 291 297 299 298 299 302 300 306 308 310
-9999 -9999 -9999 -9999 -9999 -9999 -9999 -9999 -9999 -9999 -9999 -9999 -9999 -9999 -9999 -9999 -9999 -9999 -9999 -9999 -9999 -9999 -9999 -9999 -9999 -9999 -9999 -9999 -9999 -9999 332 332 -9999 332 332 333 333 332 332 332 332 332 332 332 332 332 332 332 332 332 332 332 332 331 332 332 331 331 331 331 331 331 331 330 331 330 331 327 317 302 308 300 298 296 297 290 291 290 288 295 299 299 294 296 297 298 305 308
-9999 -9999 -9999 -9999 -9999 -9999 -9999 -9999 -9999 -9999 -9999 -9999 -9999 -9999 -9999 -9999 -9999 -9999 -9999 -9999 -9999 -9999 -9999 -9999 -9999 -9999 -9999 -9999 -9999 -9999 333 332 332 332 333 333 333 333 333 333 333 333 333 332 332 332 332 332 332 332 332 332 332 332 332 332 332 331 331 331 332 332 332 323 329 324 331 330 326 321 308 315 310 316 308 301 304 287 284 285 289 285 286 288 292 295 300 306
-9999 -9999 -9999 -9999 -9999 -9999 -9999 -9999 -9999 -9999 -9999 -9999 -9999 -9999 -9999 -9999 -9999 -9999 -9999 -9999 -9999 -9999 -9999 -9999 -9999 -9999 -9999 -9999 331 333 333 333 333 333 333 333 333 333 333 333 333 333 333 332 332 332 332 332 332 332 332 332 332 332 332 332 332 331 331 332 332 332 331 328 332 330 329 331 330 329 326 319 311 308 307 310 309 303 298 279 281 284 281 277 287 296 302 303
-9999 -9999 -9999 -9999 -9999 -9999 -9999 -9999 -9999 -9999 -9999 -9999 -9999 -9999 -9999 -9999 -9999 -9999 -9999 -9999 -9999 -9999 -9999 -9999 -9999 -9999 -9999 -9999 -9999 333 333 333 333 333 333 333 333 333 333 333 333 333 333 333 333 333 332 332 332 332 332 332 332 332 332 332 332 331 331 332 332 332 332 332 332 332 332 331 330 330 319 314 312 308 299 290 300 301 298 299 289 281 285 283 288 288 297 302
-9999 -9999 -9999 -9999 -9999 -9999 -9999 -9999 -9999 -9999 -9999 -9999 -9999 -9999 -9999 -9999 -9999 -9999 -9999 -9999 -9999 -9999 -9999 -9999 -9999 -9999 -9999 -9999 -9999 333 333 333 333 333 333 333 333 333 333 333 333 333 333 333 333 333 333 332 332 332 332 332 332 332 332 332 332 332 332 332 332 332 332 332 332 331 331 331 329 330 329 323 312 307 300 282 279 289 293 296 292 288 285 285 283 285 292 300
-9999 -9999 -9999 -9999 -9999 -9999 -9999 -9999 -9999 -9999 -9999 -9999 -9999 -9999 -9999 -9999 -9999 -9999 -9999 -9999 -9999 -9999 -9999 -9999 -9999 -9999 -9999 -9999 -9999 -9999 333 333 333 334 334 334 334 334 333 333 333 333 333 333 333 333 333 332 332 333 332 332 332 332 332 332 333 332 332 332 332 332 332 332 332 331 331 331 331 330 330 329 317 308 297 288 274 271 282 294 295 290 283 280 281 290 293 299
-9999 -9999 -9999 -9999 -9999 -9999 -9999 -9999 -9999 -9999 -9999 -9999 -9999 -9999 -9999 -9999 -9999 -9999 -9999 -9999 -9999 -9999 -9999 -9999 -9999 -9999 -9999 -9999 -9999 -9999 -9999 332 330 330 332 333 334 334 334 334 333 333 333 333 333 333 333 333 333 333 333 333 332 332 333 333 333 333 332 332 332 332 332 332 332 332 331 331 332 330 330 329 329 326 308 297 279 272 275 279 290 286 288 285 285 284 287 294
-9999 -9999 -9999 -9999 -9999 -9999 -9999 -9999 -9999 -9999 -9999 -9999 -9999 -9999 -9999 -9999 -9999 -9999 -9999 -9999 -9999 -9999 -9999 -9999 -9999 -9999 -9999 -9999 -9999 -9999 -9999 -9999 329 328 328 327 330 331 332 333 334 333 334 333 333 333 333 333 333 333 333 333 333 333 333 333 333 332 332 332 332 332 332 332 332 330 328 331 332 330 327 330 329 321 315 298 290 280 269 272 280 285 288 289 286 289 284 289
-9999 -9999 -9999 -9999 -9999 -9999 -9999 -9999 -9999 -9999 -9999 -9999 -9999 -9999 -9999 -9999 -9999 -9999 -9999 -9999 -9999 -9999 -9999 -9999 -9999 -9999 -9999 -9999 -9999 -9999 -9999 -9999 333 323 323 326 327 329 328 331 332 333 333 333 333 334 333 334 333 333 333 333 333 333 333 333 333 333 332 332 332 332 332 332 332 331 331 332 325 320 326 326 329 328 310 305 298 288 273 269 270 276 287 289 291 289 286 291
-9999 -9999 -9999 -9999 -9999 -9999 -9999 -9999 -9999 -9999 -9999 -9999 -9999 -9999 -9999 -9999 -9999 -9999 -9999 -9999 -9999 -9999 -9999 -9999 -9999 -9999 -9999 -9999 -9999 -9999 -9999 -9999 -9999 329 324 320 321 322 324 329 331 331 331 331 331 332 334 334 333 333 333 333 333 333 333 333 333 332 332 332 332 332 332 332 332 331 331 332 331 327 319 327 326 325 318 309 300 286 279 276 269 269 287 286 288 290 289 289
-9999 -9999 -9999 -9999 -9999 -9999 -9999 -9999 -9999 -9999 -9999 -9999 -9999 -9999 -9999 -9999 -9999 -9999 -9999 -9999 -9999 -9999 -9999 -9999 -9999 -9999 -9999 -9999 -9999 -9999 -9999 -9999 -9999 -9999 333 322 320 319 317 321 327 329 327 329 330 333 333 333 333 333 333 333 333 333 333 333 332 332 332 332 332 332 332 332 331 332 332 332 332 330 324 327 325 324 325 316 300 291 282 286 281 272 277 289 292 291 291 296
-9999 -9999 -9999 -9999 -9999 -9999 -9999 -9999 -9999 -9999 -9999 -9999 -9999 -9999 -9999 -9999 -9999 -9999 -9999 -9999 -9999 -9999 -9999 -9999 -9999 -9999 -9999 -9999 -9999 -9999 -9999 -9999 -9999 -9999 -9999 334 331 322 314 317 318 322 324 327 328 328 332 331 332 331 332 333 333 333 332 332 332 332 332 332 332 332 332 332 331 332 332 332 331 327 322 328 328 323 323 322 316 298 291 298 292 275 270 285 285 290 290 298
-9999 -9999 -9999 -9999 -9999 -9999 -9999 -9999 -9999 -9999 -9999 -9999 -9999 -9999 -9999 -9999 -9999 -9999 -9999 -9999 -9999 -9999 -9999 -9999 -9999 -9999 -9999 -9999 -9999 -9999 -9999 -9999 -9999 -9999 -9999 -9999 -9999 335 329 319 321 320 330 329 328 325 328 327 329 327 329 328 330 332 332 332 332 332 332 332 332 332 332 332 332 332 332 331 331 325 323 329 325 320 316 309 313 315 316 297 285 279 270 273 285 289 294 300
