test/testdata/Hispaniola_WorldClim/snv_13.asc
ncols         743
nrows         319
xllcorner     -74.500956448335
yllcorner     17.448920549066
cellsize      0.0083333333333333
NODATA_value  -9999
[rows 195 to 233 of 319, columns 352 to 439 of 743]
121 122 124 125 126 128 128 131 132 134 134 137 140 137 134 130 128 125 121 118 115 114 113 112 111 110 109 108 108 107 106 105 105 104 104 103 103 103 104 104 105 106 110 113 117 126 131 127 126 119 121 126 123 124 123 118 119 118 121 117 118 120 122 124 124 126 129 131 131 131 132 132 133 132 132 132 131 131 131 131 131 132 132 133 133 134 134 134
120 121 122 124 125 125 127 128 129 130 131 132 131 131 129 128 124 121 119 116 114 113 112 111 110 110 109 108 107 106 106 105 104 104 103 103 102 102 102 102 103 104 105 109 114 116 129 132 131 123 119 119 119 121 122 117 115 121 117 118 119 125 125 125 128 130 131 130 131 132 132 131 132 132 131 131 131 131 131 131 131 132 132 133 133 133 133 133
119 120 121 122 123 124 125 126 127 128 128 128 128 126 125 123 121 120 117 115 113 112 111 110 110 109 108 108 106 106 105 105 104 103 103 102 102 101 101 101 101 102 104 108 111 112 117 119 120 118 117 119 116 119 122 113 114 119 117 122 125 125 132 133 134 135 136 134 133 131 130 131 131 131 131 131 132 132 132 132 132 132 132 133 133 133 133 134
117 118 119 120 121 122 123 124 125 126 126 125 125 124 123 122 120 118 116 114 113 112 110 110 109 108 108 107 106 106 105 104 104 103 102 102 102 101 101 100 100 101 102 105 107 108 111 112 115 116 116 115 114 113 113 113 115 116 118 126 127 130 135 136 135 136 135 134 133 133 133 132 132 132 132 131 132 132 132 132 132 132 132 133 133 133 134 134
116 116 117 118 119 120 121 122 123 124 125 123 123 123 122 120 119 117 115 114 112 111 110 109 109 108 107 107 106 105 105 104 103 103 102 102 101 101 100 100 100 100 101 103 104 104 107 108 111 115 110 112 113 112 114 115 121 124 127 129 127 130 132 133 133 135 136 135 135 134 134 134 133 133 134 133 133 132 133 133 133 133 133 133 134 134 134 134
113 114 115 116 117 118 119 120 121 121 122 121 121 121 119 118 117 116 114 113 112 111 110 109 109 108 107 107 106 105 105 104 103 103 102 101 101 100 100 100 100 100 100 101 102 103 105 106 108 114 110 112 112 115 116 117 128 134 130 136 134 133 135 136 136 138 139 137 137 136 136 136 135 135 135 134 134 134 133 133 133 134 134 134 134 135 134 135
112 113 113 115 116 116 117 117 118 119 119 119 119 118 118 117 116 115 115 112 111 110 110 110 109 108 107 107 106 105 105 104 103 103 102 101 101 100 100 100 99 100 100 100 101 102 104 108 109 113 114 111 117 118 122 125 127 135 135 139 138 138 139 141 139 140 141 140 140 139 138 138 137 137 136 136 135 136 135 135 134 134 134 134 134 135 135 135
110 111 112 112 113 114 115 115 116 116 117 117 117 117 116 116 115 114 114 112 111 111 110 110 109 108 107 107 106 105 105 104 103 103 102 101 101 100 100 99 99 99 99 100 101 103 104 106 112 110 111 112 113 126 131 135 131 137 142 143 144 146 147 144 145 144 144 143 142 142 141 140 139 138 137 137 137 137 136 136 135 135 135 135 135 135 135 136
109 110 110 111 111 112 112 113 114 114 115 115 115 115 115 114 114 113 112 113 112 111 110 110 109 108 107 107 106 106 105 104 104 103 102 102 101 100 100 99 99 99 99 100 101 103 107 107 109 110 112 118 129 136 136 139 140 143 146 152 157 169 185 171 160 149 147 148 146 145 144 143 141 140 139 139 138 137 137 136 136 136 136 136 136 136 136 136
107 108 108 109 109 110 110 111 112 112 113 113 113 114 113 113 112 112 112 112 111 111 110 110 109 108 108 107 107 106 106 105 104 103 103 102 101 101 100 99 99 99 99 100 102 104 105 107 109 111 122 123 128 134 138 138 143 147 149 167 176 174 178 176 158 159 154 155 149 147 147 146 142 141 141 140 139 139 138 137 137 137 137 137 137 137 137 137
106 108 107 107 108 108 108 109 109 110 111 111 112 112 113 113 112 111 111 111 111 110 110 109 109 109 108 108 107 107 106 106 105 104 103 103 102 101 100 100 99 99 99 100 102 104 107 112 116 122 126 127 128 132 135 142 143 148 153 157 166 177 184 190 185 186 172 163 169 164 154 147 145 143 142 141 141 140 140 139 139 138 138 137 137 137 137 137
123 117 106 105 106 106 106 110 108 108 109 110 110 112 112 112 111 111 111 111 110 110 110 110 109 109 108 108 108 108 107 106 106 105 104 104 103 102 101 100 99 99 99 100 102 105 108 111 114 118 121 125 130 131 137 143 146 153 163 172 180 192 200 205 204 200 190 185 187 188 175 166 151 146 145 144 143 142 141 140 140 139 139 138 138 138 138 138
179 180 125 113 105 105 104 105 109 114 110 109 109 110 111 111 111 111 111 111 111 110 109 110 110 109 109 109 109 108 107 107 107 106 105 105 104 103 102 102 101 100 100 101 104 106 109 112 115 122 124 127 132 140 151 154 160 165 177 185 188 205 212 218 220 217 206 200 194 192 192 187 178 167 149 150 150 144 142 141 140 140 140 139 139 139 139 139
186 173 150 116 108 103 102 103 106 108 108 109 110 110 110 110 110 110 111 110 110 110 110 110 110 110 110 110 109 109 109 108 108 107 107 106 106 105 104 104 103 102 103 103 106 108 110 123 127 134 124 129 130 138 144 151 158 171 173 181 188 197 207 211 200 212 211 214 204 206 196 201 197 182 164 155 151 146 145 144 142 142 141 140 140 140 140 139
183 159 142 124 132 144 122 114 105 106 110 113 111 110 110 110 110 110 110 110 111 111 110 110 110 110 110 110 110 110 110 109 109 109 108 108 108 107 106 106 106 105 106 107 109 111 113 115 117 125 127 127 128 133 136 139 150 154 157 166 177 177 200 198 189 196 203 204 205 215 212 205 198 183 169 153 148 147 146 145 144 143 142 141 140 140 140 140
179 202 201 167 145 149 147 132 137 112 111 114 120 118 111 111 111 111 111 111 110 110 111 110 111 111 111 111 111 111 111 111 111 110 110 110 110 109 109 109 109 109 110 111 112 114 116 118 120 123 127 128 128 133 133 137 143 143 148 153 156 154 172 167 174 187 198 198 195 204 205 211 206 179 165 153 150 147 147 146 145 144 143 142 141 141 141 141
174 196 197 170 149 150 149 142 143 128 111 110 120 123 119 113 113 111 111 111 111 111 111 111 112 112 112 112 112 112 112 112 112 112 112 112 112 112 112 112 112 113 113 114 116 118 119 122 124 125 127 129 130 133 135 137 139 141 142 145 148 151 152 157 159 167 175 186 186 187 195 207 210 185 165 154 151 149 148 147 146 144 144 143 142 142 142 -9999
181 179 178 165 150 156 157 154 144 129 113 110 110 111 111 111 111 114 112 112 112 112 111 112 112 112 113 113 113 113 113 114 114 114 114 114 114 114 115 115 116 116 117 118 120 122 123 125 127 129 131 132 134 135 137 138 138 142 142 145 147 147 149 151 151 153 157 171 170 173 176 196 197 176 163 154 151 150 149 148 147 146 144 144 143 -9999 -9999 -9999
191 194 183 154 161 165 173 180 182 165 156 138 114 110 111 112 111 111 112 114 113 113 113 113 113 113 114 114 114 115 115 115 116 116 116 117 117 117 119 119 120 122 121 122 124 126 127 129 131 133 135 136 138 139 140 141 142 143 143 144 147 148 148 149 148 151 153 160 156 160 177 185 189 186 168 156 152 151 150 149 148 147 146 145 144 -9999 -9999 -9999
173 195 172 175 189 188 200 179 189 206 193 167 124 116 112 112 111 112 114 114 114 114 114 114 114 114 115 115 115 116 116 117 117 118 118 119 120 121 122 122 122 124 124 126 127 129 131 133 135 137 139 140 142 143 144 145 146 146 147 147 147 147 150 148 147 150 152 153 154 163 170 176 179 183 172 157 154 153 151 151 149 148 147 145 -9999 -9999 -9999 -9999
174 174 183 184 190 206 221 228 222 223 212 207 140 123 115 112 111 114 116 116 115 116 115 117 116 116 116 116 117 117 118 119 119 120 121 122 122 124 125 125 127 128 129 131 132 134 136 138 139 141 143 145 146 147 148 149 149 150 151 151 150 -9999 -9999 -9999 150 150 153 153 154 157 163 168 173 181 180 164 157 154 153 153 150 149 148 146 -9999 -9999 -9999 -9999
197 210 194 203 180 187 226 243 245 233 233 227 212 186 127 118 112 112 121 116 116 118 118 119 118 118 118 118 118 119 120 121 121 122 123 129 130 131 129 130 132 133 135 136 138 139 141 143 144 145 147 149 150 151 152 153 153 154 154 -9999 -9999 -9999 -9999 -9999 -9999 -9999 -9999 153 154 156 157 158 161 174 180 168 160 155 154 154 150 149 148 -9999 -9999 -9999 -9999 -9999
231 225 219 221 199 195 183 232 248 246 240 239 236 226 175 141 130 113 114 127 119 120 121 120 120 120 120 120 120 121 122 122 123 125 126 127 129 131 133 135 137 139 140 142 144 146 147 148 149 150 151 153 154 155 156 157 158 158 -9999 -9999 -9999 -9999 -9999 -9999 -9999 -9999 -9999 -9999 -9999 156 158 161 162 174 177 170 159 157 155 155 154 150 148 -9999 -9999 -9999 -9999 -9999
258 252 247 234 218 203 217 213 232 244 242 241 238 237 226 204 148 126 115 116 120 122 123 121 122 123 122 122 124 123 123 124 126 127 129 131 133 135 138 140 142 144 146 148 150 151 152 153 154 155 156 158 159 160 161 161 162 -9999 -9999 -9999 -9999 -9999 -9999 -9999 -9999 -9999 -9999 -9999 -9999 -9999 159 161 161 172 174 168 162 158 157 156 155 150 -9999 -9999 -9999 -9999 -9999 -9999
261 260 257 238 216 217 214 220 235 243 243 241 237 239 236 227 196 162 140 117 119 128 133 125 126 125 125 126 125 126 126 127 129 130 133 135 138 140 142 145 148 149 151 154 155 157 158 158 159 160 160 162 163 164 165 166 -9999 -9999 -9999 -9999 -9999 -9999 -9999 -9999 -9999 -9999 -9999 -9999 -9999 -9999 159 160 163 167 162 164 161 158 158 157 151 -9999 -9999 -9999 -9999 -9999 -9999 -9999
263 264 267 258 250 240 227 221 222 235 238 246 241 217 220 216 225 201 151 117 119 120 123 139 137 127 128 136 132 128 129 131 132 134 136 139 141 144 147 150 152 155 157 160 161 162 163 163 164 165 165 166 167 169 169 170 -9999 -9999 -9999 -9999 -9999 -9999 -9999 -9999 -9999 -9999 -9999 -9999 -9999 -9999 -9999 161 162 166 160 159 159 159 157 -9999 -9999 -9999 -9999 -9999 -9999 -9999 -9999 -9999
285 283 265 266 260 260 250 239 233 232 237 237 244 221 176 163 177 171 136 123 121 122 123 127 130 133 139 139 138 150 134 134 135 137 139 142 145 148 151 155 158 161 164 165 166 167 167 168 168 169 169 171 172 173 174 -9999 -9999 -9999 -9999 -9999 -9999 -9999 -9999 -9999 -9999 -9999 -9999 -9999 -9999 -9999 -9999 163 162 161 161 161 160 155 -9999 -9999 -9999 -9999 -9999 -9999 -9999 -9999 -9999 -9999
284 284 283 267 270 276 267 259 250 241 239 238 238 238 204 192 159 130 129 125 123 123 125 127 128 134 136 134 133 139 154 150 139 141 145 147 149 152 156 159 163 166 169 171 172 172 172 172 173 173 173 175 176 177 178 -9999 -9999 -9999 -9999 -9999 -9999 -9999 -9999 -9999 -9999 -9999 -9999 -9999 -9999 -9999 -9999 -9999 163 163 158 157 -9999 -9999 -9999 -9999 -9999 -9999 -9999 -9999 -9999 -9999 -9999 -9999
288 286 285 283 281 276 277 276 265 254 254 253 249 246 245 232 225 215 204 127 128 126 128 128 130 132 134 135 137 139 143 151 149 147 149 152 153 158 161 164 167 172 175 177 177 178 176 176 176 176 178 180 182 182 182 183 -9999 -9999 -9999 -9999 -9999 -9999 -9999 -9999 -9999 -9999 -9999 -9999 -9999 -9999 -9999 -9999 -9999 -9999 -9999 -9999 -9999 -9999 -9999 -9999 -9999 -9999 -9999 -9999 -9999 -9999 -9999 -9999
285 286 286 284 279 275 274 278 274 269 266 258 258 258 253 249 248 247 236 167 135 128 131 132 133 136 138 140 140 141 145 150 151 152 153 155 158 160 163 165 170 174 178 179 175 171 180 181 179 181 183 186 188 189 189 190 -9999 -9999 -9999 -9999 -9999 -9999 -9999 -9999 -9999 -9999 -9999 -9999 -9999 -9999 -9999 -9999 -9999 -9999 -9999 -9999 -9999 -9999 -9999 -9999 -9999 -9999 -9999 -9999 -9999 -9999 -9999 -9999
261 278 280 282 280 274 269 267 278 274 271 267 262 259 258 256 252 250 243 228 179 136 134 135 138 139 141 143 144 146 149 159 161 156 156 158 159 161 163 166 170 166 167 173 175 173 177 178 180 183 186 188 189 191 194 195 194 -9999 -9999 -9999 -9999 -9999 -9999 -9999 -9999 -9999 -9999 -9999 -9999 -9999 -9999 -9999 -9999 -9999 -9999 -9999 -9999 -9999 -9999 -9999 -9999 -9999 -9999 -9999 -9999 -9999 -9999 -9999
255 257 262 271 271 267 265 266 274 274 276 271 267 263 256 256 252 248 241 210 165 148 138 139 142 145 146 147 149 153 159 168 170 167 163 161 161 163 164 166 167 167 169 171 170 171 174 174 172 172 176 187 187 191 196 200 200 196 -9999 -9999 -9999 -9999 -9999 -9999 -9999 -9999 -9999 -9999 -9999 -9999 -9999 -9999 -9999 -9999 -9999 -9999 -9999 -9999 -9999 -9999 -9999 -9999 -9999 -9999 -9999 -9999 -9999 -9999
256 256 258 261 261 260 259 261 262 267 274 275 269 265 261 257 251 244 243 224 211 162 146 144 147 150 151 153 156 160 170 180 192 197 175 169 166 165 166 168 172 172 170 172 173 172 172 174 174 173 175 177 185 188 195 202 203 198 -9999 -9999 -9999 -9999 -9999 -9999 -9999 -9999 -9999 -9999 -9999 -9999 -9999 -9999 -9999 -9999 -9999 -9999 -9999 -9999 -9999 -9999 -9999 -9999 -9999 -9999 -9999 -9999 -9999 -9999
256 257 257 258 261 260 259 258 259 260 260 270 275 269 263 256 258 258 253 245 204 166 168 152 151 155 158 163 166 169 174 196 210 211 200 177 173 170 168 169 173 177 182 183 182 181 179 175 174 176 177 179 175 179 197 207 206 202 -9999 -9999 -9999 -9999 -9999 -9999 -9999 -9999 -9999 -9999 -9999 -9999 -9999 -9999 -9999 -9999 -9999 -9999 -9999 -9999 -9999 -9999 -9999 -9999 -9999 -9999 -9999 -9999 -9999 -9999
256 257 256 258 259 260 259 259 258 258 258 262 268 274 267 261 256 255 258 250 234 202 186 155 158 167 164 173 178 185 195 208 220 222 221 202 186 174 172 173 175 178 183 188 184 179 176 175 175 176 176 177 177 178 180 205 209 205 -9999 -9999 -9999 -9999 -9999 -9999 -9999 -9999 -9999 -9999 -9999 -9999 -9999 -9999 -9999 -9999 -9999 -9999 -9999 -9999 -9999 -9999 -9999 -9999 -9999 -9999 -9999 -9999 -9999 -9999
258 257 259 261 260 260 261 260 258 258 258 259 263 271 275 266 261 263 262 252 236 225 195 176 184 179 166 184 188 216 229 226 235 241 235 230 215 182 181 186 182 181 186 190 183 180 179 178 177 177 177 178 177 177 177 181 194 205 204 -9999 -9999 -9999 -9999 -9999 -9999 -9999 -9999 -9999 -9999 -9999 -9999 -9999 -9999 -9999 -9999 -9999 -9999 -9999 -9999 -9999 -9999 -9999 -9999 -9999 -9999 -9999 -9999 -9999
260 257 257 258 270 277 266 263 258 258 258 258 262 267 273 274 269 269 266 265 258 253 230 202 208 186 182 180 206 216 239 246 249 250 246 236 224 192 201 210 211 204 198 197 190 182 182 180 182 180 179 179 179 178 179 178 181 183 201 199 -9999 -9999 -9999 -9999 -9999 -9999 -9999 -9999 -9999 -9999 -9999 -9999 -9999 -9999 -9999 -9999 -9999 -9999 -9999 -9999 -9999 -9999 -9999 -9999 -9999 -9999 -9999 -9999
275 263 261 261 265 285 274 275 268 259 258 258 259 263 271 273 273 273 265 260 257 256 254 219 201 200 187 195 220 227 244 248 251 252 251 239 227 210 223 224 224 224 218 214 204 198 188 191 192 195 194 189 193 193 187 183 179 182 193 200 -9999 -9999 -9999 -9999 -9999 -9999 -9999 -9999 -9999 -9999 -9999 -9999 -9999 -9999 -9999 -9999 -9999 -9999 -9999 -9999 -9999 -9999 -9999 -9999 -9999 -9999 -9999 -9999
292 285 268 269 274 274 288 288 285 279 262 259 259 259 267 273 274 272 265 256 249 254 244 245 238 227 187 218 232 236 242 252 253 252 251 245 226 216 228 227 229 222 224 223 219 212 204 208 206 206 202 217 214 214 205 192 180 180 185 197 198 -9999 -9999 -9999 -9999 -9999 -9999 -9999 -9999 -9999 -9999 -9999 -9999 -9999 -9999 -9999 -9999 -9999 -9999 -9999 -9999 -9999 -9999 -9999 -9999 -9999 -9999 -9999
