test/testdata/Hispaniola_WorldClim/snv_8.asc
ncols         743
nrows         319
xllcorner     -74.500956448335
yllcorner     17.448920549066
cellsize      0.0083333333333333
NODATA_value  -9999
[rows 156 to 194 of 319, columns 352 to 439 of 743]
251 249 239 242 251 250 248 241 229 218 206 213 218 230 232 241 241 245 245 245 244 246 247 248 250 251 254 254 256 256 257 257 258 258 260 260 260 260 260 260 259 260 260 260 260 260 260 260 259 259 258 257 254 258 258 238 226 243 251 253 255 255 255 246 243 242 248 249 249 239 246 254 248 251 243 233 233 230 222 215 209 204 207 214 214 196 186 183
242 237 241 239 241 247 248 248 244 226 217 193 193 200 222 223 229 237 242 243 241 243 244 249 250 249 250 253 254 255 257 257 258 258 259 260 259 260 260 260 260 260 260 260 260 261 260 260 260 259 259 258 257 258 256 250 249 245 249 249 257 252 248 239 230 232 233 239 246 252 249 256 246 247 249 237 229 221 215 218 210 205 206 202 205 212 194 205
223 223 227 225 236 238 244 246 243 241 229 211 211 204 198 195 195 219 237 237 236 237 241 245 246 246 248 250 252 254 253 256 256 258 258 259 259 260 261 260 261 260 260 261 261 261 261 261 260 260 259 258 258 259 259 253 251 248 245 253 257 250 241 228 226 232 232 245 250 253 255 252 249 247 233 224 219 215 209 210 208 213 214 210 205 203 207 195
220 211 206 205 220 237 240 240 238 240 239 234 226 221 214 204 206 212 221 227 220 231 236 243 243 239 244 249 252 251 253 253 255 257 257 258 259 259 261 261 261 261 261 261 261 261 261 261 261 261 260 259 259 260 256 255 253 249 246 256 258 254 247 245 232 235 242 249 249 257 247 235 246 242 235 224 219 219 218 221 226 225 226 221 218 213 210 195
236 235 215 229 229 232 234 239 238 231 226 218 218 210 214 209 212 211 212 208 205 216 217 212 226 236 236 243 249 249 248 251 254 254 256 256 259 258 259 261 261 262 261 261 261 262 262 261 261 260 260 260 259 260 258 255 254 250 247 252 257 256 249 249 240 240 243 249 253 258 248 246 247 245 239 233 229 230 230 233 239 237 236 235 224 212 210 206
245 245 243 242 242 239 237 237 227 217 201 199 199 204 212 202 196 197 203 195 195 201 207 204 212 215 222 234 239 245 246 249 252 253 256 255 256 257 257 259 259 262 262 262 262 261 262 262 261 261 260 260 262 260 258 256 255 252 248 250 259 259 251 250 244 245 247 252 258 258 252 252 251 247 240 238 235 243 240 241 239 225 222 234 228 219 215 212
245 245 244 243 242 239 238 233 223 207 193 185 183 183 187 186 181 183 191 188 184 186 192 188 200 208 212 219 235 238 241 244 250 252 253 253 255 257 257 257 258 258 261 262 262 261 262 262 262 261 261 261 262 261 261 259 257 256 251 248 258 261 256 249 251 249 253 259 259 255 246 249 251 249 246 243 249 246 236 238 227 209 206 212 232 231 223 221
241 243 240 241 242 240 238 233 213 195 184 168 168 172 180 182 172 181 182 185 180 179 182 185 188 197 205 213 219 227 230 240 244 249 249 250 252 254 256 255 258 259 260 260 260 262 263 262 263 262 262 262 263 262 263 260 259 257 255 251 255 260 260 258 254 251 254 260 259 252 246 246 249 248 251 250 250 237 234 223 226 218 200 191 206 215 229 221
237 230 231 241 240 240 238 223 206 192 182 179 181 182 184 187 187 192 195 188 178 179 178 178 179 190 198 205 194 181 201 216 229 241 244 247 248 251 253 255 257 259 259 260 261 260 261 263 263 263 263 263 263 264 264 262 261 260 258 253 253 258 261 260 256 256 257 261 257 252 246 251 252 253 252 251 248 242 236 225 213 189 196 182 180 198 195 207
229 234 235 238 237 238 237 227 218 200 198 195 194 189 185 186 198 203 211 199 187 185 184 182 173 180 195 196 203 206 206 220 236 238 240 243 248 251 253 255 257 257 258 256 260 260 260 261 261 261 262 262 264 264 264 264 262 262 260 257 255 248 261 261 260 261 261 260 256 253 255 255 254 250 252 248 240 233 230 232 219 203 192 181 171 179 179 200
231 227 230 229 234 235 236 232 227 221 219 213 208 206 206 209 210 216 217 214 202 197 203 196 183 174 186 197 205 211 213 221 228 236 239 243 244 246 252 253 254 255 256 255 258 259 259 259 259 260 261 260 262 264 265 264 262 262 261 258 252 245 261 261 261 260 260 259 258 258 257 247 252 253 252 250 242 235 225 219 221 209 197 192 182 164 182 186
239 235 234 232 229 229 230 232 231 227 224 223 219 220 220 223 222 222 222 221 218 213 210 203 190 186 188 194 196 204 210 214 218 222 230 233 238 239 240 250 254 256 256 256 257 258 257 258 258 260 259 258 261 265 265 265 263 264 262 262 259 259 261 260 261 259 259 257 255 255 254 255 246 248 250 247 242 237 231 225 218 212 213 201 192 178 169 176
235 234 232 232 229 228 224 224 222 228 224 220 218 223 225 226 228 228 229 230 230 224 221 218 207 202 191 190 193 194 200 203 204 213 223 239 239 245 249 246 248 248 251 256 257 258 259 259 259 259 258 258 261 262 261 263 264 263 263 262 262 262 263 257 255 257 259 260 258 257 256 257 253 253 239 247 241 241 237 233 223 216 203 204 191 186 166 173
232 230 229 225 226 225 221 225 225 223 218 213 213 218 213 217 218 224 231 232 234 231 229 227 226 218 201 197 196 195 193 196 206 216 227 245 246 248 251 252 253 253 255 252 256 257 255 258 259 258 259 257 258 258 259 263 264 264 265 266 263 260 264 260 255 257 261 261 261 261 260 260 257 253 252 249 239 229 235 236 222 213 201 193 186 176 167 165
219 216 213 209 216 217 218 223 225 223 219 214 214 212 208 207 214 221 230 216 234 234 236 236 235 227 225 221 213 208 204 207 211 225 237 244 243 245 247 247 252 253 255 256 256 248 242 243 251 257 255 258 258 257 259 261 262 265 266 266 265 265 263 260 258 258 261 262 262 262 261 259 257 257 255 252 248 244 231 228 216 213 207 199 186 174 166 164
197 195 190 192 197 199 209 215 213 218 217 217 219 217 218 218 221 208 212 208 216 224 232 237 236 233 234 233 231 229 230 228 231 237 241 243 241 245 242 245 247 249 255 252 244 236 234 236 241 251 234 244 245 257 257 258 258 265 263 266 265 265 265 262 262 260 258 264 261 260 259 258 259 257 257 253 249 233 230 225 225 216 216 211 194 188 173 168
177 171 173 177 174 185 184 198 207 212 210 214 216 217 219 219 221 221 216 212 213 212 224 229 238 238 240 238 236 237 236 235 234 231 229 232 236 239 239 238 244 254 254 247 235 238 237 241 243 241 234 235 240 256 243 234 242 256 263 266 266 263 260 264 262 263 259 265 262 261 259 258 253 255 255 253 251 235 223 223 217 203 214 206 198 184 181 170
156 155 157 163 162 165 176 177 193 203 209 207 209 212 216 216 220 219 211 204 212 221 229 232 235 237 239 240 240 239 240 239 237 235 232 235 233 232 239 247 248 253 251 239 238 239 242 243 244 244 244 236 251 242 234 241 249 246 256 263 266 267 260 266 261 260 261 265 264 263 261 258 252 248 254 257 257 238 234 242 231 224 222 201 191 193 180 171
139 142 142 142 146 154 165 164 171 176 182 197 199 207 210 212 213 216 202 187 197 216 229 234 235 237 238 239 241 241 243 243 242 242 241 242 244 240 242 246 251 253 248 244 240 246 246 246 245 245 242 239 244 230 230 243 241 234 250 259 264 267 267 267 265 264 265 264 263 263 260 256 240 238 254 257 257 249 247 247 238 239 231 223 221 207 187 176
182 157 143 140 142 135 145 160 163 168 172 178 186 190 197 197 204 202 203 195 209 221 230 229 230 232 237 237 238 240 242 244 244 244 245 245 245 246 243 250 251 252 248 249 248 246 246 244 245 244 243 232 246 230 229 245 240 237 245 254 260 267 267 267 266 265 267 265 263 252 257 248 233 233 240 256 260 250 254 249 239 245 240 231 221 208 185 172
200 183 188 160 143 131 131 142 150 159 151 162 174 173 180 182 179 193 206 200 216 220 226 212 222 227 230 235 235 240 239 243 243 245 245 245 247 247 243 249 251 249 245 243 246 238 235 239 235 240 236 235 243 235 233 237 230 242 249 245 250 257 264 267 268 268 265 263 262 261 256 250 242 249 246 261 256 251 255 254 248 250 249 240 228 202 182 171
213 210 195 172 150 146 133 139 140 139 146 150 161 161 160 168 177 197 198 200 217 219 221 210 204 203 218 228 234 236 236 239 241 244 245 247 247 248 249 250 245 243 242 240 245 237 237 237 229 234 226 230 229 234 234 232 233 241 245 253 248 256 258 264 268 268 264 261 263 261 253 247 241 249 257 262 257 253 259 257 244 237 243 245 237 216 202 184
227 220 210 188 166 166 149 169 155 164 157 163 176 180 166 168 170 180 174 175 189 204 213 221 208 202 203 209 224 233 236 233 233 227 237 242 242 246 249 247 251 242 244 243 250 242 234 230 228 230 234 234 234 240 242 240 237 244 245 251 257 258 257 262 269 269 269 269 259 263 251 237 238 252 261 262 260 260 259 256 252 241 235 235 225 206 207 193
229 200 185 185 193 175 168 183 189 195 186 201 186 195 187 184 172 167 169 173 170 171 180 202 212 208 201 195 204 218 231 241 243 245 246 246 233 247 251 254 253 253 253 247 250 244 244 239 238 231 238 242 241 247 244 245 244 245 253 247 253 253 257 262 266 267 269 269 268 266 260 246 249 260 263 263 261 260 260 260 246 238 237 232 221 208 204 190
233 231 195 173 169 175 188 195 206 212 200 211 204 213 211 198 178 166 179 181 162 164 162 177 189 188 196 193 200 202 220 230 240 243 246 247 249 247 248 254 256 258 256 254 256 250 248 248 243 241 242 245 246 245 249 249 248 252 255 259 259 264 264 265 263 267 269 270 270 261 261 262 250 244 265 264 263 260 259 253 245 252 242 242 241 234 208 193
246 214 195 163 168 180 185 202 214 225 215 225 205 210 226 220 201 197 192 192 161 160 157 168 173 172 189 187 204 208 210 214 225 236 241 243 246 250 251 255 258 258 259 257 257 255 255 253 249 246 247 250 249 251 251 254 257 257 259 259 260 258 257 260 262 268 270 270 270 262 266 266 266 264 265 262 260 259 260 259 260 255 251 252 246 237 221 228
253 236 193 188 183 198 182 188 203 215 228 224 204 201 224 233 227 204 218 215 190 180 178 180 195 177 185 191 198 210 222 214 212 216 221 231 235 241 248 253 256 259 260 260 256 256 255 252 252 251 243 246 242 241 243 250 250 252 252 255 254 254 248 260 264 260 270 270 270 267 268 263 268 266 260 259 260 261 264 264 262 256 257 252 246 241 237 230
256 242 228 215 189 200 220 207 198 201 220 236 215 198 202 213 236 231 228 232 203 196 200 204 199 201 205 213 222 236 226 204 201 215 215 213 222 234 239 246 253 258 261 261 257 255 249 251 251 247 243 240 239 240 242 241 237 243 249 248 248 252 258 261 262 255 255 262 270 270 268 269 266 264 265 263 263 265 264 265 263 258 261 252 254 241 247 239
247 245 241 232 229 213 219 229 218 196 205 230 232 221 190 189 224 244 244 242 230 213 226 227 228 228 229 233 241 237 229 203 197 200 206 211 213 218 225 234 244 253 260 259 258 256 252 253 247 241 241 237 229 231 236 236 227 231 235 237 242 249 251 255 259 256 256 252 266 271 269 269 265 262 262 261 261 264 265 266 266 264 264 263 259 257 243 249
237 235 242 240 240 233 222 225 240 224 211 233 239 241 218 195 212 225 247 249 244 233 242 241 246 250 249 246 234 217 210 209 203 198 200 206 217 208 223 232 243 253 263 256 256 257 250 257 250 237 239 240 226 218 224 226 231 227 232 233 232 236 242 250 252 255 263 259 254 266 271 268 265 263 263 259 258 261 265 267 267 265 265 265 263 260 251 257
235 237 232 238 242 240 229 235 245 246 231 226 239 253 239 214 212 225 244 254 247 243 250 249 250 257 260 236 216 226 222 228 218 208 206 214 225 226 229 238 243 250 264 263 258 253 256 252 257 251 249 241 232 226 227 233 233 239 236 240 227 231 233 244 242 249 254 265 260 270 271 267 267 265 261 256 257 259 263 267 267 267 266 266 265 265 262 258
247 250 240 242 241 244 246 244 237 249 241 234 230 255 252 222 229 228 241 256 240 238 254 258 257 268 267 259 248 241 236 234 226 230 217 220 225 235 230 243 245 256 261 265 266 263 265 261 261 259 254 246 247 240 241 249 247 249 252 249 249 241 237 241 237 241 251 261 267 271 270 268 267 262 258 259 260 261 263 267 268 267 267 268 267 267 263 259
263 250 259 249 242 233 243 248 250 251 248 246 252 252 265 249 241 245 253 259 248 258 255 263 264 269 268 266 264 263 252 247 241 237 231 232 232 239 241 249 256 259 262 265 267 268 266 265 265 263 261 257 254 257 256 258 257 259 260 258 261 257 255 256 251 247 251 258 267 269 271 268 267 259 260 262 264 264 264 266 268 266 266 268 268 266 262 257
273 269 268 261 254 251 249 251 258 259 266 257 263 265 270 264 259 257 264 252 247 260 265 268 270 274 274 273 274 271 267 262 257 246 244 244 244 253 253 259 262 262 264 266 268 268 268 267 266 265 266 266 265 264 262 263 263 262 268 264 268 268 270 274 274 262 258 261 266 270 270 267 264 260 263 264 266 266 266 268 269 267 267 269 269 267 263 259
284 279 278 275 270 261 264 272 268 267 267 263 270 273 272 273 270 269 267 260 256 256 267 274 272 276 278 279 279 277 279 275 272 266 265 263 263 262 259 248 257 262 267 264 266 269 269 268 269 267 267 267 266 265 264 265 264 263 270 270 272 270 274 273 274 273 268 272 271 271 272 265 260 263 264 265 268 268 269 269 270 267 269 270 267 264 260 263
287 285 282 282 282 274 274 274 274 276 274 274 277 278 278 277 277 273 274 272 277 274 271 277 280 281 280 281 283 282 284 283 277 274 273 270 269 268 271 272 271 270 271 273 268 269 271 270 269 270 268 268 266 266 263 268 269 269 271 272 273 271 272 273 271 273 270 272 271 270 269 264 261 263 265 267 269 269 270 270 270 271 270 267 266 263 266 266
290 289 288 283 284 280 281 281 280 279 280 280 281 280 281 279 281 278 278 279 281 277 275 277 283 284 282 283 284 285 285 284 284 282 280 278 277 272 275 277 274 273 274 273 266 267 270 271 271 271 270 269 268 266 264 267 270 271 272 272 274 274 274 273 272 269 272 271 270 269 268 262 261 265 267 268 269 270 272 272 272 272 268 265 264 265 267 264
290 290 290 290 288 287 288 287 286 285 285 285 283 283 283 283 282 281 281 281 283 280 275 275 286 285 284 284 285 285 285 284 284 284 284 282 281 279 279 279 277 277 276 272 264 266 269 271 271 272 269 268 268 264 267 270 271 272 272 273 272 275 274 271 270 269 270 269 269 266 262 261 262 265 265 268 267 268 271 273 273 270 268 266 265 263 269 267
291 291 290 291 291 290 289 288 289 289 288 287 287 285 285 285 285 284 284 284 286 286 286 286 286 285 285 285 286 285 285 284 284 284 284 284 283 282 281 280 279 277 278 273 262 264 268 269 271 272 271 270 265 268 269 268 271 272 273 272 273 273 275 273 272 270 269 268 265 264 260 261 262 260 263 262 266 267 270 273 274 271 270 268 269 266 269 269
