test/testdata/Hispaniola_WorldClim/snv_15.asc
ncols         743
nrows         319
xllcorner     -74.500956448335
yllcorner     17.448920549066
cellsize      0.0083333333333333
NODATA_value  -9999
[rows 168 to 209 of 319, columns 475 to 569 of 743]
45 43 45 44 44 45 42 42 38 34 34 33 33 33 33 33 34 37 39 40 39 37 39 41 42 43 40 39 35 34 36 35 34 35 36 36 37 37 37 37 37 37 37 35 36 37 36 36 37 36 36 37 38 38 39 40 40 41 40 41 41 41 41 42 42 42 42 43 43 44 44 44 45 45 45 46 46 46 47 47 47 47 47 47 47 48 48 48 48 48 48 48 48 48 48
46 47 47 46 45 45 43 40 41 34 34 34 34 34 35 36 36 37 38 39 38 37 39 42 44 44 43 40 34 35 36 36 36 36 37 37 37 37 37 37 37 38 38 37 37 38 37 35 36 38 37 37 36 37 38 40 40 40 41 41 41 41 40 41 42 42 43 43 43 44 44 44 45 45 45 46 46 46 47 47 47 47 47 47 48 48 48 48 48 48 48 48 48 48 48
47 47 46 47 46 46 45 41 38 37 34 34 34 36 37 39 40 38 37 38 39 37 38 41 44 44 44 41 35 35 35 35 36 36 36 37 36 37 37 38 38 38 38 38 38 38 38 36 36 37 39 39 37 36 36 37 39 41 41 41 41 42 41 41 42 42 43 43 44 44 44 45 45 45 46 46 46 47 47 47 47 47 48 47 48 48 48 48 48 48 48 48 48 48 48
48 48 48 48 47 46 45 41 38 35 35 34 37 37 38 39 37 39 37 38 39 37 38 39 41 43 45 42 39 39 35 36 36 35 35 35 37 37 38 37 38 38 38 39 38 38 39 37 35 37 39 39 38 37 37 37 40 41 40 41 42 42 42 42 42 43 43 43 44 44 44 45 45 46 46 46 46 47 47 47 47 47 48 48 48 48 48 48 48 48 48 48 48 48 48
49 48 48 48 45 44 42 37 36 36 35 37 38 39 38 38 38 37 37 38 38 37 40 41 41 42 43 42 42 41 39 38 35 35 35 36 37 37 38 38 39 39 39 39 39 39 39 38 37 37 38 40 39 40 38 39 40 41 41 40 41 42 42 42 43 43 43 44 44 44 44 45 45 46 46 46 47 47 47 47 48 48 48 48 48 48 48 48 48 48 48 48 48 48 48
47 48 48 47 45 43 40 37 36 37 37 41 43 43 42 41 40 39 38 38 37 39 43 43 43 42 41 41 43 40 38 38 36 37 36 36 37 38 38 39 39 39 39 39 39 39 39 39 38 39 36 39 40 40 41 41 41 41 41 41 40 41 40 42 43 43 43 44 44 44 45 45 45 46 46 46 47 47 47 47 48 48 48 48 48 48 48 48 48 48 48 48 48 48 48
43 47 48 47 45 41 40 43 38 38 36 41 44 44 44 42 41 41 39 37 38 40 42 45 44 42 41 40 41 40 37 36 37 38 36 37 38 38 38 38 39 39 40 40 40 39 39 40 40 40 38 37 40 40 40 40 42 42 42 42 42 42 42 41 43 43 44 44 44 44 45 45 46 46 46 47 47 47 47 47 48 48 48 48 48 48 48 48 48 48 48 48 48 48 48
43 45 48 48 49 45 44 42 39 37 37 41 44 42 43 42 41 40 39 37 38 41 43 45 44 44 42 40 40 40 39 40 39 39 36 37 38 38 38 39 39 39 40 40 40 40 40 40 41 40 40 39 38 41 40 40 41 42 42 42 42 43 43 42 42 43 44 44 44 45 45 45 46 46 46 47 47 47 47 48 48 48 48 48 48 48 48 48 48 48 48 48 48 48 48
42 46 47 49 48 44 40 39 38 39 37 40 44 41 42 42 39 40 39 38 37 41 45 46 44 44 44 42 39 40 40 43 42 37 37 37 39 39 37 38 39 39 40 40 41 41 40 40 41 41 41 40 39 41 41 40 41 42 42 42 42 42 43 43 42 43 44 44 45 45 45 46 46 46 47 47 47 47 48 48 48 48 48 48 48 48 48 48 48 48 48 48 48 48 48
42 44 47 48 47 45 42 40 39 38 39 38 39 40 41 43 40 42 43 40 38 40 44 45 42 42 42 41 39 40 40 38 38 39 37 37 39 39 39 39 40 40 40 41 41 41 40 40 41 42 41 42 40 39 41 42 42 43 43 43 43 43 43 44 44 44 44 45 45 45 45 46 46 46 47 47 47 47 48 48 48 48 48 48 48 48 48 48 48 48 48 48 48 48 48
41 44 48 48 45 45 43 42 40 39 40 40 38 38 39 39 38 41 44 43 39 38 43 43 41 39 39 40 41 41 40 38 37 38 37 38 39 40 39 39 40 41 41 41 41 41 41 41 41 41 42 42 41 41 41 42 42 43 43 43 43 43 44 44 44 44 44 45 45 45 46 46 46 46 47 47 47 47 48 48 48 48 48 48 48 48 48 48 48 48 48 48 48 48 47
41 42 46 46 43 42 43 42 40 39 40 41 41 41 41 38 39 41 42 41 39 38 41 41 39 38 39 41 42 43 42 41 38 38 39 40 40 40 41 40 41 41 41 41 42 42 42 41 42 42 42 42 42 42 42 42 43 43 43 44 44 44 44 44 45 45 45 45 45 46 46 46 46 47 47 47 47 47 48 48 48 48 48 48 48 48 48 48 48 48 48 48 48 48 48
42 44 44 42 41 41 40 41 40 41 39 39 39 40 41 39 39 39 42 41 39 38 40 41 39 38 38 39 40 41 40 41 39 38 38 40 40 40 41 41 42 41 41 42 42 42 42 42 42 42 42 43 43 43 43 43 43 44 44 44 44 44 45 45 45 45 45 45 45 46 46 46 46 47 47 47 47 47 48 48 48 48 48 48 48 48 48 48 48 48 48 48 48 47 48
42 42 43 42 42 42 42 41 41 40 41 41 40 40 42 41 39 40 43 41 39 39 41 41 40 39 39 39 39 41 40 39 39 38 39 39 39 40 41 42 42 42 42 42 42 42 43 42 42 42 43 43 44 43 43 44 43 43 44 45 45 45 45 45 45 45 45 45 46 46 46 46 46 46 47 47 47 47 48 48 48 48 48 48 48 48 48 48 48 48 48 48 48 47 47
43 44 43 42 45 45 42 41 42 40 41 41 40 40 41 42 40 41 42 39 40 39 40 42 40 39 40 39 39 42 41 41 39 39 40 39 40 40 41 42 42 41 42 42 42 43 43 43 43 43 43 44 44 44 44 44 44 44 44 45 45 45 45 45 45 46 46 46 46 46 46 47 47 47 47 47 47 47 47 48 48 48 48 48 48 48 48 48 48 48 48 48 47 47 47
46 45 46 47 47 47 46 42 41 41 41 42 41 41 42 43 43 40 40 41 41 40 41 41 40 40 40 40 41 39 42 42 40 39 40 41 42 42 41 41 39 42 42 42 43 43 43 43 44 43 43 44 44 44 44 45 45 45 45 45 45 45 46 46 46 46 46 46 46 46 46 47 47 47 47 47 47 47 47 48 47 48 48 48 48 48 48 48 48 48 47 48 47 47 47
44 43 45 50 50 49 48 42 42 42 41 42 43 42 40 41 43 44 40 41 43 41 41 43 42 41 40 41 40 39 40 40 40 40 40 41 42 42 41 41 41 41 42 43 43 44 44 44 44 44 43 44 44 44 45 45 45 45 45 46 46 46 46 46 46 46 46 46 46 47 47 47 47 47 47 47 47 47 47 47 47 48 48 48 48 48 48 48 48 48 47 47 47 47 47
44 44 47 50 51 51 49 45 43 43 43 45 45 43 43 41 43 42 43 44 43 41 41 42 41 41 40 42 40 40 40 40 40 40 40 41 42 41 41 41 42 43 43 44 43 44 44 44 44 45 44 44 45 45 45 45 45 45 45 46 46 46 46 46 46 46 47 46 46 47 47 47 47 47 47 47 47 47 47 47 47 47 47 48 48 48 47 47 48 47 47 47 47 47 47
44 45 47 51 52 52 48 46 43 42 42 45 45 44 45 42 41 41 42 44 42 41 42 41 41 41 41 43 42 40 41 41 40 42 42 42 42 42 41 42 42 43 43 43 44 44 44 45 45 45 44 45 45 45 46 46 46 46 46 46 46 46 46 46 47 47 47 47 47 47 47 47 47 47 47 47 47 47 47 47 47 47 47 47 47 47 47 47 47 47 47 47 47 47 47
45 45 47 52 53 53 49 47 44 43 43 46 46 47 46 46 45 43 42 44 42 42 42 42 41 41 43 44 42 41 41 41 40 40 41 41 42 43 42 43 43 43 43 43 44 44 44 45 45 45 45 45 45 46 46 46 46 46 46 46 46 46 47 47 47 47 47 47 47 47 47 47 47 47 47 47 47 47 47 47 47 47 47 47 47 47 47 47 47 47 47 47 47 47 47
51 47 50 54 53 52 48 49 43 43 46 46 44 45 46 45 43 42 43 44 43 42 42 42 43 41 41 45 44 43 41 41 41 41 41 43 42 42 43 44 44 44 44 43 44 44 44 45 45 45 46 46 46 46 46 46 47 47 47 47 47 47 47 47 47 47 47 47 48 47 47 47 47 47 47 47 47 47 47 47 47 47 47 47 47 47 47 47 47 47 47 47 46 47 46
54 54 53 54 54 53 45 45 44 46 46 47 46 44 43 43 43 44 45 44 44 47 45 42 42 42 42 43 44 45 43 41 42 42 43 43 44 44 43 44 45 45 44 44 44 45 45 45 46 46 46 46 47 47 47 47 47 47 47 47 47 47 47 47 48 47 47 48 48 47 48 47 47 47 47 47 47 47 47 47 47 47 47 47 47 47 47 47 47 47 47 47 47 47 46
46 53 55 55 54 50 46 45 44 44 46 47 47 45 43 44 43 43 44 43 42 43 46 42 42 42 42 44 46 45 44 43 42 42 43 43 44 45 44 44 45 45 45 44 44 45 45 46 46 47 46 47 47 47 47 47 47 47 47 48 48 48 48 47 48 48 48 48 48 48 47 47 47 47 47 47 47 47 47 46 46 46 46 46 47 47 46 46 46 47 47 47 47 47 46
46 46 49 55 54 47 45 46 48 46 46 48 45 44 44 45 44 44 44 44 43 43 47 43 45 45 42 46 46 44 44 44 43 43 45 45 45 45 46 45 45 45 46 45 44 45 45 46 46 46 46 46 47 47 48 48 48 48 48 48 48 48 48 48 48 48 48 48 48 48 48 47 47 47 47 47 47 47 46 47 47 46 46 46 46 47 46 47 47 47 46 46 47 46 46
55 52 49 55 51 48 46 45 49 49 48 48 47 46 46 45 44 47 47 45 43 46 48 47 47 47 47 46 44 43 42 43 43 43 43 44 45 46 46 46 46 46 46 46 45 45 46 46 46 46 47 47 47 48 48 48 48 48 48 48 48 48 48 48 48 48 48 48 48 48 48 47 48 47 47 47 47 47 46 46 46 46 46 46 46 46 46 46 46 46 46 46 46 46 46
50 56 56 55 55 55 50 46 46 48 49 49 49 48 48 48 47 47 45 44 45 46 43 44 45 44 47 47 47 43 44 43 43 43 44 45 45 45 46 46 46 46 46 46 45 46 46 46 46 46 47 47 48 48 48 49 49 49 49 49 49 49 49 48 48 48 48 49 49 48 48 48 47 47 47 47 47 46 46 46 46 46 46 46 46 46 46 46 46 46 46 46 46 46 46
48 48 52 56 56 54 53 47 46 45 47 47 49 49 49 48 46 45 45 44 45 44 45 44 44 43 47 45 47 45 43 44 45 43 43 44 43 44 45 45 46 46 47 47 48 46 47 47 47 47 47 48 48 48 49 49 49 49 49 49 49 49 49 49 49 49 49 48 49 48 48 48 47 47 47 47 47 47 46 46 46 46 46 46 46 46 46 46 46 46 46 46 46 46 46
48 49 50 56 56 56 51 51 48 46 47 49 49 49 49 48 47 45 44 45 44 45 47 44 44 44 44 43 47 48 46 44 45 44 43 44 43 44 45 45 45 45 46 46 47 48 46 48 48 48 47 48 48 49 49 50 49 50 50 49 49 49 50 50 50 49 49 49 48 48 48 48 48 47 47 47 47 46 46 45 46 46 46 45 45 46 46 46 46 46 46 46 46 46 46
48 52 57 57 56 56 53 55 53 47 46 47 49 49 49 49 48 48 46 45 45 47 47 46 46 44 44 44 44 46 47 43 43 43 43 44 44 45 47 47 47 45 46 47 48 48 47 47 47 49 49 50 49 49 49 49 50 50 50 50 50 50 50 50 50 50 49 49 49 48 48 48 48 47 47 47 46 46 45 45 45 45 45 45 45 45 45 46 45 45 46 46 46 46 46
53 51 52 51 56 56 55 56 53 50 47 46 46 48 49 50 48 47 47 48 45 47 48 48 47 45 45 44 44 48 48 47 47 46 44 46 44 45 47 47 48 48 47 48 47 47 47 48 48 49 50 50 49 49 49 50 50 50 50 50 50 50 50 50 50 50 49 49 49 49 48 48 48 48 47 47 46 46 -9999 -9999 -9999 -9999 -9999 -9999 -9999 -9999 -9999 -9999 -9999 -9999 -9999 -9999 -9999 -9999 -9999
51 57 57 55 56 56 56 56 55 55 49 49 46 48 49 49 49 47 47 48 48 47 47 49 49 48 45 46 47 49 50 50 50 49 47 48 45 45 47 48 49 49 49 49 49 48 49 50 49 50 50 49 48 49 50 50 50 50 50 50 50 50 50 50 50 50 49 49 49 49 48 48 48 47 47 -9999 -9999 -9999 -9999 -9999 -9999 -9999 -9999 -9999 -9999 -9999 -9999 -9999 -9999 -9999 -9999 -9999 -9999 -9999 -9999
49 51 57 57 56 56 56 56 55 52 47 47 47 47 48 49 49 47 46 47 47 46 46 48 48 49 46 45 45 45 45 45 48 50 48 48 47 46 48 48 49 48 49 49 49 49 49 50 51 50 51 50 50 50 50 51 50 50 50 51 50 50 50 50 50 50 49 49 49 49 48 48 48 47 -9999 -9999 -9999 -9999 -9999 -9999 -9999 -9999 -9999 -9999 -9999 -9999 -9999 -9999 -9999 -9999 -9999 -9999 -9999 -9999 -9999
58 57 57 58 57 57 57 56 56 55 55 48 47 46 47 49 49 49 47 46 46 46 45 46 47 48 47 47 47 46 45 45 49 51 50 50 49 49 48 48 49 49 50 50 50 50 50 50 50 51 51 51 51 51 51 51 51 51 51 51 51 50 50 51 51 50 49 49 49 49 49 48 48 -9999 -9999 -9999 -9999 -9999 -9999 -9999 -9999 -9999 -9999 -9999 -9999 -9999 -9999 -9999 -9999 -9999 -9999 -9999 -9999 -9999 -9999
58 59 58 57 57 58 57 57 56 56 55 53 48 48 47 47 49 49 47 46 47 48 47 46 46 45 45 47 46 46 45 46 47 51 50 51 51 50 49 48 50 50 49 49 50 51 51 51 51 51 51 52 52 51 51 51 51 51 51 51 50 50 50 51 50 50 50 50 49 49 -9999 -9999 -9999 -9999 -9999 -9999 -9999 -9999 -9999 -9999 -9999 -9999 -9999 -9999 -9999 -9999 -9999 -9999 -9999 -9999 -9999 -9999 -9999 -9999 -9999
59 59 58 58 58 57 57 57 56 56 56 56 52 50 48 47 47 47 48 47 46 46 49 47 46 47 46 46 46 46 46 48 49 49 51 51 51 51 50 50 50 50 50 50 50 51 51 51 52 52 52 52 52 52 51 51 51 51 52 51 51 51 51 51 -9999 -9999 -9999 -9999 -9999 -9999 -9999 -9999 -9999 -9999 -9999 -9999 -9999 -9999 -9999 -9999 -9999 -9999 -9999 -9999 -9999 -9999 -9999 -9999 -9999 -9999 -9999 -9999 -9999 -9999 -9999
60 59 59 59 58 57 56 57 57 57 56 56 55 54 49 49 48 48 49 49 47 48 52 49 46 47 49 48 51 51 51 51 51 52 52 52 52 50 50 49 49 50 50 50 51 50 51 52 52 52 52 52 52 52 52 52 51 51 52 51 51 51 51 -9999 -9999 -9999 -9999 -9999 -9999 -9999 -9999 -9999 -9999 -9999 -9999 -9999 -9999 -9999 -9999 -9999 -9999 -9999 -9999 -9999 -9999 -9999 -9999 -9999 -9999 -9999 -9999 -9999 -9999 -9999 -9999
60 60 59 58 59 58 56 57 58 57 57 56 56 55 52 52 48 49 47 48 47 47 51 53 52 51 46 46 50 50 52 53 52 53 52 52 50 50 50 48 47 49 49 49 50 50 51 52 52 52 52 52 52 52 52 52 52 52 52 51 51 51 -9999 -9999 -9999 -9999 -9999 -9999 -9999 -9999 -9999 -9999 -9999 -9999 -9999 -9999 -9999 -9999 -9999 -9999 -9999 -9999 -9999 -9999 -9999 -9999 -9999 -9999 -9999 -9999 -9999 -9999 -9999 -9999 -9999
60 60 59 59 59 58 58 58 58 57 58 57 56 56 52 48 49 48 47 48 48 47 47 49 53 49 48 49 51 50 52 53 52 53 52 52 51 51 50 48 49 49 50 50 51 52 52 52 52 52 52 52 52 52 52 52 52 52 52 52 51 51 -9999 -9999 -9999 -9999 -9999 -9999 -9999 -9999 -9999 -9999 -9999 -9999 -9999 -9999 -9999 -9999 -9999 -9999 -9999 -9999 -9999 -9999 -9999 -9999 -9999 -9999 -9999 -9999 -9999 -9999 -9999 -9999 -9999
61 60 59 58 59 59 59 59 58 58 57 57 56 56 52 54 52 50 50 52 51 47 47 49 53 53 48 52 52 52 54 54 52 51 51 52 52 52 50 51 50 51 51 52 52 52 52 52 53 52 53 52 52 51 52 53 52 52 52 52 51 -9999 -9999 -9999 -9999 -9999 -9999 -9999 -9999 -9999 -9999 -9999 -9999 -9999 -9999 -9999 -9999 -9999 -9999 -9999 -9999 -9999 -9999 -9999 -9999 -9999 -9999 -9999 -9999 -9999 -9999 -9999 -9999 -9999 -9999
60 60 59 60 60 59 59 59 59 58 58 57 57 56 56 56 53 54 54 55 52 52 49 53 54 54 48 52 53 53 55 54 54 52 52 53 52 52 51 51 51 52 52 52 52 53 53 53 53 53 53 53 53 53 52 52 52 52 52 51 -9999 -9999 -9999 -9999 -9999 -9999 -9999 -9999 -9999 -9999 -9999 -9999 -9999 -9999 -9999 -9999 -9999 -9999 -9999 -9999 -9999 -9999 -9999 -9999 -9999 -9999 -9999 -9999 -9999 -9999 -9999 -9999 -9999 -9999 -9999
58 59 60 60 60 60 60 60 59 59 58 58 57 57 57 56 55 55 56 55 55 54 51 53 54 53 51 51 51 54 55 55 55 54 55 53 52 53 52 52 53 53 53 53 53 53 53 53 53 53 53 53 53 53 53 53 53 52 52 -9999 -9999 -9999 -9999 -9999 -9999 -9999 -9999 -9999 -9999 -9999 -9999 -9999 -9999 -9999 -9999 -9999 -9999 -9999 -9999 -9999 -9999 -9999 -9999 -9999 -9999 -9999 -9999 -9999 -9999 -9999 -9999 -9999 -9999 -9999 -9999
59 60 60 60 60 60 60 59 59 59 59 58 57 58 56 57 55 56 56 56 55 54 51 52 54 54 52 52 53 53 54 55 55 55 55 55 54 53 52 53 53 53 53 53 53 54 53 53 53 53 53 53 52 52 52 53 53 52 -9999 -9999 -9999 -9999 -9999 -9999 -9999 -9999 -9999 -9999 -9999 -9999 -9999 -9999 -9999 -9999 -9999 -9999 -9999 -9999 -9999 -9999 -9999 -9999 -9999 -9999 -9999 -9999 -9999 -9999 -9999 -9999 -9999 -9999 -9999 -9999 -9999
