test/testdata/Hispaniola_WorldClim/snv_12.asc
ncols         743
nrows         319
xllcorner     -74.500956448335
yllcorner     17.448920549066
cellsize      0.0083333333333333
NODATA_value  -9999
[rows 74 to 110 of 319, columns 246 to 327 of 743]
1668 1581 1526 1600 1667 1523 1708 1717 1736 1749 1743 1729 1726 1751 1764 1758 1704 1642 1734 1723 1528 1434 1425 1588 1717 1719 1520 1470 1445 1504 1546 1441 1558 1584 1496 1584 1764 1733 1640 1673 1817 1775 1754 1714 1761 1806 1854 1868 1791 1814 1790 1864 1912 1888 1929 1907 1917 1861 1785 1818 1904 2009 1766 1605 1519 1496 1600 1502 1473 1539 1581 1982 2000 1969 1659 1493 1444 1369 1357 1609 1404 1382
1594 1483 1483 1591 1649 1547 1602 1689 1705 1720 1734 1647 1694 1715 1733 1725 1650 1701 1739 1744 1722 1645 1741 1772 1757 1680 1574 1349 1406 1494 1363 1690 1772 1768 1658 1485 1708 1726 1705 1615 1712 1858 1838 1777 1738 1832 1921 1857 1841 1776 1751 1768 1884 1929 1946 1941 1949 1955 1779 1783 1913 1965 2036 1783 1565 1559 1691 1510 1542 1674 1553 1615 1972 1804 1599 1507 1454 1416 1545 1739 1759 1447
1409 1395 1437 1471 1498 1508 1535 1627 1621 1706 1626 1539 1561 1630 1544 1725 1703 1552 1703 1749 1761 1759 1766 1764 1769 1690 1519 1432 1433 1476 1354 1718 1762 1756 1758 1515 1591 1786 1735 1726 1662 1788 1914 1831 1825 1881 1984 1878 1818 1766 1748 1755 1790 1906 1955 1948 1928 1916 1806 1839 1949 1862 1886 2061 1866 1769 1876 1898 1763 1713 1724 1884 1900 1959 1591 1517 1481 1457 1532 1979 1810 1691
1389 1384 1383 1421 1456 1519 1556 1619 1585 1645 1566 1509 1578 1555 1497 1533 1510 1611 1681 1653 1730 1743 1762 1756 1760 1760 1561 1433 1301 1437 1344 1681 1754 1704 1728 1680 1427 1637 1804 1777 1721 1681 1793 1850 1882 1995 1919 1734 1747 1754 1746 1774 1871 1887 1954 1910 1940 1983 1906 1944 1959 1828 1912 1920 1979 1992 2069 2067 2006 1894 1939 2049 2036 1862 1647 1557 1518 1501 1670 1693 1825 1836
1300 1398 1430 1442 1542 1530 1509 1542 1590 1461 1484 1552 1585 1490 1419 1392 1424 1506 1473 1467 1544 1647 1733 1740 1722 1754 1733 1550 1438 1471 1488 1711 1724 1698 1736 1747 1579 1544 1784 1807 1726 1745 1796 1747 1887 1777 1921 1825 1806 1817 1744 1832 1916 1930 1973 1950 1990 1994 1986 2016 1900 1817 1858 1996 1996 1987 2062 1992 1890 1999 2025 1787 1933 1930 1793 1622 1551 1527 1646 1668 1651 1617
1286 1345 1389 1451 1530 1475 1430 1504 1479 1456 1480 1549 1650 1434 1364 1354 1369 1418 1415 1388 1427 1497 1646 1709 1712 1742 1735 1697 1396 1463 1466 1457 1499 1481 1740 1746 1727 1423 1617 1743 1819 1799 1751 1678 1929 1996 1827 2058 2053 1768 1751 1962 1936 1959 1992 1976 1983 2001 2015 2025 2017 1895 1893 2018 1981 2066 1925 1784 1840 1769 1757 1718 1768 1945 2009 1801 1692 1570 1701 1713 1641 1624
1288 1285 1341 1414 1457 1394 1383 1383 1406 1389 1370 1429 1383 1344 1327 1330 1404 1434 1343 1346 1378 1449 1732 1726 1719 1696 1679 1694 1233 1449 1481 1480 1459 1323 1693 1724 1725 1505 1705 1790 1766 1787 1838 1828 1734 1787 1847 1833 1827 1906 1954 1937 1823 1928 1914 1853 1807 1932 2010 2013 2039 2049 2041 2085 2036 1978 1891 1749 1714 1710 1795 1758 1748 1855 1937 2013 1957 1953 1833 1716 1679 1645
1336 1289 1356 1386 1481 1427 1344 1350 1366 1352 1326 1332 1320 1301 1320 1379 1367 1364 1318 1306 1336 1388 1553 1683 1690 1692 1623 1666 1263 1443 1477 1489 1475 1438 1611 1690 1704 1573 1582 1768 1821 1836 1820 1617 1837 1867 2011 1876 2032 1946 1976 1891 1787 1815 1855 1802 1777 1753 1910 1893 1987 2051 2066 2077 2097 2024 1903 1842 1814 1714 1719 1795 1738 1750 1819 1837 1876 1992 1861 1803 1810 1684
1483 1423 1585 1556 1397 1376 1334 1315 1295 1335 1308 1288 1281 1281 1576 1353 1311 1344 1280 1278 1293 1292 1386 1614 1649 1641 1600 1597 1393 1428 1469 1485 1493 1480 1316 1555 1644 1537 1431 1721 1825 1860 1858 1749 1676 1619 1658 1687 1828 1882 1849 1871 1765 1735 1754 1742 1741 1731 1745 1752 1781 1909 1855 2013 2022 2046 2051 1959 1828 1771 1800 1847 1759 1721 1813 1869 1877 1877 1973 1976 1941 1867
1672 1573 1678 1664 1532 1347 1377 1329 1276 1271 1292 1264 1256 1305 1551 1488 1286 1305 1261 1254 1271 1270 1282 1415 1598 1614 1611 1227 1356 1412 1450 1484 1497 1504 1514 1460 1367 1477 1480 1744 1751 1818 1818 1780 1750 1617 1636 1658 1704 1817 1833 1901 1805 1742 1772 1786 1744 1727 1736 1763 1779 1784 1776 1770 1868 1989 1910 1880 1771 1819 1846 1858 1828 1821 1728 1785 1849 1873 1851 1859 1849 1932
1735 1663 1567 1418 1527 1430 1359 1301 1286 1245 1255 1242 1240 1370 1486 1346 1294 1239 1235 1235 1245 1240 1257 1296 1580 1539 1454 1335 1366 1405 1433 1479 1494 1520 1526 1533 1452 1394 1447 1743 1793 1781 1789 1766 1754 1669 1652 1659 1671 1681 1751 1799 1867 1832 1866 1744 1735 1716 1745 1763 1788 1783 1766 1740 1726 1839 1853 1874 1757 1779 1852 1862 1870 1858 1791 1706 1838 1866 1874 1853 1864 1878
1807 1718 1639 1375 1458 1632 1363 1422 1310 1244 1222 1220 1221 1254 1281 1323 1299 1347 1221 1221 1249 1227 1231 1454 1457 1377 1414 1270 1359 1401 1436 1475 1498 1514 1538 1560 1579 1424 1435 1712 1784 1816 1778 1748 1753 1721 1694 1654 1669 1680 1691 1727 1793 1813 1744 1749 1725 1719 1716 1737 1786 1771 1767 1758 1726 1764 1741 1730 1719 1731 1789 1841 1863 1873 1858 1831 1838 1873 1864 1843 1864 1876
1804 1745 1685 1449 1304 1313 1577 1574 1356 1245 1238 1205 1204 1209 1220 1224 1210 1334 1214 1216 1260 1223 1220 1263 1219 1220 1258 1300 1350 1402 1433 1469 1488 1509 1534 1558 1588 1616 1580 1690 1728 1751 1806 1777 1736 1738 1720 1709 1713 1700 1710 1695 1711 1746 1739 1739 1751 1734 1717 1753 1800 1782 1770 1762 1755 1759 1764 1719 1704 1725 1758 1832 1847 1865 1865 1842 1850 1857 1865 1863 1859 1857
1794 1773 1694 1446 1308 1258 1363 1546 1378 1243 1217 1212 1187 1194 1197 1196 1196 1199 1216 1207 1210 1214 1215 1229 1221 1240 1262 1303 1345 1398 1426 1459 1485 1506 1532 1554 1578 1608 1636 1650 1646 1693 1735 1785 1745 1744 1742 1736 1687 1669 1682 1709 1703 1758 1800 1808 1798 1743 1711 1743 1801 1782 1766 1783 1786 1789 1757 1722 1711 1690 1706 1772 1833 1845 1868 1857 1844 1830 1811 1855 1865 1858
1676 1735 1701 1607 1365 1231 1219 1227 1402 1276 1227 1187 1185 1180 1181 1185 1186 1190 1193 1200 1204 1211 1215 1222 1220 1251 1279 1308 1348 1381 1409 1445 1482 1504 1526 1548 1572 1600 1627 1643 1586 1518 1525 1714 1775 1744 1738 1737 1719 1698 1731 1721 1737 1743 1803 1834 1808 1782 1727 1780 1800 1755 1770 1796 1782 1774 1734 1688 1684 1682 1713 1795 1810 1795 1847 1863 1839 1817 1827 1826 1850 1854
1452 1629 1729 1600 1328 1214 1207 1184 1471 1242 1190 1168 1169 1171 1171 1174 1176 1181 1187 1192 1200 1208 1214 1219 1239 1258 1287 1310 1350 1374 1409 1444 1473 1503 1527 1537 1565 1594 1620 1635 1632 1669 1551 1558 1723 1736 1737 1751 1745 1754 1749 1764 1793 1796 1818 1775 1833 1795 1765 1812 1805 1796 1808 1800 1788 1777 1722 1692 1684 1683 1688 1726 1787 1728 1801 1833 1846 1828 1832 1845 1856 1841
1310 1431 1632 1387 1263 1191 1181 1183 1169 1164 1158 1159 1155 1160 1161 1165 1167 1175 1180 1185 1196 1203 1214 1226 1241 1268 1294 1319 1351 1378 1408 1440 1468 1498 1520 1531 1557 1589 1616 1608 1595 1665 1684 1700 1722 1750 1702 1765 1756 1768 1755 1788 1814 1725 1708 1774 1705 1720 1753 1808 1849 1866 1844 1815 1794 1769 1738 1718 1708 1676 1685 1691 1688 1671 1705 1812 1837 1826 1837 1834 1819 1820
1263 1315 1411 1527 1190 1164 1153 1142 1173 1219 1337 1215 1151 1150 1152 1157 1160 1164 1172 1180 1191 1200 1211 1225 1241 1262 1288 1317 1348 1379 1407 1439 1472 1491 1520 1493 1551 1589 1612 1577 1479 1667 1699 1710 1729 1738 1753 1767 1771 1774 1785 1795 1773 1773 1771 1733 1752 1791 1709 1731 1864 1865 1850 1816 1796 1777 1746 1726 1673 1685 1680 1693 1692 1675 1669 1794 1811 1809 1823 1836 1806 1766
1223 1236 1265 1388 1283 1165 1141 1138 1144 1206 1540 1334 1147 1139 1146 1148 1155 1157 1167 1174 1187 1197 1210 1223 1242 1263 1288 1315 1340 1367 1400 1435 1465 1490 1513 1473 1542 1589 1607 1630 1649 1674 1694 1714 1715 1731 1772 1766 1770 1780 1787 1799 1797 1809 1797 1834 1840 1822 1824 1816 1826 1803 1814 1802 1801 1794 1758 1736 1694 1678 1694 1686 1677 1671 1671 1694 1798 1814 1813 1824 1799 1755
1236 1197 1183 1178 1216 1157 1138 1130 1131 1148 1408 1303 1160 1132 1136 1141 1144 1151 1158 1170 1179 1193 1208 1225 1244 1266 1288 1313 1341 1363 1393 1427 1456 1487 1515 1502 1553 1584 1603 1619 1647 1655 1671 1686 1585 1601 1702 1771 1720 1735 1778 1778 1806 1810 1821 1798 1797 1790 1758 1795 1745 1698 1699 1708 1712 1744 1749 1708 1695 1676 1697 1697 1697 1700 1671 1655 1707 1790 1792 1798 1804 1782
1145 1212 1203 1158 1167 1207 1134 1127 1124 1138 1461 1237 1148 1133 1132 1133 1139 1145 1151 1163 1174 1188 1205 1222 1244 1267 1292 1313 1340 1369 1395 1423 1447 1480 1509 1518 1559 1575 1593 1613 1629 1630 1647 1602 1564 1574 1589 1678 1624 1627 1668 1771 1729 1767 1814 1811 1758 1724 1691 1687 1690 1673 1666 1664 1665 1683 1708 1698 1686 1673 1672 1688 1712 1700 1677 1663 1660 1744 1759 1702 1775 1798
1129 1137 1191 1194 1147 1143 1135 1128 1121 1128 1140 1154 1134 1128 1129 1133 1133 1144 1153 1156 1168 1185 1203 1224 1241 1264 1292 1318 1348 1372 1399 1424 1451 1476 1507 1522 1548 1570 1593 1612 1628 1643 1654 1672 1678 1586 1586 1597 1712 1710 1732 1753 1646 1658 1779 1810 1790 1771 1753 1714 1690 1678 1662 1663 1668 1685 1709 1711 1692 1658 1656 1670 1670 1699 1692 1685 1653 1654 1692 1711 1763 1779
1127 1118 1124 1120 1206 1195 1146 1129 1119 1121 1142 1129 1121 1123 1124 1125 1130 1132 1148 1168 1165 1182 1201 1224 1244 1262 1286 1316 1343 1362 1384 1416 1446 1474 1501 1534 1558 1582 1600 1608 1626 1643 1649 1670 1689 1672 1650 1604 1715 1721 1684 1635 1638 1644 1648 1788 1801 1798 1781 1739 1686 1663 1663 1677 1695 1695 1727 1709 1695 1659 1647 1658 1668 1690 1691 1684 1659 1649 1655 1676 1706 1750
1132 1122 1115 1119 1210 1245 1168 1137 1125 1117 1118 1122 1121 1120 1123 1131 1128 1130 1140 1160 1163 1180 1202 1225 1248 1268 1291 1311 1335 1358 1382 1405 1436 1468 1498 1519 1542 1567 1590 1621 1625 1642 1660 1676 1681 1686 1696 1715 1633 1681 1623 1628 1633 1640 1643 1748 1774 1791 1794 1793 1774 1715 1668 1690 1735 1730 1701 1713 1706 1647 1639 1636 1646 1654 1704 1671 1642 1670 1662 1654 1716 1726
1201 1115 1115 1116 1122 1167 1200 1167 1134 1120 1121 1119 1123 1126 1130 1130 1140 1134 1135 1161 1173 1186 1205 1226 1250 1276 1300 1314 1336 1361 1386 1406 1429 1458 1491 1512 1535 1557 1580 1604 1631 1646 1660 1669 1683 1687 1701 1707 1639 1622 1623 1627 1631 1638 1639 1660 1733 1784 1794 1807 1799 1805 1744 1747 1778 1747 1695 1685 1684 1639 1635 1637 1629 1631 1657 1702 1676 1663 1638 1642 1645 1670
1360 1238 1117 1113 1121 1123 1184 1151 1144 1137 1139 1125 1125 1127 1131 1139 1145 1153 1143 1168 1199 1191 1209 1233 1255 1279 1300 1318 1344 1361 1388 1411 1438 1458 1482 1501 1522 1541 1573 1598 1625 1646 1659 1669 1685 1693 1697 1705 1709 1664 1647 1627 1640 1649 1640 1707 1654 1782 1794 1804 1804 1804 1806 1770 1675 1653 1637 1635 1630 1630 1628 1626 1622 1621 1636 1654 1673 1636 1619 1615 1651 1690
1197 1336 1117 1116 1118 1127 1200 1170 1188 1170 1158 1183 1131 1136 1137 1141 1145 1166 1187 1180 1195 1206 1222 1238 1263 1284 1313 1341 1352 1377 1401 1421 1446 1467 1484 1493 1514 1535 1564 1592 1615 1635 1654 1669 1682 1688 1701 1702 1717 1705 1718 1683 1658 1712 1714 1723 1705 1759 1784 1795 1802 1803 1803 1774 1696 1662 1638 1626 1626 1623 1638 1620 1623 1631 1649 1669 1682 1656 1637 1616 1609 1636
1155 1172 1347 1122 1124 1128 1224 1246 1188 1183 1156 1153 1144 1141 1149 1149 1151 1165 1185 1208 1210 1221 1240 1260 1272 1289 1312 1340 1373 1393 1415 1428 1462 1478 1487 1496 1503 1530 1557 1587 1604 1636 1650 1664 1675 1685 1698 1710 1717 1724 1732 1737 1718 1668 1716 1728 1754 1721 1759 1789 1796 1794 1791 1783 1762 1741 1679 1671 1701 1636 1618 1614 1625 1654 1692 1677 1612 1612 1615 1605 1603 1597
1145 1191 1199 1314 1133 1137 1203 1307 1302 1272 1208 1217 1195 1185 1160 1164 1163 1170 1183 1197 1228 1235 1255 1273 1292 1314 1325 1351 1376 1410 1432 1445 1463 1477 1494 1507 1511 1516 1555 1589 1612 1632 1650 1660 1670 1684 1696 1706 1715 1721 1731 1740 1747 1749 1672 1640 1757 1756 1685 1780 1781 1722 1694 1774 1761 1764 1721 1664 1632 1610 1613 1607 1621 1667 1670 1662 1620 1597 1592 1591 1590 1586
1163 1184 1210 1233 1238 1279 1240 1268 1352 1235 1225 1248 1233 1198 1232 1182 1175 1188 1202 1218 1226 1257 1266 1291 1307 1322 1334 1357 1374 1407 1435 1459 1474 1494 1508 1521 1535 1533 1551 1572 1608 1632 1648 1654 1667 1680 1689 1699 1710 1719 1724 1734 1746 1750 1735 1659 1712 1773 1769 1776 1743 1614 1613 1612 1619 1657 1708 1683 1631 1617 1617 1604 1610 1710 1666 1606 1597 1600 1587 1580 1581 1583
1132 1198 1219 1262 1246 1359 1345 1362 1396 1295 1236 1245 1331 1306 1288 1287 1206 1198 1209 1226 1255 1258 1283 1307 1330 1347 1352 1372 1390 1410 1433 1464 1487 1503 1509 1520 1538 1556 1568 1589 1608 1631 1646 1653 1661 1675 1680 1695 1703 1712 1720 1730 1736 1744 1748 1750 1664 1758 1761 1758 1741 1677 1607 1607 1605 1605 1604 1644 1644 1657 1608 1607 1641 1676 1644 1617 1607 1624 1577 1575 1589 1572
1138 1121 1139 1132 1153 1206 1176 1421 1474 1457 1410 1466 1464 1443 1374 1326 1264 1215 1219 1230 1246 1262 1281 1313 1333 1357 1366 1387 1404 1423 1443 1466 1494 1511 1522 1538 1552 1573 1582 1600 1617 1635 1645 1653 1657 1672 1675 1687 1699 1704 1715 1718 1728 1735 1745 1750 1707 1660 1693 1703 1724 1623 1604 1600 1599 1596 1596 1605 1598 1675 1665 1641 1621 1667 1660 1691 1639 1582 1571 1577 1568 1561
1079 1120 1148 1160 1164 1160 1165 1196 1271 1561 1535 1509 1542 1600 1468 1317 1254 1252 1247 1255 1253 1276 1295 1320 1337 1364 1384 1402 1416 1438 1455 1476 1500 1521 1536 1553 1572 1578 1596 1613 1627 1638 1646 1653 1648 1663 1666 1679 1691 1703 1710 1708 1714 1727 1735 1733 1738 1663 1638 1638 1621 1605 1597 1595 1599 1594 1589 1587 1595 1592 1679 1709 1654 1648 1675 1699 1636 1623 1582 1585 1555 1539
1127 1144 1154 1169 1244 1366 1241 1231 1269 1258 1427 1550 1489 1524 1452 1451 1336 1286 1316 1274 1267 1285 1297 1314 1342 1364 1384 1408 1430 1450 1470 1485 1508 1527 1547 1566 1582 1595 1609 1619 1634 1640 1649 1653 1650 1654 1661 1676 1676 1696 1695 1693 1710 1718 1724 1716 1741 1650 1638 1640 1636 1606 1591 1589 1594 1589 1584 1579 1581 1590 1635 1709 1670 1630 1634 1669 1722 1677 1648 1582 1527 1522
1072 1135 1165 1184 1250 1498 1556 1417 1350 1307 1382 1446 1496 1513 1535 1521 1421 1318 1311 1283 1285 1295 1310 1328 1344 1362 1385 1410 1432 1459 1478 1496 1515 1536 1553 1573 1591 1604 1616 1628 1630 1643 1645 1648 1654 1645 1649 1659 1680 1693 1687 1685 1693 1701 1708 1711 1728 1738 1655 1638 1636 1630 1600 1587 1582 1579 1576 1573 1572 1575 1590 1609 1700 1682 1674 1683 1691 1664 1559 1533 1534 1518
1071 1093 1174 1189 1284 1416 1604 1640 1527 1355 1331 1417 1524 1567 1571 1453 1412 1329 1359 1334 1300 1308 1318 1341 1360 1382 1402 1421 1442 1462 1487 1507 1524 1538 1552 1566 1596 1604 1614 1633 1636 1633 1645 1646 1656 1641 1653 1670 1676 1683 1684 1665 1677 1692 1686 1699 1721 1726 1738 1678 1632 1625 1611 1602 1585 1573 1571 1584 1563 1564 1572 1604 1728 1719 1692 1735 1700 1659 1662 1570 1540 1594
1085 1102 1123 1171 1206 1296 1566 1638 1612 1567 1442 1477 1477 1517 1520 1529 1504 1413 1382 1325 1349 1335 1330 1341 1377 1395 1418 1440 1458 1476 1497 1517 1531 1553 1571 1587 1594 1612 1606 1627 1629 1629 1642 1638 1645 1636 1650 1663 1661 1663 1671 1654 1660 1677 1689 1668 1706 1718 1724 1735 1739 1660 1607 1610 1598 1579 1583 1573 1565 1552 1552 1565 1558 1726 1706 1704 1700 1712 1680 1646 1618 1610
