test/testdata/Hispaniola_WorldClim/snv_8.asc
ncols         743
nrows         319
xllcorner     -74.500956448335
yllcorner     17.448920549066
cellsize      0.0083333333333333
NODATA_value  -9999
[rows 39 to 77 of 319, columns 264 to 351 of 743]
-9999 -9999 -9999 -9999 -9999 -9999 -9999 242 241 246 248 245 244 -9999 -9999 -9999 -9999 -9999 -9999 -9999 -9999 -9999 -9999 -9999 -9999 -9999 -9999 -9999 -9999 -9999 -9999 -9999 -9999 -9999 -9999 -9999 -9999 -9999 -9999 -9999 -9999 -9999 -9999 -9999 -9999 -9999 -9999 -9999 -9999 -9999 -9999 -9999 -9999 -9999 -9999 -9999 -9999 -9999 -9999 -9999 -9999 -9999 -9999 257 257 -9999 257 258 257 258 258 258 259 258 258 258 258 259 259 259 259 258 258 259 259 259 259 259
-9999 -9999 -9999 -9999 -9999 244 241 240 231 231 244 243 241 -9999 -9999 -9999 -9999 -9999 -9999 -9999 -9999 -9999 -9999 -9999 -9999 -9999 -9999 -9999 -9999 -9999 -9999 -9999 -9999 -9999 -9999 -9999 -9999 -9999 -9999 -9999 -9999 -9999 -9999 -9999 -9999 -9999 -9999 -9999 -9999 -9999 -9999 -9999 -9999 -9999 -9999 -9999 -9999 -9999 -9999 -9999 -9999 -9999 -9999 257 -9999 -9999 257 257 257 258 258 258 258 258 258 258 259 259 259 259 259 258 259 259 259 259 259 259
253 248 253 241 250 236 235 235 229 236 240 239 241 -9999 -9999 -9999 -9999 -9999 -9999 -9999 -9999 -9999 -9999 -9999 -9999 -9999 -9999 -9999 -9999 -9999 -9999 -9999 -9999 -9999 -9999 -9999 -9999 -9999 -9999 -9999 -9999 -9999 -9999 -9999 -9999 -9999 -9999 -9999 -9999 -9999 -9999 -9999 -9999 -9999 -9999 -9999 -9999 -9999 -9999 -9999 -9999 -9999 -9999 -9999 -9999 -9999 -9999 257 258 258 258 258 258 258 258 259 259 259 259 259 258 259 259 259 259 259 259 259
240 240 242 239 238 233 233 234 237 238 247 241 -9999 -9999 -9999 -9999 -9999 -9999 -9999 -9999 -9999 -9999 -9999 -9999 -9999 -9999 -9999 -9999 -9999 -9999 -9999 -9999 -9999 -9999 -9999 -9999 -9999 -9999 -9999 -9999 -9999 -9999 -9999 -9999 -9999 -9999 -9999 -9999 -9999 -9999 -9999 -9999 -9999 -9999 -9999 -9999 -9999 -9999 -9999 -9999 -9999 -9999 -9999 -9999 -9999 -9999 -9999 258 258 258 258 258 258 258 258 259 259 259 259 258 258 259 260 259 259 259 259 260
238 241 231 228 225 222 220 233 241 249 239 241 -9999 -9999 -9999 241 241 -9999 240 252 252 -9999 -9999 -9999 -9999 -9999 -9999 -9999 -9999 -9999 -9999 -9999 -9999 -9999 -9999 -9999 -9999 -9999 -9999 -9999 -9999 -9999 -9999 -9999 -9999 -9999 -9999 -9999 -9999 -9999 -9999 -9999 -9999 -9999 -9999 -9999 -9999 -9999 -9999 -9999 -9999 -9999 -9999 -9999 -9999 -9999 -9999 -9999 258 258 258 258 258 258 259 259 259 259 259 259 259 260 260 259 259 259 260 260
249 240 245 236 223 220 236 245 241 240 241 241 241 240 241 241 241 240 252 252 252 -9999 -9999 -9999 -9999 -9999 -9999 -9999 -9999 -9999 -9999 -9999 -9999 -9999 -9999 -9999 -9999 -9999 -9999 -9999 -9999 -9999 -9999 -9999 -9999 -9999 -9999 -9999 -9999 -9999 -9999 -9999 -9999 -9999 -9999 -9999 -9999 -9999 -9999 -9999 -9999 -9999 -9999 -9999 -9999 -9999 -9999 -9999 259 258 258 258 258 259 259 259 259 259 259 259 260 260 259 259 259 260 260 260
251 250 246 245 242 241 244 249 251 241 241 241 241 240 241 240 240 252 252 251 251 252 252 -9999 -9999 -9999 251 252 252 253 253 253 -9999 -9999 -9999 -9999 -9999 -9999 254 254 255 254 255 255 255 -9999 -9999 -9999 -9999 -9999 -9999 -9999 -9999 -9999 -9999 -9999 -9999 -9999 -9999 -9999 -9999 -9999 -9999 -9999 -9999 -9999 -9999 -9999 -9999 258 258 258 258 258 258 258 259 259 259 259 260 259 259 259 271 272 272 272
252 251 251 250 249 251 251 253 241 241 241 240 240 240 240 240 252 252 252 252 252 252 252 252 251 251 251 251 252 252 253 252 -9999 -9999 -9999 -9999 -9999 254 254 254 254 255 255 255 255 256 256 255 256 256 257 -9999 -9999 -9999 -9999 -9999 -9999 -9999 -9999 -9999 -9999 -9999 -9999 -9999 -9999 -9999 -9999 -9999 -9999 258 258 258 259 259 258 270 270 270 271 271 271 271 271 271 272 272 272 272
252 252 252 251 251 252 253 253 253 252 252 240 240 252 252 252 252 252 252 251 251 252 252 252 251 251 252 251 252 252 253 252 -9999 -9999 -9999 -9999 -9999 -9999 254 254 255 255 255 255 256 256 256 256 256 256 255 256 257 257 257 256 257 257 257 257 257 -9999 -9999 -9999 -9999 -9999 -9999 -9999 -9999 269 269 269 270 271 270 270 270 271 271 271 271 271 271 271 271 272 272 272
253 253 253 253 252 253 253 252 252 252 252 252 252 252 251 252 252 252 251 251 251 251 251 251 251 252 251 -9999 252 252 253 252 -9999 -9999 -9999 -9999 -9999 254 254 255 255 255 255 254 256 256 256 256 256 256 255 256 257 257 256 257 257 257 257 268 268 268 268 269 269 269 270 269 269 -9999 269 270 270 271 271 269 269 271 271 271 271 271 271 271 272 272 272 272
253 253 253 253 253 253 253 253 252 252 252 252 252 251 251 252 252 251 251 251 251 250 251 251 251 252 252 252 252 -9999 -9999 252 252 253 254 254 254 254 254 255 255 255 255 254 255 256 256 256 256 255 256 256 256 256 -9999 267 268 268 268 268 268 267 267 268 269 268 268 268 270 269 268 268 269 269 269 269 269 269 270 270 270 270 271 270 272 272 272 270
252 252 253 252 252 252 252 252 252 252 252 252 251 251 251 251 251 251 251 250 250 250 251 251 251 251 251 251 252 252 252 253 253 253 253 253 254 254 255 255 255 254 255 254 255 256 256 256 256 255 256 267 -9999 -9999 -9999 -9999 -9999 268 268 268 268 268 268 269 269 269 268 268 268 268 269 269 268 268 269 270 270 269 269 269 270 270 270 270 270 271 271 270
252 252 252 252 252 252 252 252 252 252 252 251 251 251 251 251 251 251 251 251 251 250 262 262 262 262 251 251 252 252 252 253 253 253 253 253 254 254 255 255 255 255 254 255 266 267 256 267 266 267 -9999 -9999 -9999 -9999 -9999 -9999 -9999 -9999 -9999 267 268 269 269 267 268 268 267 267 268 268 269 269 269 269 270 269 270 269 269 270 270 270 270 270 270 271 271 270
252 252 252 252 252 252 252 252 252 252 252 251 251 250 251 251 251 251 250 251 262 261 261 261 262 262 262 262 262 263 263 263 264 264 264 264 264 265 266 266 265 265 265 266 266 267 266 266 267 268 -9999 -9999 267 267 267 268 -9999 -9999 268 268 267 267 267 267 268 268 267 267 268 267 268 268 268 268 269 270 270 269 269 269 270 269 269 270 271 270 270 270
252 252 251 252 252 252 252 252 252 252 252 251 251 251 250 250 250 250 261 261 261 261 261 261 261 261 263 263 262 263 263 263 264 264 264 265 264 264 265 264 265 265 265 265 266 266 266 266 267 267 268 268 267 268 268 268 269 -9999 267 267 266 267 267 267 267 268 267 268 268 269 269 267 267 267 269 268 270 270 270 270 269 269 269 270 270 270 270 270
251 252 252 251 251 252 252 251 250 251 251 251 250 250 250 250 261 261 261 261 261 260 261 260 260 261 262 263 263 263 263 264 264 263 264 264 265 265 264 264 264 266 265 266 266 265 266 266 265 267 267 268 268 268 267 266 267 267 266 266 267 267 267 267 267 268 268 267 268 268 269 269 267 267 275 275 275 274 268 269 269 269 270 269 269 270 270 270
251 252 251 251 251 252 252 251 250 250 251 250 250 261 261 261 262 261 261 261 256 257 256 257 257 261 262 262 262 263 263 263 263 263 264 265 263 264 263 264 264 264 265 265 266 266 265 265 265 266 266 268 268 266 266 267 266 267 267 266 266 267 267 267 267 268 268 268 268 268 269 269 274 274 275 275 274 274 275 275 275 274 277 269 269 267 269 269
262 262 262 263 262 262 251 262 261 260 260 261 261 261 261 262 261 261 261 261 261 250 254 252 257 260 261 261 262 262 264 264 263 264 263 264 262 262 264 264 264 265 265 265 265 264 265 264 264 264 266 265 265 266 267 267 266 267 266 266 267 267 267 267 267 268 268 268 267 268 269 275 275 275 274 274 275 274 275 274 273 273 275 269 268 267 267 268
261 262 262 262 262 262 263 262 261 257 260 261 260 261 261 261 261 261 261 260 257 251 249 248 249 259 261 262 261 263 262 264 264 264 263 263 262 260 262 264 265 264 264 265 265 265 263 263 263 263 264 264 265 265 267 266 266 266 267 266 267 266 267 267 267 268 268 268 268 275 275 276 274 275 275 275 275 274 274 274 273 273 273 275 274 267 267 267
260 261 262 262 261 262 260 261 258 255 260 260 260 260 260 261 261 261 261 261 260 259 259 253 247 254 259 260 262 261 263 263 263 264 264 264 262 258 261 263 264 265 265 265 264 263 262 258 258 262 262 264 265 266 267 266 266 266 266 266 266 266 267 267 267 267 268 274 274 274 275 274 275 275 274 274 273 273 274 275 274 273 273 275 276 267 266 266
260 261 261 261 261 260 257 251 249 253 259 259 259 257 254 261 258 259 261 260 260 257 253 247 249 248 257 259 261 262 261 263 263 264 264 262 260 256 259 263 264 264 265 263 262 261 258 259 255 259 262 263 264 266 266 266 266 266 265 265 266 266 267 267 267 267 274 274 274 274 274 274 275 274 274 275 274 273 274 274 273 273 273 275 275 268 263 267
260 257 260 260 260 260 249 239 245 254 253 252 250 251 261 261 258 251 253 254 256 253 244 246 247 244 250 255 259 259 262 262 263 263 264 264 262 262 255 261 263 263 265 263 258 256 262 260 260 260 262 263 265 266 266 266 265 265 266 265 266 266 267 267 274 273 274 274 274 273 273 274 274 275 274 274 274 274 274 273 273 273 274 276 275 275 266 266
257 253 254 257 259 257 243 237 233 252 253 243 252 259 261 257 244 247 242 244 245 249 246 247 247 249 248 249 255 259 261 262 262 263 263 263 263 262 256 259 262 263 263 264 261 262 260 261 261 262 263 264 266 266 266 266 265 266 265 265 267 267 267 273 273 273 273 274 274 274 273 273 274 274 275 274 274 273 269 273 273 273 275 275 275 275 275 268
253 244 243 250 254 251 246 232 234 247 243 257 254 256 257 260 257 256 247 246 249 250 247 248 249 251 250 248 246 258 260 261 262 262 263 263 264 262 259 256 260 263 264 263 262 261 261 262 263 263 264 265 265 266 266 265 264 265 265 266 267 266 273 274 274 273 273 273 273 272 273 273 274 274 274 274 274 274 274 271 271 273 275 275 275 275 275 268
251 237 232 238 242 243 237 229 235 242 251 237 243 252 256 260 260 258 251 249 254 251 250 248 249 251 248 247 244 255 256 259 262 262 263 263 263 262 261 261 260 262 262 262 262 261 262 266 262 263 264 264 266 266 265 264 264 265 270 266 266 273 273 273 273 273 273 273 274 273 273 273 273 274 273 273 274 274 273 273 273 274 274 274 275 275 275 269
240 229 232 237 236 235 221 237 241 237 242 245 250 250 254 257 261 256 255 248 253 256 251 248 246 247 248 241 242 242 253 259 260 261 262 263 263 263 262 261 263 265 266 266 266 263 267 262 264 267 264 265 266 263 264 264 270 271 271 272 272 273 273 273 273 273 273 273 274 273 273 273 274 274 273 273 273 274 274 273 274 273 274 274 274 274 275 269
234 236 235 238 241 241 230 239 243 243 239 250 254 255 257 256 260 258 256 257 256 257 253 251 251 248 244 236 238 238 242 253 258 260 262 262 262 263 266 265 264 260 254 263 265 267 267 268 263 267 264 265 265 269 270 268 270 271 271 271 272 272 272 272 273 273 273 273 274 273 273 273 273 274 273 272 273 273 273 272 273 273 273 273 274 274 275 268
231 235 229 226 227 234 235 244 240 242 241 248 251 257 255 258 258 257 257 259 259 259 255 253 252 250 246 244 245 244 243 258 262 264 264 265 264 264 265 266 263 263 255 257 263 266 267 267 267 270 264 270 269 268 269 269 270 271 271 271 272 272 272 272 273 272 273 273 273 273 273 273 273 273 272 272 271 270 270 271 273 273 272 273 274 274 274 268
227 232 230 228 226 237 243 244 238 231 237 248 251 259 259 260 260 258 259 259 257 256 251 254 250 250 251 250 250 250 243 245 250 253 260 264 259 262 263 264 265 260 261 258 260 266 267 267 268 269 267 268 267 268 269 270 270 270 271 271 272 272 271 272 272 272 272 273 273 272 273 273 273 273 273 273 272 270 271 268 270 271 272 273 273 274 273 268
227 232 238 233 224 229 234 244 242 228 231 247 255 258 257 256 248 252 253 261 256 248 249 248 254 251 251 250 250 242 237 226 239 251 256 257 256 251 257 261 258 262 262 264 263 263 264 266 268 268 267 267 267 268 269 270 270 269 269 271 271 272 272 271 271 273 272 273 272 272 272 272 273 272 273 273 273 271 271 268 269 269 271 272 273 273 274 267
232 234 240 233 238 224 240 243 239 234 234 250 256 255 258 250 251 255 260 263 259 242 241 241 244 248 248 246 243 247 235 234 227 229 245 241 235 247 255 260 255 259 262 264 265 266 266 265 268 268 267 268 268 269 270 269 270 270 269 270 270 271 271 271 271 272 272 272 273 272 273 273 273 273 273 273 271 271 270 268 269 270 270 272 273 273 267 268
232 229 241 243 241 242 245 244 243 232 234 245 251 253 259 250 250 245 259 263 248 243 236 237 240 242 240 241 243 246 245 238 239 231 238 234 226 233 249 249 249 250 258 263 265 265 266 266 268 267 267 268 268 269 269 268 269 268 269 269 270 270 270 271 272 272 272 272 272 272 272 272 272 272 272 272 271 271 272 271 268 271 270 271 271 271 267 267
234 236 237 232 242 243 244 245 245 238 224 240 250 253 257 250 256 256 260 263 257 248 244 240 232 234 232 240 246 247 245 244 245 239 240 241 235 233 223 232 235 246 255 262 264 265 266 267 267 267 267 268 267 267 268 268 268 268 268 268 269 268 269 271 271 272 270 271 271 272 271 271 272 273 273 271 271 270 268 270 268 268 266 267 270 265 266 266
230 229 230 234 240 243 241 244 245 239 229 235 250 249 249 249 244 250 258 263 259 254 248 245 236 240 241 242 247 248 248 245 242 239 243 243 243 239 229 219 223 238 253 255 264 265 265 266 267 266 266 264 266 266 267 265 267 268 268 267 269 269 270 271 270 270 270 271 271 271 271 271 271 273 273 272 270 269 268 269 265 263 266 266 262 263 264 266
219 220 225 231 239 238 236 239 245 243 237 241 229 229 236 244 247 249 255 262 263 260 252 246 241 240 245 247 249 248 241 241 240 244 246 243 244 240 232 229 225 234 241 255 262 264 266 266 266 266 266 265 261 265 258 256 263 266 267 267 269 269 269 270 269 270 270 271 271 270 269 270 271 272 272 271 272 270 268 267 266 262 264 266 262 264 265 264
222 223 232 236 235 230 222 222 232 246 245 247 233 237 233 232 236 246 256 259 262 261 257 249 247 246 246 247 248 248 244 243 240 244 246 243 245 242 242 237 225 232 238 250 259 263 264 266 264 266 266 264 263 251 250 251 262 266 267 268 269 263 268 269 269 270 269 270 270 269 269 271 272 271 270 271 271 269 268 267 266 261 265 267 262 261 260 262
219 218 222 228 219 207 215 225 230 240 244 247 240 225 201 204 228 244 250 258 260 262 260 251 250 248 245 248 250 248 246 241 231 236 244 246 246 244 244 243 226 226 238 241 249 260 265 265 262 265 264 262 265 263 252 258 264 266 267 268 265 260 260 268 269 269 269 269 269 268 269 270 271 270 270 271 270 269 268 266 266 264 264 262 258 257 258 261
223 215 211 211 208 209 200 224 232 235 235 247 242 222 212 214 212 235 247 255 258 259 261 258 253 249 249 250 253 249 246 241 228 232 237 245 247 246 243 241 232 235 241 236 237 246 258 260 257 256 260 261 260 256 256 253 265 266 267 267 266 248 258 262 267 267 268 269 268 269 270 270 270 270 271 271 269 269 268 267 265 264 264 260 248 253 257 259
224 226 218 216 209 212 208 210 230 235 241 246 238 225 213 222 221 225 239 248 253 258 260 261 259 251 250 255 251 242 241 241 236 238 244 243 247 243 244 246 240 241 241 233 239 238 240 241 245 247 252 256 255 247 248 257 263 265 266 266 262 262 257 257 260 264 267 268 268 269 269 270 270 271 270 270 270 270 269 268 267 265 257 261 240 245 255 256
