test/testdata/Hispaniola_WorldClim/snv_1.asc
ncols         743
nrows         319
xllcorner     -74.500956448335
yllcorner     17.448920549066
cellsize      0.0083333333333333
NODATA_value  -9999
[rows 117 to 155 of 319, columns 616 to 703 of 743]
-9999 -9999 -9999 -9999 -9999 -9999 -9999 -9999 -9999 -9999 -9999 -9999 -9999 -9999 -9999 -9999 -9999 -9999 -9999 -9999 -9999 -9999 -9999 -9999 -9999 -9999 -9999 -9999 -9999 -9999 -9999 -9999 -9999 -9999 -9999 -9999 -9999 -9999 -9999 -9999 -9999 -9999 -9999 -9999 -9999 -9999 -9999 -9999 -9999 -9999 -9999 -9999 -9999 -9999 -9999 -9999 -9999 -9999 -9999 -9999 -9999 -9999 -9999 -9999 -9999 -9999 -9999 -9999 -9999 -9999 -9999 -9999 -9999 -9999 -9999 -9999 -9999 -9999 -9999 -9999 -9999 -9999 -9999 -9999 -9999 -9999 -9999 -9999
-9999 -9999 -9999 -9999 -9999 -9999 -9999 -9999 -9999 -9999 -9999 -9999 -9999 -9999 -9999 -9999 -9999 -9999 -9999 -9999 -9999 -9999 -9999 -9999 -9999 -9999 -9999 -9999 -9999 -9999 -9999 -9999 -9999 -9999 -9999 -9999 -9999 -9999 -9999 -9999 -9999 -9999 -9999 -9999 -9999 -9999 -9999 -9999 -9999 -9999 -9999 -9999 -9999 -9999 -9999 -9999 -9999 -9999 -9999 -9999 -9999 -9999 -9999 -9999 -9999 -9999 -9999 -9999 -9999 -9999 -9999 -9999 -9999 -9999 -9999 -9999 -9999 -9999 -9999 -9999 -9999 -9999 -9999 -9999 -9999 -9999 -9999 -9999
-9999 -9999 -9999 -9999 -9999 -9999 -9999 -9999 -9999 -9999 -9999 -9999 -9999 -9999 -9999 -9999 -9999 -9999 -9999 -9999 -9999 -9999 -9999 -9999 -9999 -9999 -9999 -9999 -9999 -9999 -9999 -9999 -9999 -9999 -9999 -9999 -9999 -9999 -9999 -9999 -9999 -9999 -9999 -9999 -9999 -9999 -9999 -9999 -9999 -9999 -9999 -9999 -9999 -9999 -9999 -9999 -9999 -9999 -9999 -9999 -9999 -9999 -9999 -9999 -9999 -9999 -9999 -9999 -9999 -9999 -9999 -9999 -9999 -9999 -9999 -9999 -9999 -9999 -9999 -9999 -9999 -9999 -9999 -9999 -9999 -9999 -9999 -9999
-9999 -9999 -9999 -9999 -9999 -9999 -9999 -9999 -9999 -9999 -9999 -9999 -9999 -9999 -9999 -9999 -9999 -9999 -9999 -9999 -9999 -9999 -9999 -9999 -9999 -9999 -9999 -9999 -9999 -9999 -9999 -9999 -9999 -9999 -9999 -9999 -9999 -9999 -9999 -9999 -9999 -9999 -9999 -9999 -9999 -9999 -9999 -9999 -9999 -9999 -9999 -9999 -9999 -9999 -9999 -9999 -9999 -9999 -9999 -9999 -9999 -9999 -9999 -9999 -9999 -9999 -9999 -9999 -9999 -9999 -9999 -9999 -9999 -9999 -9999 -9999 -9999 -9999 -9999 -9999 -9999 -9999 -9999 -9999 -9999 -9999 -9999 -9999
-9999 -9999 -9999 -9999 -9999 -9999 -9999 -9999 -9999 -9999 -9999 -9999 -9999 -9999 -9999 -9999 -9999 -9999 -9999 -9999 -9999 -9999 -9999 -9999 -9999 -9999 -9999 -9999 -9999 -9999 -9999 -9999 -9999 -9999 -9999 -9999 -9999 -9999 -9999 -9999 -9999 -9999 -9999 -9999 -9999 -9999 -9999 -9999 -9999 -9999 -9999 -9999 -9999 -9999 -9999 -9999 -9999 -9999 -9999 -9999 -9999 -9999 -9999 -9999 -9999 -9999 -9999 -9999 -9999 -9999 -9999 -9999 -9999 -9999 -9999 -9999 -9999 -9999 -9999 -9999 -9999 -9999 -9999 -9999 -9999 -9999 -9999 -9999
-9999 -9999 -9999 -9999 -9999 -9999 -9999 -9999 -9999 -9999 -9999 -9999 -9999 -9999 -9999 -9999 -9999 -9999 -9999 -9999 -9999 -9999 -9999 -9999 -9999 -9999 -9999 -9999 -9999 -9999 -9999 -9999 -9999 -9999 -9999 -9999 -9999 -9999 -9999 -9999 -9999 -9999 -9999 -9999 -9999 -9999 -9999 -9999 -9999 -9999 -9999 -9999 -9999 -9999 -9999 -9999 -9999 -9999 -9999 -9999 -9999 -9999 -9999 -9999 -9999 -9999 -9999 -9999 -9999 -9999 -9999 -9999 -9999 -9999 -9999 -9999 -9999 -9999 -9999 -9999 -9999 -9999 -9999 -9999 -9999 -9999 -9999 -9999
-9999 -9999 -9999 -9999 -9999 -9999 -9999 -9999 -9999 -9999 -9999 -9999 -9999 -9999 -9999 -9999 -9999 -9999 -9999 -9999 -9999 -9999 -9999 -9999 -9999 -9999 -9999 -9999 -9999 -9999 -9999 -9999 -9999 -9999 -9999 -9999 -9999 -9999 -9999 -9999 -9999 -9999 -9999 -9999 -9999 -9999 -9999 -9999 -9999 -9999 -9999 -9999 -9999 -9999 -9999 -9999 -9999 -9999 -9999 -9999 -9999 -9999 -9999 -9999 -9999 -9999 -9999 -9999 -9999 -9999 -9999 -9999 -9999 -9999 -9999 -9999 -9999 -9999 -9999 -9999 -9999 -9999 -9999 -9999 -9999 -9999 -9999 -9999
-9999 -9999 -9999 -9999 -9999 -9999 -9999 -9999 -9999 -9999 -9999 -9999 -9999 -9999 -9999 -9999 -9999 -9999 -9999 -9999 -9999 -9999 -9999 -9999 -9999 -9999 -9999 -9999 -9999 -9999 -9999 -9999 -9999 -9999 -9999 -9999 -9999 -9999 -9999 -9999 -9999 -9999 -9999 -9999 -9999 -9999 -9999 -9999 -9999 -9999 -9999 -9999 -9999 -9999 -9999 -9999 -9999 -9999 -9999 -9999 -9999 -9999 -9999 -9999 -9999 -9999 -9999 -9999 -9999 -9999 -9999 -9999 -9999 -9999 -9999 -9999 -9999 -9999 -9999 -9999 -9999 -9999 -9999 -9999 -9999 -9999 -9999 -9999
-9999 -9999 -9999 -9999 -9999 -9999 -9999 -9999 -9999 -9999 -9999 -9999 -9999 -9999 -9999 -9999 -9999 -9999 -9999 -9999 -9999 -9999 -9999 -9999 -9999 -9999 -9999 -9999 -9999 -9999 -9999 -9999 -9999 -9999 -9999 -9999 -9999 -9999 -9999 -9999 -9999 -9999 -9999 -9999 -9999 -9999 -9999 -9999 -9999 -9999 -9999 -9999 -9999 -9999 -9999 -9999 -9999 -9999 -9999 -9999 -9999 -9999 -9999 -9999 -9999 -9999 -9999 -9999 -9999 -9999 -9999 -9999 -9999 -9999 -9999 -9999 -9999 -9999 -9999 -9999 -9999 -9999 -9999 -9999 -9999 -9999 -9999 -9999
258 259 -9999 -9999 -9999 -9999 -9999 -9999 -9999 -9999 -9999 -9999 -9999 -9999 -9999 -9999 -9999 -9999 -9999 -9999 -9999 -9999 -9999 -9999 -9999 -9999 -9999 -9999 -9999 -9999 -9999 -9999 -9999 -9999 -9999 -9999 -9999 -9999 -9999 -9999 -9999 -9999 -9999 -9999 -9999 -9999 -9999 -9999 -9999 -9999 -9999 -9999 -9999 -9999 -9999 -9999 -9999 -9999 -9999 -9999 -9999 -9999 -9999 -9999 -9999 -9999 -9999 -9999 -9999 -9999 -9999 -9999 -9999 -9999 -9999 -9999 -9999 -9999 -9999 -9999 -9999 -9999 -9999 -9999 -9999 -9999 -9999 -9999
258 258 259 259 259 259 259 259 -9999 -9999 -9999 -9999 -9999 -9999 -9999 -9999 -9999 -9999 -9999 -9999 -9999 -9999 -9999 -9999 -9999 -9999 -9999 -9999 -9999 -9999 -9999 -9999 -9999 -9999 -9999 -9999 -9999 -9999 -9999 -9999 -9999 -9999 -9999 -9999 -9999 -9999 -9999 -9999 -9999 -9999 -9999 -9999 -9999 -9999 -9999 -9999 -9999 -9999 -9999 -9999 -9999 -9999 -9999 -9999 -9999 -9999 -9999 -9999 -9999 -9999 -9999 -9999 -9999 -9999 -9999 -9999 -9999 -9999 -9999 -9999 -9999 -9999 -9999 -9999 -9999 -9999 -9999 -9999
258 258 258 258 259 259 259 259 259 -9999 -9999 -9999 -9999 -9999 -9999 -9999 -9999 -9999 -9999 -9999 -9999 -9999 -9999 -9999 -9999 -9999 -9999 260 260 -9999 -9999 -9999 -9999 -9999 -9999 -9999 -9999 -9999 -9999 -9999 -9999 -9999 -9999 -9999 -9999 -9999 -9999 -9999 -9999 -9999 -9999 -9999 -9999 -9999 -9999 -9999 -9999 -9999 -9999 -9999 -9999 -9999 -9999 -9999 -9999 -9999 -9999 -9999 -9999 -9999 -9999 -9999 -9999 -9999 -9999 -9999 -9999 -9999 -9999 -9999 -9999 -9999 -9999 -9999 -9999 -9999 -9999 -9999
258 256 258 258 258 258 258 256 258 259 259 -9999 -9999 -9999 -9999 -9999 -9999 -9999 -9999 -9999 -9999 -9999 -9999 -9999 -9999 -9999 -9999 -9999 260 -9999 -9999 -9999 -9999 -9999 -9999 -9999 -9999 -9999 -9999 -9999 -9999 -9999 -9999 -9999 -9999 -9999 -9999 262 262 262 262 262 263 263 -9999 -9999 -9999 -9999 -9999 -9999 -9999 -9999 -9999 -9999 -9999 -9999 -9999 -9999 -9999 -9999 -9999 -9999 -9999 -9999 -9999 -9999 -9999 -9999 -9999 -9999 -9999 -9999 -9999 -9999 -9999 -9999 -9999 -9999
257 255 254 256 258 258 257 254 255 258 258 260 260 -9999 260 260 259 259 260 -9999 -9999 -9999 -9999 -9999 -9999 -9999 -9999 -9999 260 261 -9999 -9999 -9999 -9999 -9999 -9999 -9999 -9999 -9999 -9999 -9999 -9999 -9999 -9999 -9999 -9999 -9999 262 262 262 262 262 262 263 262 -9999 -9999 -9999 -9999 -9999 -9999 -9999 -9999 -9999 -9999 -9999 -9999 -9999 -9999 -9999 -9999 -9999 -9999 -9999 -9999 -9999 -9999 -9999 -9999 -9999 -9999 -9999 -9999 -9999 -9999 -9999 -9999 -9999
254 256 253 252 256 257 257 255 253 255 257 254 258 259 260 259 260 260 259 260 -9999 260 260 260 261 260 -9999 -9999 260 260 261 -9999 -9999 -9999 -9999 -9999 -9999 -9999 -9999 -9999 -9999 -9999 261 262 262 262 262 262 262 262 263 263 263 263 263 263 263 -9999 -9999 -9999 -9999 -9999 -9999 -9999 -9999 -9999 -9999 -9999 -9999 -9999 -9999 -9999 -9999 -9999 -9999 -9999 -9999 -9999 -9999 -9999 -9999 -9999 -9999 -9999 -9999 -9999 -9999 -9999
255 251 249 246 247 255 254 250 248 251 253 256 258 259 259 259 259 259 260 260 259 260 260 260 260 260 -9999 -9999 261 260 260 260 261 -9999 -9999 -9999 -9999 -9999 -9999 -9999 -9999 -9999 -9999 261 262 262 262 262 261 261 263 263 263 263 263 263 263 263 -9999 -9999 -9999 -9999 -9999 -9999 -9999 -9999 -9999 -9999 -9999 -9999 -9999 -9999 -9999 -9999 -9999 -9999 -9999 -9999 -9999 -9999 -9999 -9999 -9999 -9999 -9999 -9999 -9999 -9999
256 255 250 244 246 252 254 252 248 247 256 257 255 252 252 259 259 259 259 259 259 259 260 260 260 260 260 261 261 260 260 261 260 261 -9999 -9999 -9999 -9999 -9999 -9999 -9999 -9999 -9999 262 262 262 262 262 262 260 261 261 263 263 263 263 264 264 264 -9999 -9999 -9999 -9999 -9999 -9999 -9999 -9999 -9999 -9999 -9999 -9999 -9999 -9999 -9999 -9999 -9999 -9999 -9999 -9999 -9999 -9999 -9999 -9999 -9999 -9999 -9999 -9999 -9999
257 256 256 253 245 252 250 252 244 243 254 257 253 249 244 252 256 259 259 259 256 259 259 257 258 260 257 259 260 260 260 260 260 259 260 -9999 -9999 -9999 -9999 -9999 -9999 -9999 262 262 262 262 262 262 261 260 258 261 259 257 261 263 264 264 264 264 264 264 264 264 264 -9999 -9999 -9999 -9999 -9999 -9999 -9999 -9999 -9999 -9999 -9999 -9999 -9999 -9999 -9999 -9999 -9999 -9999 -9999 -9999 -9999 -9999 -9999
256 256 256 256 250 248 247 248 244 245 251 252 254 250 241 246 258 258 258 256 258 257 258 253 259 259 250 258 259 259 259 257 256 258 260 259 260 259 260 261 261 262 261 262 262 262 262 262 261 260 261 261 258 254 256 262 263 264 264 264 264 264 264 264 264 265 264 265 264 -9999 -9999 -9999 -9999 -9999 -9999 -9999 -9999 -9999 -9999 -9999 -9999 -9999 -9999 -9999 -9999 -9999 -9999 -9999
256 256 254 256 256 255 246 247 246 245 248 246 241 249 244 241 252 259 258 252 258 252 253 246 258 258 254 255 258 259 255 252 253 259 260 259 257 260 260 260 260 262 261 262 262 262 262 262 261 261 262 262 262 262 263 263 263 263 264 264 264 264 264 265 265 265 265 265 265 265 265 -9999 -9999 -9999 -9999 -9999 -9999 -9999 -9999 -9999 -9999 -9999 -9999 -9999 -9999 -9999 -9999 -9999
256 256 255 254 256 256 253 247 246 244 244 245 242 240 250 254 257 257 257 257 250 250 248 246 253 249 250 246 253 257 255 245 257 259 259 257 258 259 260 259 259 260 261 261 261 261 262 261 260 261 261 261 261 263 263 262 261 262 263 263 264 264 265 264 264 264 264 264 264 265 265 265 265 -9999 -9999 -9999 -9999 -9999 -9999 -9999 -9999 -9999 -9999 -9999 -9999 -9999 -9999 -9999
256 255 255 254 255 254 256 254 245 245 243 243 242 241 241 253 252 245 256 255 257 257 244 247 246 243 239 237 243 254 256 244 257 254 254 255 257 259 259 259 258 259 261 261 261 261 261 261 261 260 261 261 262 261 260 261 262 263 263 262 263 262 263 263 264 264 263 263 264 264 265 265 265 265 265 265 -9999 -9999 -9999 -9999 -9999 -9999 -9999 -9999 -9999 -9999 -9999 -9999
255 255 254 254 254 252 255 255 253 245 245 244 244 243 238 248 247 239 246 249 246 256 255 239 238 239 237 233 239 250 251 243 249 246 253 256 258 258 259 259 257 256 258 260 261 261 261 261 259 260 261 261 261 257 251 256 262 263 262 261 262 262 263 263 263 263 264 264 264 265 264 263 264 265 265 265 264 -9999 -9999 -9999 -9999 -9999 -9999 -9999 -9999 -9999 -9999 -9999
254 255 254 254 252 250 250 252 254 255 251 244 244 241 239 239 239 237 238 244 237 236 255 249 244 237 235 232 234 241 242 243 242 242 254 255 257 257 258 259 258 257 257 259 261 260 260 258 258 260 261 260 257 253 253 259 262 262 258 254 258 261 262 262 263 263 264 263 264 264 263 262 262 263 264 264 264 265 265 -9999 -9999 -9999 -9999 -9999 -9999 -9999 -9999 -9999
252 253 253 251 247 245 245 253 253 251 251 252 246 243 243 240 239 238 237 238 237 237 235 235 236 235 236 228 230 229 231 230 234 240 254 258 256 248 257 257 253 252 258 260 257 259 260 258 259 260 261 259 257 252 260 262 261 258 257 253 258 259 260 261 262 262 262 262 262 263 263 261 261 262 263 264 264 264 265 265 -9999 -9999 -9999 -9999 -9999 -9999 -9999 -9999
251 252 253 246 245 242 245 252 253 250 249 251 253 250 246 241 239 238 234 236 237 235 235 237 236 235 235 234 227 227 228 228 232 246 250 253 250 253 257 253 251 256 258 259 253 257 256 257 259 259 259 255 257 257 260 260 260 256 248 246 236 252 257 261 261 262 261 261 261 261 261 261 258 261 262 264 264 264 265 265 265 -9999 -9999 -9999 -9999 -9999 -9999 -9999
249 251 251 248 244 242 248 250 251 249 248 250 252 254 253 252 252 252 247 245 240 242 235 235 234 231 231 229 229 228 229 229 228 244 247 240 234 246 255 246 246 256 258 257 252 249 256 257 257 256 254 248 252 254 249 248 256 259 250 242 234 242 249 258 261 262 260 257 257 260 259 259 259 258 258 262 264 264 264 265 265 265 -9999 -9999 -9999 -9999 -9999 -9999
247 250 249 248 244 239 243 249 249 250 248 249 250 250 252 251 250 250 250 249 250 247 243 237 231 231 230 229 230 230 229 228 226 225 230 231 244 255 254 242 237 250 258 257 252 243 254 253 252 249 249 249 247 244 242 235 236 248 255 249 233 236 250 258 260 261 257 256 259 257 259 260 260 260 257 259 263 264 264 264 265 265 265 -9999 -9999 -9999 -9999 -9999
243 245 242 243 243 239 244 248 248 247 247 248 248 249 252 250 248 247 248 247 246 247 244 241 236 230 229 236 228 232 231 228 228 226 225 235 240 246 248 246 244 240 249 254 255 249 249 245 245 250 250 252 251 242 250 247 237 227 234 243 224 236 250 255 254 259 256 257 260 260 259 259 260 260 260 259 262 263 264 264 265 265 265 265 265 -9999 -9999 -9999
239 238 238 239 239 243 246 247 247 247 246 247 247 247 247 250 249 248 250 248 245 244 241 241 240 240 243 244 247 250 243 242 227 227 241 246 249 237 238 235 232 231 248 245 244 238 228 235 240 237 250 253 251 248 251 250 248 243 234 227 234 231 241 246 247 256 256 259 259 259 260 260 261 261 260 259 259 262 263 264 263 266 266 265 265 265 -9999 -9999
239 240 240 240 242 244 246 246 245 246 246 247 247 245 246 250 249 251 251 251 247 248 244 241 243 240 237 248 250 250 252 250 243 239 245 249 249 240 248 246 241 226 233 231 235 241 230 233 242 236 244 248 254 252 254 249 251 247 237 233 241 244 244 247 242 257 258 256 256 256 260 261 260 261 261 260 260 260 263 263 264 263 266 265 265 266 265 -9999
241 245 246 240 245 245 246 245 245 245 245 246 246 243 245 245 246 243 253 251 250 251 250 243 242 245 241 238 251 252 252 252 244 245 251 252 250 244 253 251 246 235 240 234 238 247 240 232 244 245 239 251 252 253 251 247 241 243 238 244 245 248 252 248 239 247 254 254 257 258 260 261 261 260 261 261 261 260 261 262 263 264 264 265 265 266 265 -9999
244 247 244 242 246 247 247 247 245 240 244 245 245 244 245 244 248 250 252 253 252 249 246 243 239 239 247 238 238 252 253 253 252 252 253 252 247 250 253 252 239 235 245 235 241 250 245 247 252 248 237 245 255 253 253 251 247 248 250 248 251 250 254 249 242 239 254 256 255 260 261 261 262 262 262 262 262 261 260 261 262 264 264 264 265 265 266 265
247 248 246 246 247 247 248 248 246 239 243 243 242 240 242 244 247 252 251 254 253 252 239 248 246 237 252 252 243 250 252 254 254 254 254 252 252 253 254 249 244 247 247 243 248 253 248 250 253 244 249 251 255 252 241 248 252 251 247 251 254 253 254 255 248 233 243 251 247 258 259 260 261 260 262 262 262 262 261 261 260 263 264 263 266 265 265 265
247 248 248 248 248 248 249 248 247 241 239 238 242 241 246 250 251 250 253 254 254 253 245 247 250 243 253 253 247 243 248 254 254 254 253 250 251 254 253 249 240 251 251 249 251 254 246 248 252 248 254 255 256 253 245 252 253 254 249 253 256 256 256 252 244 233 234 248 242 248 258 260 260 262 259 258 261 262 260 260 260 262 262 263 263 265 266 265
245 249 248 248 246 247 249 249 246 238 239 238 247 250 250 246 251 252 253 254 255 254 245 247 251 242 253 254 253 253 253 253 251 255 255 255 254 254 254 253 243 248 252 254 255 249 248 251 254 251 249 255 256 250 246 254 254 252 253 255 256 256 255 253 248 244 233 238 251 248 256 260 261 259 252 261 262 263 262 261 261 261 261 263 263 266 265 266
243 247 249 246 241 244 251 248 246 241 240 244 249 251 251 252 250 254 254 255 255 255 247 251 252 246 253 254 254 255 255 253 254 253 256 255 255 256 248 252 251 252 252 248 253 255 241 250 255 252 256 256 254 248 245 254 254 251 254 256 257 255 252 253 250 251 240 241 252 240 253 260 260 259 247 251 261 261 263 262 262 263 262 263 263 263 266 266
249 250 251 248 241 236 248 250 246 244 247 247 250 251 252 253 253 252 254 255 256 255 255 247 252 253 254 255 255 256 256 255 256 255 252 256 256 256 255 252 242 251 254 253 255 255 250 248 256 256 255 252 254 240 247 254 254 252 254 256 256 255 252 255 255 252 243 253 255 256 259 260 260 257 248 256 258 257 263 263 263 263 264 266 265 266 266 266
248 250 252 251 246 248 245 251 246 248 251 248 250 252 253 253 253 254 251 254 255 256 256 253 253 254 255 256 255 256 256 256 256 256 255 255 255 257 256 256 253 252 255 253 255 257 256 255 255 257 256 250 250 252 253 255 255 252 251 257 256 254 254 257 256 252 243 241 252 253 256 261 261 253 242 246 256 260 261 262 264 264 265 265 266 266 266 266
