test/testdata/Hispaniola_WorldClim/snv_12.asc
ncols         743
nrows         319
xllcorner     -74.500956448335
yllcorner     17.448920549066
cellsize      0.0083333333333333
NODATA_value  -9999
[rows 185 to 221 of 319, columns 164 to 245 of 743]
-9999 -9999 -9999 -9999 -9999 -9999 -9999 -9999 -9999 -9999 -9999 -9999 -9999 -9999 -9999 -9999 -9999 -9999 -9999 -9999 -9999 -9999 -9999 -9999 -9999 -9999 -9999 -9999 -9999 -9999 -9999 -9999 -9999 -9999 -9999 -9999 -9999 -9999 -9999 -9999 -9999 -9999 -9999 -9999 -9999 -9999 -9999 -9999 -9999 -9999 -9999 -9999 -9999 -9999 -9999 -9999 -9999 -9999 -9999 -9999 -9999 -9999 -9999 -9999 -9999 -9999 1263 1260 -9999 -9999 -9999 -9999 -9999 -9999 -9999 -9999 -9999 -9999 -9999 -9999 -9999 -9999
-9999 -9999 -9999 -9999 -9999 -9999 -9999 -9999 -9999 -9999 -9999 -9999 -9999 -9999 -9999 -9999 -9999 -9999 -9999 -9999 -9999 -9999 -9999 -9999 -9999 -9999 -9999 -9999 -9999 -9999 -9999 -9999 -9999 -9999 -9999 -9999 -9999 -9999 -9999 -9999 -9999 -9999 -9999 -9999 -9999 -9999 -9999 -9999 -9999 -9999 -9999 -9999 -9999 -9999 -9999 -9999 -9999 -9999 -9999 -9999 -9999 -9999 1273 1276 1278 1283 1286 1281 1280 1273 -9999 -9999 -9999 -9999 -9999 -9999 -9999 -9999 -9999 -9999 -9999 -9999
-9999 -9999 -9999 -9999 -9999 -9999 -9999 -9999 -9999 -9999 -9999 -9999 -9999 -9999 -9999 -9999 -9999 -9999 -9999 -9999 -9999 -9999 -9999 -9999 -9999 -9999 -9999 -9999 -9999 -9999 -9999 -9999 -9999 -9999 -9999 -9999 -9999 -9999 -9999 -9999 -9999 -9999 -9999 -9999 -9999 -9999 -9999 -9999 -9999 -9999 -9999 -9999 -9999 -9999 -9999 -9999 -9999 -9999 -9999 -9999 1281 1288 1292 1302 1300 1305 1312 1304 1302 1293 1288 -9999 1285 1281 1275 1281 1274 1272 1263 1257 1256 1260
-9999 -9999 -9999 -9999 -9999 -9999 -9999 -9999 -9999 -9999 -9999 -9999 -9999 -9999 -9999 -9999 -9999 -9999 -9999 -9999 -9999 -9999 -9999 -9999 -9999 -9999 -9999 -9999 -9999 -9999 -9999 -9999 -9999 -9999 -9999 -9999 -9999 -9999 -9999 -9999 -9999 -9999 -9999 -9999 -9999 -9999 -9999 -9999 -9999 -9999 -9999 -9999 -9999 -9999 -9999 -9999 -9999 -9999 -9999 1290 1299 1312 1317 1326 1333 1331 1335 1330 1330 1316 1313 1323 1310 1362 1364 1366 1361 1357 1348 1369 1359 1351
-9999 -9999 -9999 -9999 -9999 -9999 -9999 -9999 -9999 -9999 -9999 -9999 -9999 -9999 -9999 -9999 -9999 -9999 -9999 -9999 -9999 -9999 -9999 -9999 -9999 -9999 -9999 -9999 -9999 -9999 -9999 -9999 -9999 -9999 -9999 -9999 -9999 -9999 -9999 -9999 -9999 -9999 -9999 -9999 -9999 -9999 -9999 -9999 -9999 -9999 -9999 -9999 -9999 -9999 -9999 -9999 -9999 -9999 1299 1305 1321 1334 1346 1352 1358 1356 1354 1351 1348 1349 1346 1381 1365 1418 1449 1441 1429 1474 1476 1485 1446 1447
-9999 -9999 -9999 -9999 -9999 -9999 -9999 -9999 -9999 -9999 -9999 -9999 -9999 -9999 -9999 -9999 -9999 -9999 -9999 -9999 -9999 -9999 -9999 -9999 -9999 -9999 -9999 -9999 -9999 -9999 -9999 -9999 -9999 -9999 -9999 -9999 -9999 -9999 -9999 -9999 -9999 -9999 -9999 -9999 -9999 -9999 -9999 -9999 -9999 -9999 -9999 -9999 -9999 -9999 -9999 -9999 -9999 -9999 1313 1325 1340 1359 1367 1377 1383 1382 1383 1378 1367 1383 1390 1440 1432 1430 1441 1462 1502 1566 1582 1614 1579 1541
-9999 -9999 -9999 -9999 -9999 -9999 -9999 -9999 -9999 -9999 -9999 -9999 -9999 -9999 -9999 -9999 -9999 -9999 -9999 -9999 -9999 -9999 -9999 -9999 -9999 -9999 -9999 -9999 -9999 -9999 -9999 -9999 -9999 -9999 -9999 -9999 -9999 -9999 -9999 -9999 -9999 -9999 -9999 -9999 -9999 -9999 -9999 -9999 -9999 -9999 -9999 -9999 -9999 -9999 -9999 -9999 -9999 -9999 1329 1347 1356 1371 1388 1397 1401 1408 1405 1402 1404 1405 1449 1447 1468 1489 1502 1519 1504 1510 1559 1615 1627 1636
-9999 -9999 -9999 -9999 -9999 -9999 -9999 -9999 -9999 -9999 -9999 -9999 -9999 -9999 -9999 -9999 -9999 -9999 -9999 -9999 -9999 -9999 -9999 -9999 -9999 -9999 -9999 -9999 -9999 -9999 -9999 -9999 -9999 -9999 -9999 -9999 -9999 -9999 -9999 -9999 -9999 -9999 -9999 -9999 -9999 -9999 -9999 -9999 -9999 -9999 -9999 -9999 -9999 -9999 -9999 -9999 -9999 1333 1344 1364 1375 1391 1402 1415 1419 1425 1429 1434 1449 1462 1478 1483 1503 1483 1538 1561 1673 1626 1626 1582 1595 1618
-9999 -9999 -9999 -9999 -9999 -9999 -9999 -9999 -9999 -9999 -9999 -9999 -9999 -9999 -9999 -9999 -9999 -9999 -9999 -9999 -9999 -9999 -9999 -9999 -9999 -9999 -9999 -9999 -9999 -9999 -9999 -9999 -9999 -9999 -9999 -9999 -9999 -9999 -9999 -9999 -9999 -9999 -9999 -9999 -9999 -9999 -9999 -9999 -9999 -9999 -9999 -9999 -9999 -9999 -9999 -9999 -9999 1347 1357 1370 1387 1403 1416 1423 1437 1442 1445 1453 1468 1478 1492 1525 1565 1619 1587 1643 1679 1690 1671 1648 1638 1656
-9999 -9999 -9999 -9999 -9999 -9999 -9999 -9999 -9999 -9999 -9999 -9999 -9999 -9999 -9999 -9999 -9999 -9999 -9999 -9999 -9999 -9999 -9999 -9999 -9999 -9999 -9999 -9999 -9999 -9999 -9999 -9999 -9999 -9999 -9999 -9999 -9999 -9999 -9999 -9999 -9999 -9999 -9999 -9999 -9999 -9999 -9999 -9999 -9999 -9999 -9999 -9999 -9999 -9999 -9999 -9999 1340 1354 1368 1387 1402 1413 1422 1434 1446 1451 1460 1463 1464 1497 1539 1567 1623 1677 1698 1742 1691 1726 1706 1702 1689 1667
-9999 -9999 -9999 -9999 -9999 -9999 -9999 -9999 -9999 -9999 -9999 -9999 -9999 -9999 -9999 -9999 -9999 -9999 -9999 -9999 -9999 -9999 -9999 -9999 -9999 -9999 -9999 -9999 -9999 -9999 -9999 -9999 -9999 -9999 -9999 -9999 -9999 -9999 -9999 -9999 -9999 -9999 -9999 -9999 -9999 -9999 -9999 -9999 -9999 -9999 -9999 -9999 -9999 -9999 -9999 -9999 1347 1364 1377 1391 1407 1421 1433 1445 1452 1458 1460 1484 1483 1482 1523 1564 1626 1695 1615 1748 1740 1733 1619 1721 1480 1478
1136 -9999 -9999 -9999 -9999 -9999 -9999 -9999 -9999 -9999 -9999 -9999 -9999 -9999 -9999 -9999 -9999 -9999 -9999 -9999 -9999 -9999 -9999 -9999 -9999 -9999 -9999 -9999 -9999 -9999 -9999 -9999 -9999 -9999 -9999 -9999 -9999 -9999 -9999 -9999 -9999 -9999 -9999 -9999 -9999 -9999 -9999 -9999 -9999 -9999 -9999 -9999 -9999 -9999 -9999 -9999 1355 1374 1388 1398 1411 1425 1440 1452 1463 1471 1469 1492 1503 1499 1489 1502 1488 1499 1520 1484 1496 1513 1553 1651 1662 1658
1141 1143 -9999 -9999 -9999 -9999 -9999 -9999 -9999 -9999 -9999 1174 1171 1259 1307 1187 1270 1290 1298 1192 1262 -9999 -9999 -9999 -9999 -9999 -9999 -9999 -9999 -9999 -9999 -9999 -9999 -9999 -9999 -9999 -9999 -9999 -9999 -9999 -9999 -9999 -9999 -9999 -9999 -9999 -9999 -9999 -9999 -9999 -9999 -9999 -9999 -9999 -9999 1359 1363 1381 1398 1411 1423 1436 1452 1458 1470 1481 1492 1511 1508 1519 1520 1515 1536 1563 1620 1644 1676 1602 1633 1702 1755 1761
1229 1196 1152 -9999 -9999 -9999 -9999 1169 1173 1347 1373 1353 1430 1411 1430 1526 1518 1494 1512 1463 1434 1388 1378 1333 1212 -9999 -9999 -9999 -9999 -9999 -9999 -9999 -9999 -9999 -9999 -9999 -9999 -9999 -9999 -9999 -9999 -9999 -9999 -9999 -9999 -9999 -9999 -9999 -9999 -9999 -9999 -9999 -9999 -9999 -9999 1362 1378 1395 1415 1425 1442 1455 1471 1486 1495 1505 1505 1507 1510 1537 1572 1562 1539 1586 1661 1701 1736 1744 1700 1742 1780 1821
1332 1316 1209 1191 -9999 1164 1165 1176 1241 1358 1418 1427 1400 1359 1376 1493 1563 1548 1557 1550 1519 1520 1485 1468 1467 1407 1329 1227 1229 -9999 -9999 -9999 -9999 -9999 -9999 -9999 -9999 -9999 -9999 -9999 -9999 -9999 -9999 -9999 -9999 -9999 -9999 -9999 -9999 -9999 -9999 -9999 -9999 -9999 1371 1384 1452 1491 1468 1460 1451 1479 1486 1495 1512 1529 1525 1519 1533 1514 1610 1655 1576 1600 1692 1746 1852 1766 1775 1785 1925 1873
1368 1379 1395 1353 1340 1314 1253 1311 1314 1329 1387 1369 1339 1370 1361 1428 1458 1425 1406 1364 1387 1342 1390 1378 1265 1282 1244 1236 -9999 -9999 -9999 -9999 -9999 1291 1279 1295 1397 1477 1481 1276 -9999 -9999 -9999 -9999 -9999 -9999 -9999 -9999 -9999 -9999 -9999 -9999 1354 1505 1504 1501 1515 1533 1545 1508 1483 1505 1506 1536 1530 1547 1592 1572 1581 1527 1572 1692 1650 1634 1726 1763 1886 1944 1946 1874 1944 1774
1518 1499 1424 1366 1345 1318 1243 1223 1223 1239 1307 1292 1295 1368 1309 1355 1368 1321 1309 1368 1365 1342 1347 1320 1279 1255 1253 1251 -9999 -9999 -9999 1261 1285 1331 1337 1361 1369 1441 1503 1580 1279 1324 1324 1321 1320 1308 -9999 -9999 -9999 -9999 1343 1347 1477 1487 1525 1533 1535 1546 1576 1544 1491 1525 1534 1569 1562 1579 1611 1655 1648 1544 1574 1684 1713 1663 1720 1742 1798 1876 1876 1807 1974 1924
1589 1565 1417 1361 1325 1308 1244 1328 1211 1214 1216 1242 1246 1258 1274 1279 1262 1235 1240 1260 1290 1315 1289 1285 1277 1284 1277 1264 1292 1270 1270 1264 1299 1381 1430 1438 1451 1454 1467 1467 1442 1361 1349 1339 1350 1373 1328 1364 1357 1380 1424 1511 1495 1552 1560 1547 1571 1532 1592 1601 1536 1515 1585 1602 1633 1640 1683 1663 1623 1554 1632 1764 1772 1794 1783 1769 1770 1791 1768 1810 2067 2086
1613 1498 1420 1349 1308 1266 1257 1215 1212 1214 1217 1227 1232 1252 1255 1254 1240 1241 1243 1255 1281 1294 1305 1315 1299 1318 1404 1417 1425 1285 1376 1402 1377 1453 1484 1521 1518 1572 1552 1517 1427 1399 1425 1377 1400 1436 1431 1410 1415 1471 1502 1528 1552 1590 1584 1562 1607 1542 1581 1633 1564 1534 1557 1579 1621 1717 1698 1678 1651 1592 1585 1646 1712 1776 1766 1747 1741 1770 1754 1783 1799 2051
1574 1472 1380 1350 1315 1291 1260 1238 1219 1219 1223 1225 1230 1237 1236 1238 1242 1244 1248 1291 1337 1373 1339 1388 1407 1409 1413 1495 1524 1464 1455 1489 1449 1507 1487 1555 1575 1639 1694 1578 1467 1452 1412 1439 1457 1458 1474 1470 1480 1513 1544 1581 1623 1656 1662 1706 1666 1665 1624 1626 1591 1562 1570 1613 1665 1685 1650 1601 1607 1573 1610 1616 1719 1757 1716 1714 1679 1675 1741 1768 1765 1776
1621 1517 1372 1333 1338 1343 1245 1236 1222 1215 1222 1228 1234 1252 1280 1324 1413 1453 1408 1423 1431 1443 1487 1473 1478 1467 1502 1461 1537 1553 1545 1563 1523 1612 1641 1597 1682 1747 1708 1586 1517 1465 1414 1477 1463 1502 1514 1517 1516 1495 1558 1568 1624 1660 1688 1658 1657 1737 1709 1684 1683 1649 1594 1589 1644 1680 1640 1641 1646 1666 1662 1661 1690 1760 1706 1681 1623 1643 1630 1664 1713 1764
1639 1483 1351 1356 1353 1363 1335 1222 1223 1229 1231 1352 1388 1370 1375 1442 1550 1512 1498 1550 1577 1577 1544 1575 1542 1560 1574 1570 1528 1596 1690 1734 1693 1721 1666 1683 1720 1814 1777 1652 1566 1486 1441 1527 1545 1557 1560 1560 1547 1524 1522 1569 1580 1617 1655 1598 1713 1746 1691 1636 1617 1642 1648 1668 1745 1740 1692 1650 1631 1581 1573 1590 1702 1731 1674 1671 1607 1615 1685 1750 1770 1766
1439 1452 1405 1406 1411 1424 1444 1448 1411 1445 1543 1519 1523 1447 1459 1502 1528 1699 1651 1647 1735 1710 1675 1719 1697 1617 1717 1684 1716 1637 1729 1808 1788 1792 1770 1764 1834 1795 1695 1647 1551 1538 1461 1586 1615 1586 1598 1603 1571 1550 1532 1540 1570 1570 1588 1684 1662 1705 1650 1621 1613 1707 1707 1694 1765 1777 1701 1627 1599 1609 1566 1570 1673 1703 1602 1549 1695 1678 1713 1771 1770 1770
1375 1407 1392 1412 1420 1424 1471 1465 1481 1474 1561 1582 1583 1526 1545 1585 1670 1749 1763 1751 1807 1832 1842 1866 1829 1857 1894 1867 1860 1710 1814 1795 1801 1851 1856 1868 1838 1778 1795 1739 1689 1654 1528 1752 1692 1675 1675 1675 1613 1597 1559 1602 1633 1647 1577 1594 1634 1624 1604 1607 1639 1737 1769 1741 1794 1797 1765 1755 1728 1616 1580 1542 1578 1569 1566 1664 1776 1762 1716 1753 1775 1709
1379 1382 1387 1412 1425 1424 1453 1458 1467 1505 1540 1562 1629 1629 1629 1640 1714 1777 1822 1814 1841 1869 1920 1879 1878 1897 1911 1964 1929 1879 1894 1811 1768 1808 1845 1914 1881 1859 1855 1806 1714 1557 1690 1812 1773 1742 1745 1731 1693 1697 1694 1635 1695 1682 1628 1580 1625 1596 1613 1635 1648 1663 1712 1684 1739 1790 1802 1794 1787 1761 1677 1580 1520 1553 1564 1622 1721 1774 1765 1777 1728 1648
1386 1382 1388 1393 1399 1432 1494 1481 1478 1494 1504 1513 1587 1670 1685 1730 1787 1789 1804 1840 1873 1846 1876 1923 1834 1889 1903 1855 1846 1818 1856 1739 1787 1844 1882 1950 1938 1943 1917 1809 1684 1657 1874 1906 1846 1792 1831 1833 1761 1765 1734 1706 1738 1747 1722 1692 1661 1613 1640 1686 1638 1685 1668 1636 1720 1777 1762 1704 1747 1766 1724 1517 1541 1656 1659 1692 1640 1672 1654 1742 1662 1625
1441 1406 1390 1395 1398 1403 1524 1528 1469 1489 1527 1618 1618 1690 1732 1732 1765 1806 1788 1791 1764 1808 1869 1803 1808 1857 1897 1888 1830 1785 1712 1767 1832 1916 1964 1996 2000 1954 1849 1762 1651 1652 1769 1874 1915 1893 1922 1915 1841 1809 1776 1766 1769 1774 1772 1764 1692 1613 1654 1669 1653 1737 1621 1684 1766 1795 1752 1633 1616 1745 1635 1492 1553 1701 1783 1788 1760 1568 1509 1536 1579 1546
1481 1454 1456 1428 1417 1404 1461 1526 1498 1476 1542 1576 1608 1655 1624 1740 1744 1790 1748 1741 1761 1851 1823 1795 1836 1821 1882 1846 1755 1722 1745 1836 1898 1956 1952 2004 1986 1888 1797 1745 1692 1777 1805 1914 1891 1943 2006 1956 1890 1841 1804 1763 1758 1776 1731 1717 1696 1587 1675 1620 1700 1747 1601 1748 1785 1797 1781 1774 1562 1536 1492 1500 1586 1717 1753 1787 1736 1537 1470 1483 1451 1479
1500 1472 1517 1474 1444 1413 1428 1416 1431 1526 1498 1524 1611 1606 1564 1661 1727 1734 1706 1742 1828 1806 1742 1783 1777 1827 1869 1826 1733 1715 1764 1802 1871 1898 1871 1941 1975 1872 1836 1764 1767 1802 1794 1876 1839 1866 1998 1978 1919 1855 1820 1795 1770 1782 1691 1652 1640 1630 1638 1599 1661 1628 1633 1720 1777 1754 1756 1765 1645 1474 1462 1556 1665 1723 1774 1771 1761 1524 1425 1433 1439 1535
1541 1498 1478 1493 1432 1436 1479 1431 1486 1552 1555 1572 1594 1557 1564 1599 1694 1766 1685 1705 1782 1726 1748 1813 1787 1786 1793 1718 1719 1703 1755 1822 1846 1831 1832 1881 1866 1906 1972 1889 1844 1832 1858 1823 1822 1819 1849 1936 1931 1877 1836 1799 1781 1719 1724 1689 1649 1608 1587 1575 1599 1593 1672 1720 1717 1718 1690 1628 1549 1533 1445 1639 1676 1696 1730 1729 1719 1560 1409 1505 1447 1439
1573 1506 1491 1466 1537 1451 1434 1454 1451 1493 1523 1597 1549 1518 1550 1586 1672 1748 1708 1634 1671 1712 1798 1819 1771 1746 1729 1662 1731 1753 1803 1902 1854 1797 1775 1802 1845 1843 1929 1998 1898 1890 1823 1793 1808 1808 1916 1958 1900 1892 1855 1822 1811 1790 1761 1695 1703 1668 1631 1589 1544 1609 1631 1659 1678 1684 1647 1597 1509 1451 1547 1616 1602 1602 1587 1429 1376 1430 1463 1507 1600 1509
1545 1520 1497 1507 1504 1475 1516 1508 1446 1454 1453 1521 1550 1478 1568 1648 1700 1703 1658 1659 1735 1761 1784 1795 1810 1812 1600 1709 1823 1901 1903 1924 1923 1870 1822 1740 1662 1758 1823 1906 1998 1996 1879 1782 1755 1879 1962 1954 1881 1827 1831 1837 1809 1807 1763 1732 1714 1698 1630 1601 1549 1561 1577 1613 1627 1678 1606 1483 1430 1475 1525 1544 1571 1555 1411 1428 1504 1561 1603 1597 1619 1646
1441 1439 1447 1496 1463 1508 1482 1520 1513 1457 1411 1481 1489 1473 1562 1739 1708 1695 1619 1656 1711 1712 1735 1751 1733 1733 1668 1647 1792 1837 1912 1909 1939 1857 1869 1794 1703 1721 1844 1874 1895 1920 1965 1818 1744 1835 1952 1970 1897 1841 1799 1784 1679 1737 1708 1664 1625 1624 1585 1588 1525 1543 1542 1552 1598 1685 1634 1403 1472 1494 1474 1459 1474 1486 1385 1351 1581 1657 1780 1769 1724 1738
1470 1471 1443 1446 1425 1450 1457 1456 1470 1407 1449 1426 1484 1487 1580 1704 1752 1712 1629 1612 1634 1677 1769 1743 1547 1618 1647 1712 1774 1776 1713 1778 1744 1713 1676 1720 1657 1661 1751 1797 1859 1859 1865 1872 1696 1937 1933 1928 1819 1802 1769 1741 1711 1673 1749 1728 1701 1681 1723 1642 1588 1481 1518 1458 1516 1573 1591 1492 1447 1424 1424 1430 1379 1330 1363 1431 1638 1680 1746 1786 1790 1787
1477 1468 1542 1509 1482 1456 1479 1489 1427 1412 1404 1484 1586 1558 1590 1684 1720 1771 1728 1628 1593 1632 1738 1765 1575 1687 1771 1773 1669 1638 1654 1666 1702 1687 1662 1730 1639 1617 1679 1714 1766 1841 1843 1829 1736 1846 1892 1821 1831 1785 1777 1754 1753 1792 1823 1778 1781 1761 1741 1772 1719 1597 1581 1563 1429 1438 1438 1437 1354 1443 1396 1397 1325 1339 1442 1546 1666 1749 1783 1788 1799 1796
1534 1494 1488 1530 1504 1472 1455 1450 1433 1423 1404 1421 1510 1543 1566 1595 1694 1689 1721 1683 1626 1555 1631 1664 1555 1727 1698 1693 1621 1585 1619 1655 1628 1655 1590 1655 1667 1561 1602 1719 1682 1689 1757 1692 1671 1789 1776 1801 1819 1821 1807 1784 1777 1810 1794 1798 1799 1789 1771 1731 1658 1668 1685 1629 1583 1464 1422 1350 1333 1387 1419 1318 1311 1425 1461 1531 1644 1746 1756 1782 1796 1797
1526 1552 1527 1547 1529 1481 1474 1455 1443 1432 1419 1386 1467 1478 1519 1590 1708 1695 1658 1625 1531 1549 1607 1638 1545 1613 1625 1612 1598 1615 1603 1675 1633 1622 1611 1601 1695 1594 1666 1700 1643 1675 1727 1690 1640 1645 1707 1745 1795 1810 1818 1776 1759 1766 1735 1740 1764 1719 1790 1762 1742 1757 1715 1715 1651 1628 1548 1500 1315 1333 1302 1299 1295 1354 1448 1438 1477 1582 1698 1737 1781 1771
