test/testdata/Hispaniola_WorldClim/snv_16.asc
ncols         743
nrows         319
xllcorner     -74.500956448335
yllcorner     17.448920549066
cellsize      0.0083333333333333
NODATA_value  -9999
[rows 195 to 233 of 319, columns 0 to 87 of 743]
-9999 -9999 -9999 -9999 -9999 -9999 579 577 608 606 609 626 661 681 642 662 664 634 608 628 627 629 657 682 653 617 635 685 758 787 771 757 777 792 779 780 782 793 793 797 776 757 690 707 763 795 802 787 777 781 777 777 780 777 773 753 764 778 777 778 779 780 779 780 780 779 779 779 780 778 776 777 781 785 787 779 795 801 793 785 783 784 788 793 777 770 771 778
-9999 -9999 -9999 -9999 -9999 556 568 594 607 608 610 616 635 706 706 700 683 654 681 626 687 690 711 724 711 664 638 659 729 764 786 796 799 792 782 782 778 766 751 683 739 691 720 755 764 789 797 785 793 788 791 793 788 786 776 748 782 784 784 783 784 783 782 782 782 783 784 785 787 781 779 786 785 804 803 805 800 792 785 787 778 780 788 790 787 789 787 793
-9999 -9999 -9999 -9999 -9999 564 590 606 610 614 610 668 689 664 726 721 733 708 703 680 607 668 681 716 669 641 678 735 759 796 812 821 799 800 796 750 725 693 719 745 748 726 764 790 784 794 799 789 790 795 801 813 801 787 775 782 791 789 787 786 789 787 786 786 786 785 784 785 784 786 790 795 803 808 810 810 811 812 813 794 788 784 795 796 786 784 792 799
-9999 -9999 -9999 -9999 553 567 613 610 621 645 644 645 671 700 685 709 700 682 626 658 675 706 713 726 686 631 694 743 790 801 813 815 802 776 756 750 725 739 754 778 784 736 773 801 804 807 808 804 795 806 815 816 797 788 780 770 792 788 788 789 790 794 793 792 791 788 787 786 787 791 788 789 804 803 802 813 812 803 797 789 785 780 777 772 772 769 769 764
-9999 -9999 -9999 -9999 557 580 608 593 613 635 702 708 676 719 673 658 702 668 642 678 717 746 704 670 656 650 684 765 800 815 823 812 797 762 726 729 740 765 760 768 783 771 755 787 807 814 815 815 800 808 807 797 789 786 787 790 792 792 793 793 792 792 792 791 791 791 791 792 794 792 790 793 789 803 797 805 803 805 796 781 779 775 787 776 772 770 767 767
-9999 -9999 -9999 549 574 579 585 598 631 671 689 648 671 721 703 667 644 617 614 717 709 706 744 760 763 688 678 751 775 773 814 805 795 791 763 748 781 789 787 780 786 793 761 779 802 821 831 831 822 803 801 800 797 800 796 797 797 796 795 796 794 794 795 794 794 792 792 791 791 790 789 789 791 798 789 786 790 817 801 796 793 786 777 776 776 775 776 771
-9999 -9999 -9999 573 602 617 613 588 640 651 649 647 661 670 693 703 662 682 729 739 748 766 767 789 779 736 689 750 738 779 801 813 808 786 765 762 764 796 802 796 794 815 803 792 800 821 834 826 817 816 818 823 804 799 796 803 805 803 804 804 797 800 804 797 796 795 795 797 794 791 791 793 791 789 788 786 785 785 784 782 782 780 782 782 778 779 778 774
-9999 -9999 -9999 561 617 596 572 565 601 665 639 640 632 666 659 647 636 668 677 674 704 709 726 769 793 788 693 733 716 766 802 804 809 780 796 788 770 792 814 809 815 822 814 800 807 820 836 838 834 830 840 830 816 806 798 802 817 802 804 801 811 806 806 805 802 801 800 798 799 796 794 793 792 791 790 791 788 787 786 785 784 783 785 783 782 784 785 781
-9999 -9999 -9999 -9999 550 557 556 571 604 664 639 643 680 720 699 681 647 646 639 651 677 694 706 736 776 746 702 681 710 733 751 782 802 807 812 799 770 796 798 799 808 821 839 812 813 818 828 851 844 827 817 818 807 807 804 802 803 803 803 805 809 812 812 811 814 806 804 804 801 797 795 796 796 794 795 794 793 789 789 787 790 787 785 784 781 779 784 779
-9999 -9999 -9999 -9999 -9999 552 556 576 645 700 667 635 672 715 726 699 669 686 708 675 729 721 746 756 749 743 704 721 764 758 761 750 767 795 806 781 776 785 802 804 810 823 835 829 835 837 842 860 861 837 820 813 807 809 808 810 813 808 807 807 811 822 817 818 816 813 810 806 804 802 798 797 796 796 796 794 793 793 791 793 788 787 797 798 800 788 781 778
-9999 -9999 -9999 -9999 -9999 -9999 559 575 679 676 668 644 689 666 724 754 759 735 744 736 709 756 761 801 770 730 721 767 796 811 808 814 811 818 804 802 803 806 822 838 823 835 831 834 851 866 864 859 855 839 823 815 813 830 831 835 833 835 833 819 818 830 821 820 818 814 811 807 803 803 801 800 799 800 800 798 799 793 800 792 790 791 791 851 842 791 788 781
-9999 -9999 -9999 -9999 -9999 -9999 571 698 698 692 681 705 660 705 676 701 747 766 791 758 741 791 789 798 805 766 733 738 793 813 821 823 825 814 803 828 815 817 830 842 846 836 822 833 849 848 859 860 858 857 825 827 836 849 868 877 893 868 850 852 851 845 828 818 816 814 813 808 806 804 803 802 801 802 803 805 805 799 822 820 833 799 796 893 907 811 846 797
-9999 -9999 -9999 -9999 -9999 -9999 627 666 729 699 690 726 755 766 734 730 724 787 802 789 756 760 797 821 823 789 762 750 765 787 809 819 821 819 819 830 829 820 823 823 822 832 820 816 824 835 856 854 863 839 827 828 837 841 848 858 881 873 856 849 829 820 825 824 817 811 808 807 808 807 804 805 804 804 805 842 817 829 904 869 835 881 849 886 1027 1017 924 998
-9999 -9999 -9999 -9999 -9999 -9999 563 593 632 726 727 726 781 796 770 775 756 767 798 809 773 792 817 835 828 808 788 799 800 800 817 807 809 813 794 813 820 804 805 817 811 815 805 816 830 823 825 827 820 826 828 834 834 838 844 846 859 838 829 824 817 814 812 812 812 812 816 814 808 807 810 810 805 809 834 921 939 948 1068 952 900 865 971 1014 1072 979 920 1022
-9999 -9999 -9999 -9999 -9999 -9999 589 646 689 749 776 759 777 824 819 816 816 810 815 815 814 809 822 818 813 821 820 827 823 823 820 808 781 802 787 804 802 778 795 793 789 799 782 805 815 814 818 814 817 818 821 836 841 849 859 866 877 860 845 833 828 828 824 816 813 813 813 815 833 822 833 838 850 855 923 879 891 974 991 1081 1096 1075 1115 946 925 851 850 870
-9999 -9999 -9999 -9999 -9999 -9999 607 667 716 787 760 794 805 812 799 801 758 801 765 775 778 761 752 777 793 798 805 803 803 797 788 768 765 768 759 762 757 768 769 746 760 767 747 778 785 788 807 803 811 817 821 825 825 828 838 840 856 873 862 855 853 852 848 841 834 834 831 822 813 813 811 818 815 825 977 911 933 986 1058 1130 1137 950 1075 962 896 843 843 837
-9999 -9999 -9999 -9999 -9999 -9999 -9999 563 672 620 682 709 718 721 707 718 712 716 656 686 690 674 675 743 642 662 709 750 767 782 798 787 772 740 753 765 719 761 772 782 804 811 773 712 794 809 813 816 818 821 822 823 822 823 823 838 845 838 839 839 848 837 834 849 849 833 830 825 822 815 817 821 841 872 895 973 959 999 1067 1159 1169 1117 1109 993 880 870 839 826
-9999 -9999 -9999 -9999 -9999 -9999 -9999 -9999 -9999 -9999 566 570 572 625 600 621 618 591 619 619 606 617 617 629 658 739 774 778 803 797 772 709 613 669 711 723 621 681 737 766 788 776 672 812 822 821 820 822 821 821 822 824 824 824 826 836 835 832 828 827 827 825 822 829 823 824 819 820 816 817 829 855 887 954 987 1019 983 1036 1078 1114 1137 1173 1077 1015 987 969 959 923
-9999 -9999 -9999 -9999 -9999 -9999 -9999 -9999 -9999 -9999 -9999 -9999 572 595 578 619 626 636 649 655 682 656 673 641 686 751 801 779 770 725 705 613 646 680 689 615 608 615 631 654 672 690 749 756 809 815 806 823 822 799 816 823 827 827 826 829 832 830 828 823 824 824 822 821 820 822 823 822 818 818 828 861 927 953 1011 1047 1048 1082 1117 1160 1161 1131 1062 1104 1087 1084 1079 1067
-9999 -9999 -9999 -9999 -9999 -9999 -9999 -9999 -9999 -9999 -9999 -9999 629 638 663 639 671 656 668 697 718 703 666 673 684 684 682 657 677 637 585 607 688 706 616 601 613 631 659 706 748 758 793 807 820 812 792 801 803 799 824 827 828 829 828 828 833 829 827 826 825 827 826 830 825 832 848 849 847 856 856 863 938 971 1024 1061 1007 1058 1065 1062 1017 1113 1074 1092 1106 1030 1072 1065
-9999 -9999 -9999 -9999 -9999 -9999 -9999 -9999 -9999 -9999 -9999 -9999 -9999 -9999 604 587 610 609 644 656 664 703 634 593 625 609 615 630 600 585 578 613 580 607 592 596 600 678 764 780 809 825 825 822 825 807 782 748 758 789 822 827 831 832 833 831 831 829 828 826 828 833 831 833 836 844 851 855 877 887 911 917 916 982 1010 1055 1075 1085 1042 1049 1067 1070 1091 1068 914 1031 904 914
-9999 -9999 -9999 -9999 -9999 -9999 -9999 -9999 -9999 -9999 -9999 -9999 -9999 -9999 -9999 580 590 603 639 589 612 607 601 590 596 585 585 -9999 -9999 -9999 -9999 -9999 -9999 -9999 593 591 588 744 775 789 812 811 818 815 807 768 741 726 778 799 823 832 833 835 837 834 836 832 830 830 829 831 840 844 853 862 865 862 866 906 928 959 960 956 1026 1017 1065 1066 1058 1106 1047 951 934 917 878 874 860 864
-9999 -9999 -9999 -9999 -9999 -9999 -9999 -9999 -9999 -9999 -9999 -9999 -9999 -9999 -9999 -9999 576 579 579 580 581 582 586 582 582 -9999 -9999 -9999 -9999 -9999 -9999 -9999 -9999 -9999 -9999 -9999 -9999 588 655 720 711 705 752 702 697 686 739 731 735 823 813 808 785 833 820 843 839 839 836 831 831 834 840 853 864 862 862 869 885 892 951 960 976 996 1022 1028 1045 1047 1037 1013 992 962 932 921 896 933 842 846
-9999 -9999 -9999 -9999 -9999 -9999 -9999 -9999 -9999 -9999 -9999 -9999 -9999 -9999 -9999 -9999 -9999 -9999 -9999 -9999 581 582 583 582 -9999 -9999 -9999 -9999 -9999 -9999 -9999 -9999 -9999 -9999 -9999 -9999 -9999 -9999 593 626 612 621 662 694 673 693 762 734 753 814 802 745 775 804 821 833 845 850 849 841 833 835 837 842 858 877 858 868 932 942 954 917 947 998 1015 1016 1012 1014 1014 1000 969 961 926 907 891 870 843 820
-9999 -9999 -9999 -9999 -9999 -9999 -9999 -9999 -9999 -9999 -9999 -9999 -9999 -9999 -9999 -9999 -9999 -9999 -9999 -9999 -9999 -9999 -9999 -9999 -9999 -9999 -9999 -9999 -9999 -9999 -9999 -9999 -9999 -9999 -9999 -9999 -9999 -9999 -9999 -9999 602 615 676 693 641 737 749 765 745 793 750 717 833 837 837 841 839 851 843 842 836 836 836 840 845 886 866 881 933 907 893 900 912 984 999 1000 988 987 990 972 962 942 910 902 880 856 836 818
-9999 -9999 -9999 -9999 -9999 -9999 -9999 -9999 -9999 -9999 -9999 -9999 -9999 -9999 -9999 -9999 -9999 -9999 -9999 -9999 -9999 -9999 -9999 -9999 -9999 -9999 -9999 -9999 -9999 -9999 -9999 -9999 -9999 -9999 -9999 -9999 -9999 -9999 -9999 -9999 -9999 608 610 611 664 722 724 774 657 691 682 795 841 839 840 841 844 851 851 840 837 844 842 843 852 904 908 882 933 942 889 899 906 952 974 975 973 968 967 956 942 928 899 883 872 845 830 816
-9999 -9999 -9999 -9999 -9999 -9999 -9999 -9999 -9999 -9999 -9999 -9999 -9999 -9999 -9999 -9999 -9999 -9999 -9999 -9999 -9999 -9999 -9999 -9999 -9999 -9999 -9999 -9999 -9999 -9999 -9999 -9999 -9999 -9999 -9999 -9999 -9999 -9999 -9999 -9999 -9999 -9999 -9999 -9999 610 650 666 698 645 715 768 823 838 840 839 843 839 844 841 839 844 857 868 873 870 901 916 910 918 940 940 897 906 933 947 952 949 947 943 927 918 905 894 873 858 838 823 809
-9999 -9999 -9999 -9999 -9999 -9999 -9999 -9999 -9999 -9999 -9999 -9999 -9999 -9999 -9999 -9999 -9999 -9999 -9999 -9999 -9999 -9999 -9999 -9999 -9999 -9999 -9999 -9999 -9999 -9999 -9999 -9999 -9999 -9999 -9999 -9999 -9999 -9999 -9999 -9999 -9999 -9999 -9999 -9999 -9999 -9999 -9999 626 633 745 792 780 820 823 834 849 843 840 841 846 850 847 864 894 885 909 913 925 928 941 941 960 950 917 923 930 928 934 922 918 906 892 878 861 846 839 810 802
-9999 -9999 -9999 -9999 -9999 -9999 -9999 -9999 -9999 -9999 -9999 -9999 -9999 -9999 -9999 -9999 -9999 -9999 -9999 -9999 -9999 -9999 -9999 -9999 -9999 -9999 -9999 -9999 -9999 -9999 -9999 -9999 -9999 -9999 -9999 -9999 -9999 -9999 -9999 -9999 -9999 -9999 -9999 -9999 -9999 -9999 -9999 -9999 -9999 665 731 774 725 754 805 840 850 843 840 847 860 855 850 870 902 892 914 903 904 940 903 902 903 906 909 901 909 905 907 906 891 877 869 855 838 821 804 790
-9999 -9999 -9999 -9999 -9999 -9999 -9999 -9999 -9999 -9999 -9999 -9999 -9999 -9999 -9999 -9999 -9999 -9999 -9999 -9999 -9999 -9999 -9999 -9999 -9999 -9999 -9999 -9999 -9999 -9999 -9999 -9999 -9999 -9999 -9999 -9999 -9999 -9999 -9999 -9999 -9999 -9999 -9999 -9999 -9999 -9999 -9999 -9999 -9999 -9999 708 654 679 779 763 834 849 853 845 842 848 868 858 848 870 904 863 914 906 934 944 938 887 889 888 879 883 884 890 886 880 866 860 840 826 814 801 789
-9999 -9999 -9999 -9999 -9999 -9999 -9999 -9999 -9999 -9999 -9999 -9999 -9999 -9999 -9999 -9999 -9999 -9999 -9999 -9999 -9999 -9999 -9999 -9999 -9999 -9999 -9999 -9999 -9999 -9999 -9999 -9999 -9999 -9999 -9999 -9999 -9999 -9999 -9999 -9999 -9999 -9999 -9999 -9999 -9999 -9999 -9999 -9999 -9999 -9999 -9999 -9999 671 710 758 779 816 845 859 861 869 876 862 848 856 881 900 859 909 928 943 896 904 876 875 870 871 871 875 866 866 858 837 830 816 805 796 786
-9999 -9999 -9999 -9999 -9999 -9999 -9999 -9999 -9999 -9999 -9999 -9999 -9999 -9999 -9999 -9999 -9999 -9999 -9999 -9999 -9999 -9999 -9999 -9999 -9999 -9999 -9999 -9999 -9999 -9999 -9999 -9999 -9999 -9999 -9999 -9999 -9999 -9999 -9999 -9999 -9999 -9999 -9999 -9999 -9999 -9999 -9999 -9999 -9999 -9999 -9999 -9999 -9999 696 707 695 756 775 848 869 861 834 886 874 871 868 901 843 849 845 907 899 841 864 862 860 858 856 858 854 848 844 833 821 816 806 790 783
-9999 -9999 -9999 -9999 -9999 -9999 -9999 -9999 -9999 -9999 -9999 -9999 -9999 -9999 -9999 -9999 -9999 -9999 -9999 -9999 -9999 -9999 -9999 -9999 -9999 -9999 -9999 -9999 -9999 -9999 -9999 -9999 -9999 -9999 -9999 -9999 -9999 -9999 -9999 -9999 -9999 -9999 -9999 -9999 -9999 -9999 -9999 -9999 -9999 -9999 -9999 -9999 -9999 -9999 677 715 829 835 841 853 846 833 877 894 901 879 884 919 909 835 840 875 840 851 852 855 848 843 834 832 831 832 822 813 802 796 783 773
-9999 -9999 -9999 -9999 -9999 -9999 -9999 -9999 -9999 -9999 -9999 -9999 -9999 -9999 -9999 -9999 -9999 -9999 -9999 -9999 -9999 -9999 -9999 -9999 -9999 -9999 -9999 -9999 -9999 -9999 -9999 -9999 -9999 -9999 -9999 -9999 -9999 -9999 -9999 -9999 -9999 -9999 -9999 -9999 -9999 -9999 -9999 -9999 -9999 -9999 -9999 -9999 -9999 -9999 -9999 685 799 780 844 834 831 849 869 870 899 906 905 920 917 916 837 838 836 844 843 847 843 835 829 819 822 820 809 807 795 789 776 766
-9999 -9999 -9999 -9999 -9999 -9999 -9999 -9999 -9999 -9999 -9999 -9999 -9999 -9999 -9999 -9999 -9999 -9999 -9999 -9999 -9999 -9999 -9999 -9999 -9999 -9999 -9999 -9999 -9999 -9999 -9999 -9999 -9999 -9999 -9999 -9999 -9999 -9999 -9999 -9999 -9999 -9999 -9999 -9999 -9999 -9999 -9999 -9999 -9999 -9999 -9999 -9999 -9999 -9999 -9999 -9999 690 704 742 777 761 865 863 893 893 903 905 916 922 928 934 835 840 835 838 839 834 831 821 812 817 808 805 797 790 779 772 764
-9999 -9999 -9999 -9999 -9999 -9999 -9999 -9999 -9999 -9999 -9999 -9999 -9999 -9999 -9999 -9999 -9999 -9999 -9999 -9999 -9999 -9999 -9999 -9999 -9999 -9999 -9999 -9999 -9999 -9999 -9999 -9999 -9999 -9999 -9999 -9999 -9999 -9999 -9999 -9999 -9999 -9999 -9999 -9999 -9999 -9999 -9999 -9999 -9999 -9999 -9999 -9999 -9999 -9999 -9999 -9999 -9999 -9999 707 720 732 826 779 866 894 905 902 914 923 894 885 826 823 830 834 830 825 822 815 809 805 799 794 789 782 775 765 760
-9999 -9999 -9999 -9999 -9999 -9999 -9999 -9999 -9999 -9999 -9999 -9999 -9999 -9999 -9999 -9999 -9999 -9999 -9999 -9999 -9999 -9999 -9999 -9999 -9999 -9999 -9999 -9999 -9999 -9999 -9999 -9999 -9999 -9999 -9999 -9999 -9999 -9999 -9999 -9999 -9999 -9999 -9999 -9999 -9999 -9999 -9999 -9999 -9999 -9999 -9999 -9999 -9999 -9999 -9999 -9999 -9999 -9999 -9999 722 748 809 785 819 893 893 882 914 920 926 872 847 827 820 820 827 818 814 808 804 796 794 787 784 779 770 762 757
-9999 -9999 -9999 -9999 -9999 -9999 -9999 -9999 -9999 -9999 -9999 -9999 -9999 -9999 -9999 -9999 -9999 -9999 -9999 -9999 -9999 -9999 -9999 -9999 -9999 -9999 -9999 -9999 -9999 -9999 -9999 -9999 -9999 -9999 -9999 -9999 -9999 -9999 -9999 -9999 -9999 -9999 -9999 -9999 -9999 -9999 -9999 -9999 -9999 -9999 -9999 -9999 -9999 -9999 -9999 -9999 -9999 -9999 -9999 -9999 749 771 741 801 850 878 862 888 914 922 922 902 832 819 815 815 814 809 805 800 792 787 781 776 772 765 -9999 -9999
-9999 -9999 -9999 -9999 -9999 -9999 -9999 -9999 -9999 -9999 -9999 -9999 -9999 -9999 -9999 -9999 -9999 -9999 -9999 -9999 -9999 -9999 -9999 -9999 -9999 -9999 -9999 -9999 -9999 -9999 -9999 -9999 -9999 -9999 -9999 -9999 -9999 -9999 -9999 -9999 -9999 -9999 -9999 -9999 -9999 -9999 -9999 -9999 -9999 -9999 -9999 -9999 -9999 -9999 -9999 -9999 -9999 -9999 -9999 -9999 -9999 -9999 722 827 825 864 845 888 910 920 920 909 865 816 807 809 805 799 798 789 787 782 777 771 -9999 -9999 -9999 -9999
