test/testdata/Hispaniola_WorldClim/snv_13.asc
ncols         743
nrows         319
xllcorner     -74.500956448335
yllcorner     17.448920549066
cellsize      0.0083333333333333
NODATA_value  -9999
[rows 195 to 233 of 319, columns 440 to 527 of 743]
135 134 135 135 134 134 135 135 136 136 137 137 138 138 138 138 137 139 139 139 140 141 142 142 142 143 144 144 144 143 145 156 179 185 184 179 169 167 152 152 152 164 163 175 181 198 211 215 222 230 217 203 194 192 189 192 199 210 199 196 193 192 197 184 187 187 202 209 206 200 194 197 195 195 196 197 198 203 206 216 224 217 226 230 229 228 231 235
134 134 134 134 134 134 135 135 136 136 137 137 138 138 139 139 138 139 140 140 141 141 142 142 143 143 144 144 144 144 144 148 175 179 172 177 163 151 152 152 152 157 154 160 178 187 196 214 212 229 231 214 206 199 194 194 209 216 207 203 196 200 201 193 186 186 197 197 198 200 194 195 193 196 201 202 197 200 207 216 216 214 213 220 231 231 233 235
134 134 135 135 135 135 135 135 136 136 137 137 138 138 139 138 138 140 140 140 141 141 142 142 143 143 144 144 144 143 146 145 154 181 182 158 164 161 166 152 152 154 154 160 170 180 190 193 204 223 233 212 204 207 210 199 208 221 227 217 203 201 196 194 184 185 186 187 189 193 191 198 194 196 200 205 206 208 216 209 209 216 220 224 228 231 232 232
134 134 135 135 135 135 135 136 136 136 137 137 138 138 139 139 139 139 140 140 141 141 142 142 143 143 144 144 144 143 165 166 148 154 169 165 151 150 154 152 153 153 154 155 156 172 174 190 205 225 225 221 202 200 216 214 206 211 238 246 222 199 186 183 183 189 191 193 191 189 191 193 194 195 202 208 211 213 215 217 214 222 224 225 229 230 227 228
134 135 135 135 135 136 136 136 136 137 137 138 138 138 138 139 139 139 140 140 141 141 141 142 142 143 143 144 144 144 148 166 148 147 153 175 166 150 150 151 153 153 154 155 164 186 182 195 198 208 222 219 204 194 201 204 197 203 211 225 242 204 192 197 198 194 189 186 192 188 190 190 191 195 199 203 204 209 213 214 215 220 223 227 228 230 231 231
135 135 135 136 136 136 136 136 137 137 137 138 138 138 139 139 139 139 140 140 140 141 141 142 142 143 143 143 144 145 143 160 147 145 150 148 152 149 150 151 152 153 154 155 156 158 181 188 191 198 213 219 214 202 194 192 190 194 201 206 219 211 215 215 207 201 196 187 193 192 195 193 196 194 195 199 205 210 213 216 219 220 223 225 228 230 232 233
135 136 136 136 136 136 136 137 137 137 137 138 138 138 139 139 139 139 140 -9999 140 141 141 141 142 142 143 143 143 144 144 145 152 144 146 147 147 149 149 150 151 152 153 154 156 157 162 181 185 188 194 215 216 200 195 184 180 185 200 196 196 198 207 205 202 198 191 188 191 192 195 197 196 193 193 202 203 204 207 213 218 221 223 226 228 230 232 234
136 136 136 136 137 137 137 137 137 138 138 138 138 139 139 139 139 -9999 -9999 -9999 -9999 -9999 -9999 -9999 -9999 142 142 143 143 144 144 143 147 145 145 146 147 147 149 150 151 151 152 153 155 156 157 167 171 182 196 193 197 209 198 194 189 176 188 199 185 193 188 188 189 189 184 184 185 191 193 195 196 196 196 199 201 202 205 210 215 218 222 225 228 230 232 234
136 136 137 137 137 137 137 137 138 138 138 138 138 139 139 139 -9999 -9999 -9999 -9999 -9999 -9999 -9999 -9999 -9999 -9999 -9999 -9999 -9999 143 144 145 144 145 146 146 146 146 149 149 152 153 152 152 153 155 156 159 163 176 178 185 203 212 212 190 181 171 178 192 188 180 184 178 180 181 183 184 188 190 192 194 192 193 193 194 198 203 205 208 208 213 220 223 225 227 232 234
137 137 137 137 137 137 138 138 138 138 138 139 139 139 139 -9999 -9999 -9999 -9999 -9999 -9999 -9999 -9999 -9999 -9999 -9999 -9999 -9999 -9999 -9999 143 144 145 145 145 146 146 146 148 148 150 156 151 150 152 154 155 157 160 166 170 198 214 197 203 198 190 172 171 172 175 191 190 178 179 181 182 184 186 188 190 189 190 190 190 192 193 196 196 200 204 212 217 220 223 224 232 232
137 138 138 138 138 138 138 138 138 139 139 139 140 140 140 -9999 -9999 -9999 -9999 -9999 -9999 -9999 -9999 -9999 -9999 -9999 -9999 -9999 -9999 -9999 143 144 144 145 145 145 146 145 146 147 148 150 151 149 151 153 155 157 158 169 185 181 194 193 183 183 198 191 179 171 181 186 179 177 179 179 180 182 184 186 187 188 190 189 189 190 192 194 199 202 208 213 216 219 223 225 229 230
138 138 138 138 138 138 139 139 139 139 139 141 141 141 141 140 -9999 -9999 -9999 -9999 -9999 -9999 -9999 -9999 -9999 -9999 -9999 -9999 -9999 -9999 -9999 143 144 144 144 145 145 145 149 146 147 147 148 148 151 152 154 156 158 170 165 169 176 176 171 173 195 190 180 171 172 183 174 175 177 176 177 181 182 183 186 188 189 188 190 190 193 198 202 205 208 211 213 217 221 224 226 223
139 139 139 139 139 139 139 139 139 139 140 142 142 142 142 -9999 -9999 -9999 -9999 -9999 -9999 -9999 -9999 -9999 -9999 -9999 -9999 -9999 -9999 -9999 -9999 143 143 144 144 144 145 146 146 146 146 147 147 148 149 152 154 155 158 158 160 167 164 164 164 170 172 182 170 170 170 184 175 174 176 173 176 179 181 182 185 186 187 187 190 191 195 196 199 203 207 210 214 215 219 222 224 226
140 139 139 139 139 139 140 140 140 140 140 142 142 142 140 -9999 -9999 -9999 -9999 -9999 -9999 -9999 -9999 -9999 -9999 -9999 -9999 -9999 -9999 -9999 -9999 143 143 144 144 152 147 144 145 145 146 146 147 147 148 149 153 153 155 156 159 161 162 161 163 165 167 174 169 167 170 178 177 177 174 173 173 175 178 179 183 184 187 187 189 192 195 197 199 202 205 208 211 214 216 219 221 223
140 140 140 140 140 140 140 140 140 143 143 143 143 141 -9999 -9999 -9999 -9999 -9999 -9999 -9999 -9999 -9999 -9999 -9999 -9999 -9999 -9999 -9999 -9999 -9999 -9999 143 144 156 149 146 144 145 145 145 146 146 146 147 149 152 153 153 157 157 159 160 159 160 162 167 176 172 167 167 175 173 174 174 172 171 173 175 177 179 183 185 185 188 191 193 196 198 201 204 206 209 212 214 216 217 214
141 141 141 141 141 141 142 141 143 142 141 141 141 -9999 -9999 -9999 -9999 -9999 -9999 -9999 -9999 -9999 -9999 -9999 -9999 -9999 -9999 -9999 -9999 -9999 -9999 142 143 143 160 152 145 144 145 145 145 145 145 146 146 147 151 151 152 152 157 155 159 158 157 159 163 172 168 165 165 178 171 172 173 171 173 174 175 175 177 179 183 185 187 189 191 194 197 199 202 204 206 209 211 213 209 211
142 141 141 -9999 -9999 142 141 -9999 -9999 -9999 -9999 -9999 -9999 -9999 -9999 -9999 -9999 -9999 -9999 -9999 -9999 -9999 -9999 -9999 -9999 -9999 -9999 -9999 -9999 -9999 -9999 142 143 147 155 148 144 144 144 144 144 144 145 145 145 146 149 151 150 150 152 153 155 158 156 157 159 164 166 163 164 168 170 169 173 174 174 173 174 175 175 177 181 183 185 187 190 192 194 197 199 202 204 205 207 210 207 209
142 142 -9999 -9999 -9999 -9999 -9999 -9999 -9999 -9999 -9999 -9999 -9999 -9999 -9999 -9999 -9999 -9999 -9999 -9999 -9999 -9999 -9999 -9999 -9999 -9999 -9999 -9999 -9999 -9999 -9999 142 143 147 149 145 144 144 144 144 144 144 144 145 145 145 146 149 149 148 149 150 151 153 155 155 156 159 165 163 158 168 171 171 170 172 172 172 173 173 172 175 177 180 183 185 187 190 192 194 197 199 199 201 205 206 206 206
-9999 -9999 -9999 -9999 -9999 -9999 -9999 -9999 -9999 -9999 -9999 -9999 -9999 -9999 -9999 -9999 -9999 -9999 -9999 -9999 -9999 -9999 -9999 -9999 -9999 -9999 -9999 -9999 -9999 -9999 -9999 142 143 143 149 144 144 143 143 143 144 143 143 144 144 144 146 146 146 146 147 147 147 149 149 153 153 152 156 162 154 165 169 168 169 166 172 172 174 173 173 173 175 178 181 183 185 187 189 191 194 195 198 199 202 204 203 205
-9999 -9999 -9999 -9999 -9999 -9999 -9999 -9999 -9999 -9999 -9999 -9999 -9999 -9999 -9999 -9999 -9999 -9999 -9999 -9999 -9999 -9999 -9999 -9999 -9999 -9999 -9999 -9999 -9999 -9999 -9999 142 143 143 144 144 143 143 143 143 143 143 143 143 144 146 145 145 145 145 145 146 145 145 148 149 151 151 150 155 151 158 164 166 165 165 168 168 169 173 172 170 173 175 178 180 182 184 186 189 191 193 195 197 199 200 202 203
-9999 -9999 -9999 -9999 -9999 -9999 -9999 -9999 -9999 -9999 -9999 -9999 -9999 -9999 -9999 -9999 -9999 -9999 -9999 -9999 -9999 -9999 -9999 -9999 -9999 -9999 -9999 -9999 -9999 -9999 -9999 142 143 143 144 143 143 143 142 142 143 142 142 143 143 149 146 145 144 144 144 144 144 144 144 144 147 148 149 150 157 152 158 164 161 161 165 164 166 172 168 169 171 173 175 177 180 182 184 187 189 191 193 195 196 198 199 198
-9999 -9999 -9999 -9999 -9999 -9999 -9999 -9999 -9999 -9999 -9999 -9999 -9999 -9999 -9999 -9999 -9999 -9999 -9999 -9999 -9999 -9999 -9999 -9999 -9999 -9999 -9999 -9999 -9999 -9999 141 142 143 143 143 143 142 142 142 142 142 142 142 142 143 148 150 151 150 143 143 143 143 142 142 142 143 144 146 146 154 147 151 157 160 157 161 160 162 168 165 167 169 171 173 175 177 179 183 185 187 189 190 192 194 195 194 194
-9999 -9999 -9999 -9999 -9999 -9999 -9999 -9999 -9999 -9999 -9999 -9999 -9999 -9999 -9999 -9999 -9999 -9999 -9999 -9999 -9999 -9999 -9999 -9999 -9999 -9999 -9999 -9999 -9999 -9999 141 142 142 142 142 142 142 141 141 141 141 141 141 142 142 145 145 144 150 143 141 141 141 141 140 140 141 141 142 142 142 148 149 149 156 154 157 157 159 166 163 165 167 169 171 173 175 177 181 183 185 186 188 190 191 191 191 -9999
-9999 -9999 -9999 -9999 -9999 -9999 -9999 -9999 -9999 -9999 -9999 -9999 -9999 -9999 -9999 -9999 -9999 -9999 -9999 -9999 -9999 -9999 -9999 -9999 -9999 -9999 -9999 -9999 -9999 141 141 141 141 141 141 141 141 141 141 141 141 141 141 141 142 145 147 142 142 143 141 140 140 139 139 139 139 140 139 140 140 141 145 147 149 153 159 161 156 159 163 162 164 167 169 171 172 175 179 181 182 184 186 187 188 187 188 -9999
-9999 -9999 -9999 -9999 -9999 -9999 -9999 -9999 -9999 -9999 -9999 -9999 -9999 -9999 -9999 -9999 -9999 -9999 -9999 -9999 -9999 -9999 -9999 -9999 -9999 -9999 -9999 -9999 -9999 141 141 141 141 141 141 141 141 141 141 141 141 141 141 141 141 145 149 141 140 140 140 139 139 138 138 138 138 137 137 137 138 139 141 143 146 148 153 157 156 156 159 161 163 165 167 169 170 172 176 179 180 181 183 183 184 185 -9999 -9999
-9999 -9999 -9999 -9999 -9999 -9999 -9999 -9999 -9999 -9999 -9999 -9999 -9999 -9999 -9999 -9999 -9999 -9999 -9999 -9999 -9999 -9999 -9999 -9999 -9999 -9999 -9999 -9999 -9999 -9999 141 143 143 141 141 141 141 141 141 142 141 141 140 140 140 140 145 142 139 139 138 138 138 137 137 137 137 137 137 136 136 138 140 141 144 146 151 152 153 155 157 159 161 163 167 168 168 170 174 176 178 179 180 180 181 -9999 -9999 -9999
-9999 -9999 -9999 -9999 -9999 -9999 -9999 -9999 -9999 -9999 -9999 -9999 -9999 -9999 -9999 -9999 -9999 -9999 -9999 -9999 -9999 -9999 -9999 -9999 -9999 -9999 -9999 -9999 -9999 -9999 -9999 142 141 142 141 141 141 141 141 141 141 141 140 140 139 139 139 139 138 138 138 137 137 137 137 137 137 137 136 137 137 138 140 141 143 145 147 149 152 153 155 157 159 163 164 165 166 168 170 173 175 176 177 177 -9999 -9999 -9999 -9999
-9999 -9999 -9999 -9999 -9999 -9999 -9999 -9999 -9999 -9999 -9999 -9999 -9999 -9999 -9999 -9999 -9999 -9999 -9999 -9999 -9999 -9999 -9999 -9999 -9999 -9999 -9999 -9999 -9999 -9999 -9999 -9999 -9999 141 141 141 140 141 141 140 141 140 139 139 139 139 138 138 138 138 137 137 137 137 137 137 137 137 136 137 137 138 140 141 142 144 146 148 150 152 153 155 157 160 162 163 164 166 168 170 172 173 174 174 -9999 -9999 -9999 -9999
-9999 -9999 -9999 -9999 -9999 -9999 -9999 -9999 -9999 -9999 -9999 -9999 -9999 -9999 -9999 -9999 -9999 -9999 -9999 -9999 -9999 -9999 -9999 -9999 -9999 -9999 -9999 -9999 -9999 -9999 -9999 -9999 -9999 -9999 140 140 140 140 140 141 140 139 139 139 139 138 138 138 138 137 137 137 137 137 137 137 137 137 137 137 138 139 140 141 143 144 145 147 148 150 152 154 155 157 159 161 162 164 165 168 170 170 171 -9999 -9999 -9999 -9999 -9999
-9999 -9999 -9999 -9999 -9999 -9999 -9999 -9999 -9999 -9999 -9999 -9999 -9999 -9999 -9999 -9999 -9999 -9999 -9999 -9999 -9999 -9999 -9999 -9999 -9999 -9999 -9999 -9999 -9999 -9999 -9999 -9999 -9999 -9999 -9999 140 140 140 140 139 141 139 139 139 138 138 138 138 137 137 137 137 137 137 137 137 137 137 138 138 139 139 140 142 143 144 145 146 148 149 151 152 154 155 157 159 160 162 163 165 167 168 -9999 -9999 -9999 -9999 -9999 -9999
-9999 -9999 -9999 -9999 -9999 -9999 -9999 -9999 -9999 -9999 -9999 -9999 -9999 -9999 -9999 -9999 -9999 -9999 -9999 -9999 -9999 -9999 -9999 -9999 -9999 -9999 -9999 -9999 -9999 -9999 -9999 -9999 -9999 -9999 -9999 -9999 -9999 140 139 139 139 139 139 138 138 138 138 137 137 137 137 -9999 -9999 -9999 -9999 -9999 -9999 -9999 138 138 139 139 140 141 -9999 -9999 -9999 -9999 -9999 -9999 150 151 153 -9999 -9999 -9999 -9999 160 -9999 -9999 -9999 -9999 -9999 -9999 -9999 -9999 -9999 -9999
-9999 -9999 -9999 -9999 -9999 -9999 -9999 -9999 -9999 -9999 -9999 -9999 -9999 -9999 -9999 -9999 -9999 -9999 -9999 -9999 -9999 -9999 -9999 -9999 -9999 -9999 -9999 -9999 -9999 -9999 -9999 -9999 -9999 141 -9999 -9999 -9999 -9999 139 139 139 139 139 138 138 138 138 137 -9999 -9999 -9999 -9999 -9999 -9999 -9999 -9999 -9999 -9999 -9999 -9999 -9999 -9999 -9999 -9999 -9999 -9999 -9999 -9999 -9999 -9999 -9999 -9999 -9999 -9999 -9999 -9999 -9999 -9999 -9999 -9999 -9999 -9999 -9999 -9999 -9999 -9999 -9999 -9999
-9999 -9999 -9999 -9999 -9999 -9999 -9999 -9999 -9999 -9999 -9999 -9999 -9999 -9999 -9999 -9999 -9999 -9999 -9999 -9999 -9999 -9999 -9999 -9999 -9999 -9999 -9999 -9999 -9999 -9999 -9999 -9999 141 141 141 140 140 140 139 139 139 139 138 138 138 138 -9999 -9999 -9999 -9999 -9999 -9999 -9999 -9999 -9999 -9999 -9999 -9999 -9999 -9999 -9999 -9999 -9999 -9999 -9999 -9999 -9999 -9999 -9999 -9999 -9999 -9999 -9999 -9999 -9999 -9999 -9999 -9999 -9999 -9999 -9999 -9999 -9999 -9999 -9999 -9999 -9999 -9999
-9999 -9999 -9999 -9999 -9999 -9999 -9999 -9999 -9999 -9999 -9999 -9999 -9999 -9999 -9999 -9999 -9999 -9999 -9999 -9999 -9999 -9999 -9999 -9999 -9999 -9999 -9999 -9999 -9999 -9999 -9999 -9999 141 141 141 -9999 -9999 140 139 139 139 139 138 138 -9999 -9999 -9999 -9999 -9999 -9999 -9999 -9999 -9999 -9999 -9999 -9999 -9999 -9999 -9999 -9999 -9999 -9999 -9999 -9999 -9999 -9999 -9999 -9999 -9999 -9999 -9999 -9999 -9999 -9999 -9999 -9999 -9999 -9999 -9999 -9999 -9999 -9999 -9999 -9999 -9999 -9999 -9999 -9999
-9999 -9999 -9999 -9999 -9999 -9999 -9999 -9999 -9999 -9999 -9999 -9999 -9999 -9999 -9999 -9999 -9999 -9999 -9999 -9999 -9999 -9999 -9999 -9999 -9999 -9999 -9999 -9999 -9999 -9999 -9999 -9999 -9999 -9999 -9999 -9999 -9999 -9999 139 139 139 -9999 -9999 -9999 -9999 -9999 -9999 -9999 -9999 -9999 -9999 -9999 -9999 -9999 -9999 -9999 -9999 -9999 -9999 -9999 -9999 -9999 -9999 -9999 -9999 -9999 -9999 -9999 -9999 -9999 -9999 -9999 -9999 -9999 -9999 -9999 -9999 -9999 -9999 -9999 -9999 -9999 -9999 -9999 -9999 -9999 -9999 -9999
-9999 -9999 -9999 -9999 -9999 -9999 -9999 -9999 -9999 -9999 -9999 -9999 -9999 -9999 -9999 -9999 -9999 -9999 -9999 -9999 -9999 -9999 -9999 -9999 -9999 -9999 -9999 -9999 -9999 -9999 -9999 -9999 -9999 -9999 -9999 -9999 -9999 -9999 -9999 -9999 -9999 -9999 -9999 -9999 -9999 -9999 -9999 -9999 -9999 -9999 -9999 -9999 -9999 -9999 -9999 -9999 -9999 -9999 -9999 -9999 -9999 -9999 -9999 -9999 -9999 -9999 -9999 -9999 -9999 -9999 -9999 -9999 -9999 -9999 -9999 -9999 -9999 -9999 -9999 -9999 -9999 -9999 -9999 -9999 -9999 -9999 -9999 -9999
-9999 -9999 -9999 -9999 -9999 -9999 -9999 -9999 -9999 -9999 -9999 -9999 -9999 -9999 -9999 -9999 -9999 -9999 -9999 -9999 -9999 -9999 -9999 -9999 -9999 -9999 -9999 -9999 -9999 -9999 -9999 -9999 -9999 -9999 -9999 -9999 -9999 -9999 -9999 -9999 -9999 -9999 -9999 -9999 -9999 -9999 -9999 -9999 -9999 -9999 -9999 -9999 -9999 -9999 -9999 -9999 -9999 -9999 -9999 -9999 -9999 -9999 -9999 -9999 -9999 -9999 -9999 -9999 -9999 -9999 -9999 -9999 -9999 -9999 -9999 -9999 -9999 -9999 -9999 -9999 -9999 -9999 -9999 -9999 -9999 -9999 -9999 -9999
-9999 -9999 -9999 -9999 -9999 -9999 -9999 -9999 -9999 -9999 -9999 -9999 -9999 -9999 -9999 -9999 -9999 -9999 -9999 -9999 -9999 -9999 -9999 -9999 -9999 -9999 -9999 -9999 -9999 -9999 -9999 -9999 -9999 -9999 -9999 -9999 -9999 -9999 -9999 -9999 -9999 -9999 -9999 -9999 -9999 -9999 -9999 -9999 -9999 -9999 -9999 -9999 -9999 -9999 -9999 -9999 -9999 -9999 -9999 -9999 -9999 -9999 -9999 -9999 -9999 -9999 -9999 -9999 -9999 -9999 -9999 -9999 -9999 -9999 -9999 -9999 -9999 -9999 -9999 -9999 -9999 -9999 -9999 -9999 -9999 -9999 -9999 -9999
-9999 -9999 -9999 -9999 -9999 -9999 -9999 -9999 -9999 -9999 -9999 -9999 -9999 -9999 -9999 -9999 -9999 -9999 -9999 -9999 -9999 -9999 -9999 -9999 -9999 -9999 -9999 -9999 -9999 -9999 -9999 -9999 -9999 -9999 -9999 -9999 -9999 -9999 -9999 -9999 -9999 -9999 -9999 -9999 -9999 -9999 -9999 -9999 -9999 -9999 -9999 -9999 -9999 -9999 -9999 -9999 -9999 -9999 -9999 -9999 -9999 -9999 -9999 -9999 -9999 -9999 -9999 -9999 -9999 -9999 -9999 -9999 -9999 -9999 -9999 -9999 -9999 -9999 -9999 -9999 -9999 -9999 -9999 -9999 -9999 -9999 -9999 -9999
