test/testdata/Hispaniola_WorldClim/snv_15.asc
ncols         743
nrows         319
xllcorner     -74.500956448335
yllcorner     17.448920549066
cellsize      0.0083333333333333
NODATA_value  -9999
[rows 126 to 167 of 319, columns 380 to 474 of 743]
53 53 52 53 53 53 52 52 52 52 52 52 52 52 52 52 52 52 52 52 52 52 52 52 51 51 51 51 51 51 51 51 51 50 51 51 51 50 50 50 50 50 50 49 49 49 50 50 50 49 49 49 49 48 48 47 48 48 48 47 47 47 47 44 42 44 47 47 45 44 43 44 45 45 43 43 43 44 43 43 44 43 42 42 40 40 41 41 40 36 38 41 41 42 43
53 53 54 53 53 52 53 53 52 52 52 52 52 52 52 52 52 52 52 52 52 52 52 52 51 51 51 51 51 51 51 51 51 50 51 51 51 50 50 50 50 50 50 49 48 49 50 50 50 50 49 49 49 49 49 48 48 48 48 48 48 47 48 45 45 43 45 47 46 46 46 44 46 45 45 44 45 45 45 45 45 44 44 43 42 41 40 42 40 37 39 39 40 40 41
53 53 53 54 53 53 53 53 53 52 53 52 53 53 53 52 52 52 52 52 52 52 52 52 52 52 51 52 51 51 51 51 51 51 51 51 51 50 50 49 49 50 50 50 49 49 49 49 50 50 50 49 49 49 49 49 49 49 49 48 48 48 48 47 47 46 46 47 47 47 47 46 45 46 46 46 45 46 46 46 45 45 44 44 43 42 41 42 41 38 40 39 40 40 40
53 53 53 53 54 53 53 53 52 53 53 53 52 52 52 52 53 52 52 52 53 52 52 52 52 52 52 52 52 51 52 51 51 51 50 50 51 50 49 49 49 49 50 50 50 50 50 49 49 50 50 50 49 49 49 49 49 49 48 48 48 48 48 48 47 47 46 47 47 47 47 47 46 46 46 46 47 46 46 46 45 45 44 44 43 43 42 42 41 37 39 40 40 39 39
53 53 53 53 55 53 53 53 53 53 53 53 53 52 52 53 52 52 53 52 52 52 52 52 52 52 52 52 51 52 51 52 52 51 51 50 50 50 50 50 49 49 50 50 50 50 50 50 50 50 50 50 50 50 49 49 49 49 49 49 48 48 49 48 48 47 48 48 47 47 47 47 46 47 46 47 47 46 46 45 45 45 45 44 44 43 43 42 41 38 40 40 39 39 39
53 54 54 54 54 55 54 54 53 53 53 53 53 53 53 53 53 53 53 53 53 52 53 52 52 52 52 52 52 52 52 52 52 51 51 51 51 51 51 50 50 50 50 50 50 51 50 50 50 50 50 50 50 49 50 50 49 49 49 49 49 49 49 49 48 48 48 48 47 48 48 47 47 47 47 47 47 47 46 46 45 45 44 44 44 43 42 41 40 39 40 38 38 39 39
54 54 54 54 55 55 54 54 53 53 53 53 53 53 53 53 53 53 53 53 53 53 52 52 52 53 52 52 52 52 52 52 52 51 51 51 51 51 51 50 50 50 51 51 51 51 50 50 50 50 50 50 50 50 50 49 49 49 49 49 49 49 49 48 48 48 48 48 48 48 48 48 48 48 47 47 47 46 46 46 46 45 45 44 44 44 43 41 41 39 40 39 40 42 41
54 55 54 55 56 55 54 54 54 54 53 53 54 54 53 53 53 53 53 53 53 52 53 53 53 52 52 52 52 52 52 52 52 52 52 51 51 51 51 51 51 50 50 50 51 51 51 50 50 50 50 50 50 50 50 50 50 49 49 49 49 49 49 49 49 49 48 48 48 48 48 48 48 47 47 47 47 47 47 46 46 46 46 45 44 44 43 42 40 41 40 40 40 41 43
55 55 54 54 55 55 54 54 54 53 54 54 54 54 53 53 53 53 53 53 53 53 53 53 53 52 52 52 52 52 52 52 52 52 52 52 51 51 52 51 51 50 50 51 50 51 51 51 50 51 50 50 50 50 50 50 50 49 50 49 50 49 49 49 49 49 49 48 48 48 48 48 48 47 48 48 48 47 47 46 46 46 45 45 44 43 42 42 41 42 41 40 42 41 43
55 55 55 55 55 56 55 55 54 54 54 54 53 53 54 54 53 54 53 53 53 53 53 53 53 53 52 52 52 52 52 52 52 52 52 52 52 51 52 51 51 51 51 51 51 51 51 50 51 50 50 50 50 50 50 50 50 50 50 49 49 49 49 49 49 49 49 49 49 48 48 48 48 47 48 47 47 47 47 46 46 46 44 44 43 43 42 43 42 42 40 40 41 42 43
56 56 55 55 55 56 56 55 54 54 54 54 53 54 53 54 53 53 53 53 53 53 53 53 53 53 53 52 52 52 51 52 53 52 52 52 52 52 52 52 51 51 52 51 51 51 51 51 51 51 51 50 50 50 50 50 50 50 50 50 50 50 49 49 49 49 49 49 48 48 48 48 48 48 48 48 47 47 47 47 46 46 45 45 44 44 44 44 43 42 42 42 42 41 41
56 57 56 56 56 56 56 56 55 54 54 54 54 54 54 54 53 54 54 53 53 53 54 53 53 53 53 53 53 52 52 53 52 52 52 52 52 52 52 52 51 51 51 51 51 51 51 51 51 51 51 51 50 50 50 50 50 50 50 50 50 49 49 49 49 49 49 49 48 48 49 48 48 48 48 48 47 47 47 47 46 46 46 46 45 44 44 44 43 43 42 43 42 43 43
57 57 57 57 57 57 56 56 56 55 55 55 55 54 54 54 54 54 54 54 54 54 54 53 53 53 53 53 53 52 52 53 52 53 52 52 51 52 52 52 52 52 52 51 51 51 51 51 51 51 51 51 51 51 50 50 50 50 50 50 50 50 50 49 49 49 49 49 49 49 49 49 48 48 48 47 48 48 47 47 46 47 46 46 45 45 45 44 45 44 44 45 45 45 44
57 57 57 57 57 57 56 56 56 56 56 54 55 55 54 54 54 54 54 54 54 54 54 54 54 53 54 53 53 53 53 53 53 53 53 53 52 51 52 52 52 52 52 52 52 52 52 51 51 51 51 51 51 51 50 51 50 51 50 50 50 50 50 50 50 49 50 49 49 49 49 49 48 48 48 48 48 48 47 47 47 47 46 46 46 46 46 46 45 45 46 46 46 46 45
57 57 57 56 57 57 57 57 57 56 55 55 54 54 54 54 54 54 54 54 54 54 54 54 54 53 53 53 53 53 53 53 53 53 53 53 52 52 51 52 52 52 52 52 52 52 52 51 51 51 51 51 51 51 51 51 50 51 50 50 50 50 50 50 50 50 50 49 49 49 49 49 49 48 48 48 48 48 48 47 47 47 47 47 47 46 46 46 46 46 46 46 46 46 45
57 57 57 57 56 56 57 57 57 56 56 55 55 54 55 54 54 54 54 54 54 54 53 54 54 53 53 54 53 54 53 53 53 53 53 53 52 51 50 51 51 52 52 52 52 52 51 51 51 51 51 51 51 51 51 51 51 51 49 48 48 50 50 50 50 50 50 50 49 49 49 49 49 49 49 48 48 48 48 47 47 47 47 47 47 47 47 47 46 46 47 46 46 46 46
57 57 57 57 56 58 58 57 58 57 57 56 55 55 55 54 55 54 54 54 54 54 54 54 53 53 53 53 54 53 54 54 53 53 52 53 53 52 50 51 52 52 52 52 52 52 51 52 52 51 52 52 52 51 51 51 51 51 51 48 50 51 50 50 50 50 50 50 50 49 49 49 49 49 48 49 48 48 48 48 47 47 47 46 47 46 46 46 47 47 47 46 46 45 44
58 57 57 57 57 57 57 58 58 57 57 57 55 56 55 55 54 54 54 54 54 54 54 54 53 54 53 53 54 54 54 54 53 52 52 52 53 51 51 52 52 53 52 52 52 52 52 52 52 52 51 51 52 51 51 51 51 51 51 48 51 51 51 50 50 50 50 50 50 50 50 50 49 49 49 48 48 48 48 48 48 47 47 47 47 46 46 47 47 47 47 46 45 46 45
58 57 57 57 57 58 58 57 58 58 57 57 57 56 55 55 55 54 55 55 54 54 54 54 54 54 54 54 54 54 54 54 54 53 52 52 51 51 52 52 53 53 53 53 53 52 52 52 52 52 52 52 52 52 51 50 50 50 49 47 51 48 48 51 51 50 51 49 50 50 50 50 49 49 49 49 49 48 48 48 48 47 47 47 47 47 46 46 47 47 46 45 45 44 45
57 57 58 58 58 57 58 58 58 58 58 58 57 56 56 55 55 55 55 55 55 55 54 54 54 54 53 54 54 54 54 53 54 53 52 52 52 51 52 52 53 53 53 53 52 53 52 52 52 52 52 52 52 52 51 50 49 47 46 46 46 47 46 47 50 51 48 50 50 50 50 50 50 50 49 49 49 49 48 48 48 48 48 48 47 47 43 47 47 46 45 44 36 35 35
58 58 58 58 58 58 58 58 58 58 58 57 57 56 56 56 56 56 55 55 55 54 55 54 54 54 55 53 53 54 53 54 54 54 54 53 52 52 51 52 53 53 53 53 53 53 53 51 51 52 52 52 52 52 51 51 48 46 49 52 51 51 50 51 48 50 50 50 50 51 50 50 50 50 50 49 49 48 49 49 49 48 48 48 47 47 46 41 36 40 38 33 32 31 31
58 58 59 59 58 58 58 58 58 58 58 58 58 58 57 56 57 56 56 55 55 55 54 55 54 55 55 54 54 54 54 54 53 54 54 53 52 52 52 52 52 52 53 53 53 52 52 51 50 52 52 52 52 52 51 50 49 48 51 51 51 51 51 51 51 51 51 50 50 50 50 50 49 49 49 49 49 49 49 49 48 48 48 48 48 48 47 45 46 40 43 38 35 40 36
58 59 59 59 59 58 59 58 59 58 59 59 58 58 57 57 57 56 56 56 55 55 55 55 54 54 55 55 54 54 54 54 53 54 54 54 53 53 52 52 52 52 53 53 52 51 51 50 50 51 52 52 52 52 52 51 46 47 50 52 51 51 51 51 51 51 50 50 50 50 50 50 50 50 49 49 49 49 49 49 49 49 48 48 48 48 48 47 47 45 43 36 40 44 41
59 59 59 59 59 59 59 59 58 59 59 58 59 58 58 58 57 57 57 56 55 55 56 55 55 56 55 56 55 54 54 54 54 53 53 53 53 54 52 53 53 53 53 53 52 52 50 50 51 53 52 53 53 52 53 51 48 47 51 52 51 51 51 51 52 51 51 50 50 50 50 50 50 50 50 50 49 49 49 49 49 49 48 48 48 48 48 48 46 44 42 37 46 46 44
60 59 59 59 59 59 59 59 59 59 59 59 58 58 58 59 58 58 57 56 57 57 56 56 56 55 56 56 55 55 54 54 54 53 53 54 54 52 52 52 53 52 53 52 53 53 50 50 51 51 51 53 52 53 52 48 47 51 52 52 51 51 51 51 51 51 51 50 51 50 50 50 50 50 50 49 49 49 49 49 49 49 49 49 49 49 49 48 47 47 46 45 47 46 41
59 59 60 59 59 59 59 59 59 59 59 59 59 59 59 58 58 58 58 57 57 58 57 57 56 57 57 57 56 55 56 55 55 54 54 56 53 53 53 53 52 52 52 52 52 53 51 50 50 49 50 51 53 53 53 49 48 52 52 51 51 51 51 51 51 51 51 51 50 50 50 50 50 50 50 50 50 50 50 49 49 49 49 49 49 49 48 48 48 47 46 47 47 47 46
59 60 59 60 59 59 59 60 59 59 59 60 59 59 59 59 59 59 59 58 58 58 58 58 58 57 57 56 57 57 56 55 54 54 55 56 55 53 53 53 52 52 52 51 51 51 52 51 51 49 49 49 49 48 48 47 48 52 52 52 51 51 51 51 51 51 51 51 51 51 50 50 50 50 50 50 50 50 49 49 49 49 49 49 49 49 49 49 48 47 47 48 47 48 47
59 60 59 60 59 60 59 59 59 60 59 59 59 60 59 59 59 58 59 59 58 58 58 58 58 58 57 57 57 56 56 56 55 55 55 56 54 53 54 52 52 53 53 52 52 51 51 51 51 50 50 49 49 49 49 49 52 52 52 52 52 52 51 51 51 51 51 51 51 51 50 50 50 50 50 50 50 50 50 49 49 49 49 49 49 49 49 49 48 48 48 48 48 48 47
59 60 60 60 60 60 59 59 60 60 59 60 60 59 59 59 59 59 59 59 59 59 58 58 57 58 58 58 57 57 56 55 56 56 56 57 54 54 54 53 52 53 54 55 53 53 51 52 51 50 50 50 49 49 51 53 53 52 53 52 52 52 52 51 51 51 51 51 51 50 50 50 50 50 50 50 50 49 50 49 49 49 49 49 49 49 49 48 49 49 48 48 48 48 48
59 60 60 60 60 59 60 60 60 60 60 60 60 60 60 60 59 59 60 59 59 59 59 58 58 59 59 56 55 56 57 57 57 57 57 56 55 55 55 55 54 52 55 55 55 54 54 51 51 51 50 50 50 49 49 50 52 50 52 52 52 52 52 52 52 51 51 51 51 51 51 51 50 50 50 50 49 49 49 49 49 49 49 48 48 48 48 48 48 48 49 48 48 48 48
60 60 59 60 60 59 60 60 60 60 60 60 60 60 60 60 59 60 60 59 60 59 59 59 59 59 59 56 55 57 57 58 57 58 58 56 55 55 56 56 56 53 55 56 55 55 54 52 52 51 50 50 50 51 50 49 49 52 53 53 53 52 52 52 52 52 51 51 51 51 51 51 51 50 50 50 50 50 49 50 49 49 49 49 49 48 48 48 49 49 49 49 48 48 48
59 60 59 60 60 60 60 60 60 60 60 60 60 60 60 60 60 60 60 60 60 59 59 59 59 59 59 58 57 57 57 57 58 58 57 55 54 54 54 54 56 57 56 56 55 55 55 53 52 51 51 50 51 51 51 51 51 49 52 50 53 52 52 52 52 52 51 52 52 51 51 51 50 51 51 50 50 49 49 49 49 49 49 49 49 49 49 48 48 49 49 48 48 48 48
59 59 59 59 59 60 60 60 60 60 60 60 60 60 60 60 61 60 60 60 60 60 59 59 59 59 59 58 58 57 57 58 58 58 56 54 54 54 54 56 56 57 57 57 56 55 53 51 51 51 51 52 51 50 50 50 51 51 50 52 53 52 52 52 52 52 52 52 51 51 51 51 51 51 50 50 50 49 49 49 49 49 49 49 49 49 49 48 49 49 49 49 48 47 47
59 59 60 60 59 60 59 60 60 60 60 60 60 60 60 61 60 60 60 60 59 59 59 59 60 59 59 59 59 58 58 58 59 58 57 56 54 55 56 57 57 57 56 53 55 54 53 52 51 51 51 51 50 50 49 49 49 49 50 53 53 53 52 51 51 50 51 51 52 51 51 51 51 51 50 50 50 50 50 49 50 49 49 49 49 49 49 49 49 49 49 49 48 47 47
59 59 59 60 59 60 60 60 60 60 60 60 60 61 61 60 60 60 60 59 60 60 59 60 60 60 59 59 59 58 58 58 59 59 58 58 56 56 56 58 57 58 57 56 56 55 53 52 52 52 52 52 53 52 52 51 49 50 50 50 50 48 50 51 52 50 51 52 52 52 52 51 51 51 50 50 50 50 50 49 50 50 50 49 50 50 49 49 49 49 49 49 49 49 48
59 59 59 59 59 59 60 59 60 60 60 60 60 61 60 60 60 60 60 60 60 60 60 59 60 60 59 59 59 59 59 58 59 58 58 58 57 57 58 58 58 58 58 58 58 56 54 53 52 54 55 54 53 51 50 51 49 49 49 49 49 49 50 52 53 52 52 52 52 52 52 51 51 50 50 50 50 50 50 50 50 50 50 49 50 49 49 49 49 49 49 48 49 49 48
59 59 59 59 59 59 59 59 59 60 60 60 60 60 60 60 61 60 60 60 60 60 60 60 60 60 60 59 59 59 59 58 59 59 59 58 58 58 59 58 58 59 57 58 58 57 56 55 56 55 52 53 51 52 52 51 50 50 49 49 49 50 50 50 51 52 51 52 52 52 52 52 51 51 51 51 51 51 50 50 50 50 50 49 49 49 49 49 49 49 49 49 49 49 47
59 59 59 59 59 59 59 59 59 59 60 60 60 60 60 60 60 60 60 61 60 60 60 60 60 60 59 60 60 60 60 59 59 59 59 59 59 59 59 59 59 59 57 57 58 57 58 57 57 53 52 51 51 51 53 54 52 50 49 49 49 48 50 51 51 52 52 52 52 52 52 52 51 51 51 51 51 51 50 50 50 50 50 50 49 49 49 49 49 49 49 49 48 48 47
59 59 58 59 59 59 59 59 59 59 59 59 60 60 61 60 60 60 60 60 60 60 60 60 60 60 60 60 61 59 60 59 60 59 60 59 59 59 59 59 59 58 57 59 59 58 58 58 57 55 53 52 52 54 54 54 54 53 53 51 49 48 49 53 53 52 52 52 52 52 52 51 52 51 51 51 51 51 51 51 51 50 50 50 50 50 49 49 49 49 49 49 49 48 45
59 59 58 59 59 59 59 59 59 59 59 60 60 60 60 60 61 60 61 61 61 60 60 60 60 60 60 60 60 60 60 60 59 59 60 59 59 59 59 59 59 59 59 59 59 59 59 57 55 53 52 52 52 53 54 54 54 54 54 52 49 50 49 51 53 53 52 52 52 52 52 52 52 51 52 51 51 51 51 51 51 50 50 50 50 49 49 49 49 49 49 49 48 48 44
59 59 59 59 59 59 59 59 59 59 60 60 60 60 60 60 60 60 61 60 60 60 60 60 60 60 60 60 61 60 60 60 59 58 60 59 59 59 59 59 59 59 59 58 59 59 59 58 55 54 52 52 52 52 53 54 54 54 53 53 53 53 49 49 53 53 52 52 52 52 52 52 52 52 52 52 51 51 51 51 51 50 51 50 50 50 49 49 49 49 50 49 47 48 46
59 59 59 59 59 58 59 59 59 59 59 59 60 60 60 60 61 60 60 61 60 60 61 61 60 60 60 60 60 60 60 60 60 60 60 60 60 59 60 60 59 60 59 59 58 58 59 57 56 54 53 52 52 52 52 53 54 54 54 54 53 52 51 48 53 53 53 52 52 52 52 52 52 51 51 51 51 51 51 51 51 50 51 50 50 50 50 50 49 50 50 49 49 48 47
