test/testdata/Hispaniola_WorldClim/snv_1.asc
ncols         743
nrows         319
xllcorner     -74.500956448335
yllcorner     17.448920549066
cellsize      0.0083333333333333
NODATA_value  -9999
[rows 117 to 155 of 319, columns 176 to 263 of 743]
-9999 -9999 -9999 -9999 -9999 -9999 -9999 -9999 -9999 -9999 -9999 -9999 -9999 -9999 -9999 -9999 -9999 -9999 -9999 -9999 -9999 -9999 -9999 -9999 -9999 -9999 -9999 -9999 -9999 -9999 -9999 -9999 -9999 -9999 -9999 -9999 -9999 -9999 -9999 -9999 260 263 264 264 262 258 258 259 259 256 258 257 256 260 262 264 264 264 264 264 264 264 264 264 264 264 263 263 262 262 261 259 248 243 242 245 248 239 248 240 226 216 212 211 216 223 226 227
-9999 -9999 -9999 -9999 -9999 -9999 -9999 -9999 -9999 -9999 -9999 -9999 -9999 -9999 -9999 -9999 -9999 -9999 -9999 -9999 -9999 -9999 -9999 -9999 -9999 -9999 -9999 -9999 -9999 -9999 -9999 -9999 -9999 -9999 -9999 -9999 -9999 -9999 -9999 -9999 268 261 262 255 255 255 259 256 259 255 251 249 250 253 258 261 264 263 264 263 264 264 264 264 264 264 263 263 262 261 258 261 257 249 245 249 250 244 245 246 239 228 221 228 221 218 227 226
-9999 -9999 -9999 -9999 -9999 -9999 -9999 -9999 -9999 -9999 -9999 -9999 -9999 -9999 -9999 -9999 -9999 -9999 -9999 -9999 -9999 -9999 -9999 -9999 -9999 -9999 -9999 -9999 -9999 -9999 -9999 -9999 -9999 -9999 -9999 -9999 -9999 -9999 -9999 -9999 268 257 259 260 253 260 259 257 257 257 253 248 246 251 252 255 260 262 263 263 263 263 264 264 264 264 264 262 261 259 257 259 258 256 258 257 240 239 247 248 246 237 218 234 225 219 219 223
-9999 -9999 -9999 -9999 -9999 -9999 -9999 -9999 -9999 -9999 -9999 -9999 -9999 -9999 -9999 -9999 -9999 -9999 -9999 -9999 -9999 -9999 -9999 -9999 -9999 -9999 -9999 -9999 -9999 -9999 -9999 -9999 -9999 -9999 -9999 -9999 -9999 -9999 -9999 269 268 267 266 262 263 262 260 258 257 257 254 251 246 247 245 249 254 259 261 262 262 263 264 264 264 264 264 263 262 262 260 259 258 253 248 245 253 250 245 241 245 245 245 242 230 218 213 216
-9999 -9999 -9999 -9999 -9999 -9999 -9999 -9999 -9999 -9999 -9999 -9999 -9999 -9999 -9999 -9999 -9999 -9999 -9999 -9999 -9999 -9999 -9999 -9999 -9999 -9999 -9999 -9999 -9999 -9999 -9999 -9999 -9999 -9999 -9999 -9999 -9999 -9999 269 268 267 265 263 265 263 262 261 259 257 256 255 254 251 250 249 248 253 260 259 258 260 262 263 264 264 264 264 263 263 261 262 259 259 256 253 246 247 247 253 246 251 247 243 246 243 234 228 218
-9999 -9999 -9999 -9999 -9999 -9999 -9999 -9999 -9999 -9999 -9999 -9999 -9999 -9999 -9999 -9999 -9999 -9999 -9999 -9999 -9999 -9999 -9999 -9999 -9999 -9999 -9999 -9999 -9999 -9999 267 267 267 269 269 269 268 265 262 259 259 264 263 262 261 261 260 259 258 255 251 252 252 251 252 250 256 252 254 254 255 260 262 263 264 264 263 263 263 261 261 261 258 257 256 250 243 238 246 252 243 245 241 238 244 235 222 199
-9999 -9999 -9999 -9999 -9999 -9999 -9999 -9999 -9999 -9999 -9999 -9999 -9999 -9999 -9999 -9999 -9999 -9999 -9999 -9999 -9999 -9999 -9999 -9999 -9999 -9999 -9999 266 267 263 263 258 256 257 256 255 259 266 266 262 261 261 261 259 256 254 258 257 255 254 248 247 246 244 249 249 253 250 247 246 245 253 258 261 262 263 264 263 263 263 263 261 259 259 258 256 249 243 243 247 242 237 243 238 237 233 222 205
-9999 -9999 -9999 -9999 -9999 -9999 -9999 -9999 -9999 -9999 -9999 -9999 -9999 -9999 -9999 -9999 -9999 -9999 -9999 -9999 -9999 -9999 -9999 -9999 -9999 -9999 261 260 261 256 254 250 246 245 248 256 264 264 264 261 259 258 251 256 250 248 252 250 246 250 251 246 248 244 245 246 244 254 248 243 246 251 256 259 261 263 263 264 263 262 263 260 258 258 259 259 255 252 243 240 249 242 236 233 226 238 227 222
-9999 -9999 -9999 -9999 -9999 -9999 -9999 -9999 -9999 -9999 -9999 -9999 -9999 -9999 -9999 -9999 -9999 -9999 -9999 -9999 -9999 -9999 -9999 -9999 -9999 266 261 255 252 249 246 246 244 242 254 261 264 257 257 261 253 251 248 251 253 244 244 240 240 248 249 250 245 245 246 249 250 251 251 247 249 249 253 256 257 260 263 263 262 262 263 260 258 258 259 258 258 255 253 247 241 239 234 223 224 231 235 232
-9999 -9999 -9999 -9999 -9999 -9999 -9999 -9999 -9999 -9999 -9999 -9999 -9999 -9999 -9999 -9999 -9999 -9999 -9999 -9999 -9999 -9999 -9999 -9999 -9999 266 260 253 248 246 244 243 241 248 258 263 258 252 252 256 255 248 245 241 243 244 230 216 216 212 213 230 238 240 244 246 248 247 244 244 245 246 247 247 252 257 260 262 262 262 262 263 262 262 258 259 260 258 254 249 247 239 233 222 211 218 221 223
-9999 -9999 -9999 -9999 -9999 -9999 -9999 -9999 -9999 -9999 -9999 -9999 -9999 -9999 -9999 -9999 -9999 -9999 -9999 -9999 -9999 -9999 -9999 -9999 -9999 267 262 259 253 248 243 243 240 249 262 261 255 255 246 239 234 240 238 229 223 226 212 204 205 205 212 222 229 234 239 244 242 243 244 244 246 247 245 249 247 253 258 261 261 261 262 263 263 263 262 260 261 261 259 250 240 244 235 224 206 209 212 217
-9999 -9999 -9999 -9999 -9999 -9999 -9999 -9999 -9999 -9999 -9999 -9999 -9999 -9999 -9999 -9999 -9999 -9999 -9999 -9999 -9999 -9999 -9999 -9999 -9999 -9999 267 262 259 257 252 248 255 257 262 260 252 247 241 231 217 229 235 217 209 209 195 198 198 208 204 209 218 226 230 233 237 240 238 237 238 240 248 250 249 248 255 259 258 259 262 263 263 262 262 262 262 262 260 244 237 239 234 229 203 199 194 200
-9999 -9999 -9999 -9999 -9999 -9999 -9999 -9999 -9999 -9999 -9999 -9999 -9999 -9999 -9999 -9999 -9999 -9999 -9999 -9999 -9999 -9999 -9999 -9999 -9999 -9999 -9999 268 267 262 258 254 254 261 262 261 255 238 230 226 216 214 222 204 203 199 191 188 194 193 194 203 212 212 212 221 226 231 236 230 234 236 244 244 251 256 255 255 256 254 256 260 261 262 262 263 262 262 262 256 255 253 232 229 219 199 191 195
-9999 -9999 -9999 -9999 -9999 -9999 -9999 -9999 -9999 -9999 -9999 -9999 -9999 -9999 -9999 -9999 -9999 -9999 -9999 -9999 -9999 -9999 -9999 -9999 -9999 -9999 -9999 -9999 -9999 -9999 268 265 265 266 266 262 255 238 238 235 233 234 237 229 218 209 190 190 190 186 192 197 196 196 199 206 214 228 228 227 232 235 237 233 241 252 250 248 248 248 248 254 257 261 262 262 262 262 262 260 257 252 243 234 230 220 208 206
-9999 -9999 -9999 -9999 -9999 -9999 -9999 -9999 -9999 -9999 -9999 -9999 -9999 -9999 -9999 -9999 -9999 -9999 -9999 -9999 -9999 -9999 -9999 -9999 -9999 -9999 -9999 -9999 -9999 -9999 -9999 -9999 268 267 267 264 262 256 260 255 252 247 237 220 209 189 188 188 190 191 190 197 196 192 197 201 204 210 220 216 227 233 232 228 231 242 247 243 241 241 247 251 255 259 260 261 262 262 262 261 260 255 246 233 227 225 224 218
-9999 -9999 -9999 -9999 -9999 -9999 -9999 -9999 -9999 -9999 -9999 -9999 -9999 -9999 -9999 -9999 -9999 -9999 -9999 -9999 -9999 -9999 -9999 -9999 -9999 -9999 -9999 -9999 -9999 -9999 -9999 -9999 -9999 268 267 266 262 262 257 246 244 234 222 215 194 192 191 185 189 193 196 203 193 192 201 205 201 196 197 204 213 222 230 230 228 232 238 234 236 242 241 246 253 255 259 260 261 262 262 262 262 259 254 241 235 228 230 221
-9999 -9999 -9999 -9999 -9999 -9999 -9999 -9999 -9999 -9999 -9999 -9999 -9999 -9999 -9999 -9999 -9999 -9999 -9999 -9999 -9999 -9999 -9999 -9999 -9999 -9999 -9999 -9999 -9999 -9999 -9999 -9999 -9999 -9999 -9999 265 262 260 257 248 240 227 213 206 199 194 189 187 197 197 209 207 203 203 202 208 201 198 200 206 206 205 222 227 228 230 232 230 226 237 242 246 249 255 257 259 260 261 262 262 262 262 257 251 248 236 234 219
-9999 -9999 -9999 -9999 -9999 -9999 -9999 -9999 -9999 -9999 -9999 -9999 -9999 -9999 -9999 -9999 -9999 -9999 -9999 -9999 -9999 -9999 -9999 -9999 -9999 -9999 -9999 -9999 -9999 -9999 -9999 -9999 -9999 -9999 -9999 267 263 259 256 252 251 244 238 227 227 218 217 211 214 200 220 219 215 217 210 210 207 206 192 189 189 193 199 209 221 226 224 230 228 229 235 243 253 254 256 259 259 260 261 262 262 262 260 256 252 245 239 245
-9999 -9999 -9999 -9999 -9999 -9999 -9999 -9999 -9999 -9999 -9999 -9999 -9999 -9999 -9999 -9999 -9999 -9999 -9999 -9999 -9999 -9999 -9999 -9999 -9999 -9999 -9999 -9999 -9999 -9999 -9999 -9999 -9999 -9999 -9999 -9999 265 263 263 260 256 258 253 248 251 233 228 234 236 235 238 235 232 227 225 218 213 203 202 197 193 193 191 198 197 208 214 223 229 232 233 241 247 250 255 257 259 260 258 260 262 262 261 260 255 249 244 242
-9999 -9999 -9999 -9999 -9999 -9999 -9999 -9999 -9999 -9999 -9999 -9999 -9999 -9999 -9999 -9999 -9999 -9999 -9999 -9999 -9999 -9999 -9999 -9999 -9999 -9999 -9999 -9999 -9999 -9999 -9999 -9999 -9999 -9999 -9999 -9999 268 267 264 261 260 262 258 255 256 248 252 248 243 246 237 244 238 238 234 232 224 218 211 213 209 201 188 185 182 188 201 212 225 232 238 243 238 246 252 255 257 258 260 260 262 262 262 261 261 255 252 249
-9999 -9999 -9999 -9999 -9999 -9999 -9999 -9999 -9999 -9999 -9999 -9999 -9999 -9999 -9999 -9999 -9999 -9999 -9999 -9999 -9999 -9999 -9999 -9999 -9999 -9999 -9999 -9999 -9999 -9999 -9999 -9999 -9999 -9999 -9999 -9999 -9999 267 263 261 261 258 249 248 241 242 233 232 238 233 216 217 220 225 227 227 233 230 229 225 219 212 212 196 183 183 194 205 216 228 233 236 238 246 252 253 254 258 258 258 259 262 261 261 262 259 256 253
-9999 -9999 -9999 -9999 -9999 -9999 -9999 -9999 -9999 -9999 -9999 -9999 -9999 -9999 -9999 -9999 -9999 -9999 -9999 -9999 -9999 -9999 -9999 -9999 -9999 -9999 -9999 -9999 -9999 -9999 -9999 -9999 -9999 -9999 -9999 -9999 -9999 268 266 265 264 252 238 225 221 224 224 228 235 226 206 207 198 206 214 211 218 222 225 225 225 222 219 213 209 198 185 187 204 212 224 229 236 241 246 250 256 257 257 257 258 259 260 261 261 260 259 256
-9999 -9999 -9999 -9999 -9999 -9999 -9999 -9999 -9999 -9999 -9999 -9999 -9999 -9999 -9999 -9999 -9999 -9999 -9999 -9999 -9999 -9999 -9999 -9999 -9999 -9999 -9999 -9999 -9999 -9999 -9999 -9999 -9999 -9999 -9999 -9999 -9999 -9999 267 267 267 261 247 230 219 213 210 214 206 208 219 214 193 188 189 184 205 206 218 218 211 211 210 202 204 203 191 183 184 194 211 226 231 237 243 245 250 255 254 256 258 259 260 258 262 261 259 258
-9999 -9999 -9999 -9999 -9999 -9999 -9999 -9999 -9999 -9999 -9999 -9999 -9999 -9999 -9999 -9999 -9999 -9999 -9999 -9999 -9999 -9999 -9999 -9999 -9999 -9999 -9999 -9999 -9999 -9999 -9999 -9999 -9999 -9999 -9999 -9999 -9999 -9999 -9999 -9999 -9999 -9999 258 244 241 230 214 206 205 198 209 202 192 188 192 186 177 178 192 208 215 209 200 191 196 203 193 185 181 186 204 222 229 236 237 241 246 250 253 256 258 258 259 259 258 261 261 259
-9999 -9999 -9999 -9999 -9999 -9999 -9999 -9999 -9999 -9999 -9999 -9999 -9999 -9999 -9999 -9999 -9999 -9999 -9999 -9999 -9999 -9999 -9999 -9999 -9999 -9999 -9999 -9999 -9999 -9999 -9999 -9999 -9999 -9999 -9999 -9999 -9999 -9999 -9999 -9999 -9999 -9999 -9999 268 262 253 238 210 210 197 196 192 186 183 193 196 195 171 163 181 202 204 191 182 181 185 188 187 182 186 194 212 215 223 236 232 238 243 249 252 255 257 258 259 257 260 258 261
-9999 -9999 -9999 -9999 -9999 -9999 -9999 -9999 -9999 -9999 -9999 -9999 -9999 -9999 -9999 -9999 -9999 -9999 -9999 -9999 -9999 -9999 -9999 -9999 -9999 -9999 -9999 -9999 -9999 -9999 -9999 -9999 -9999 -9999 -9999 -9999 -9999 -9999 -9999 -9999 -9999 -9999 -9999 -9999 -9999 268 254 231 228 208 204 196 189 186 182 190 200 193 174 165 187 193 193 183 181 185 190 195 193 194 182 184 192 208 218 232 231 234 241 243 255 256 256 257 259 259 258 260
-9999 -9999 -9999 -9999 -9999 -9999 -9999 -9999 -9999 -9999 -9999 -9999 -9999 -9999 -9999 -9999 -9999 -9999 -9999 -9999 -9999 -9999 -9999 -9999 -9999 -9999 -9999 -9999 -9999 -9999 -9999 -9999 -9999 -9999 -9999 -9999 -9999 -9999 -9999 -9999 -9999 -9999 -9999 -9999 -9999 -9999 -9999 266 238 212 222 199 209 191 187 185 192 205 188 186 181 189 205 205 200 193 195 194 192 191 177 170 176 188 199 212 220 231 239 243 246 252 254 255 257 258 259 260
266 266 -9999 -9999 -9999 -9999 -9999 -9999 -9999 -9999 -9999 -9999 -9999 -9999 -9999 -9999 -9999 -9999 -9999 -9999 -9999 -9999 -9999 -9999 -9999 -9999 -9999 -9999 -9999 -9999 -9999 -9999 -9999 -9999 -9999 -9999 -9999 -9999 -9999 -9999 -9999 -9999 -9999 -9999 -9999 -9999 -9999 -9999 259 252 249 215 205 209 197 195 200 201 215 203 193 194 214 205 192 185 184 191 191 198 190 182 176 184 189 192 204 215 230 234 248 248 246 250 255 257 258 258
264 265 266 266 -9999 -9999 -9999 -9999 -9999 -9999 -9999 -9999 -9999 -9999 -9999 -9999 -9999 -9999 -9999 -9999 -9999 -9999 -9999 -9999 -9999 -9999 -9999 -9999 -9999 -9999 -9999 -9999 -9999 -9999 -9999 -9999 -9999 -9999 -9999 -9999 -9999 -9999 -9999 -9999 -9999 -9999 -9999 -9999 -9999 260 250 236 218 214 205 197 193 192 201 217 216 209 218 199 198 204 192 197 206 210 203 204 196 183 183 180 186 201 216 230 237 241 248 251 253 253 256 256
263 264 265 266 266 -9999 -9999 -9999 -9999 -9999 -9999 -9999 -9999 -9999 -9999 -9999 -9999 -9999 -9999 -9999 -9999 -9999 -9999 -9999 -9999 -9999 -9999 -9999 -9999 -9999 -9999 -9999 -9999 -9999 -9999 -9999 -9999 -9999 -9999 -9999 -9999 -9999 -9999 -9999 -9999 -9999 -9999 -9999 -9999 266 261 248 235 234 216 211 195 194 199 212 229 227 231 213 197 217 220 215 213 206 209 218 210 200 188 181 179 186 203 220 227 236 245 247 249 251 252 252
261 262 264 265 266 266 -9999 -9999 -9999 -9999 -9999 -9999 -9999 -9999 -9999 -9999 -9999 -9999 -9999 -9999 -9999 -9999 -9999 -9999 -9999 -9999 -9999 -9999 -9999 -9999 -9999 -9999 -9999 -9999 -9999 -9999 -9999 -9999 -9999 -9999 -9999 -9999 -9999 -9999 -9999 -9999 -9999 -9999 -9999 -9999 265 261 252 233 226 223 215 209 220 230 235 239 226 209 208 218 233 234 221 203 204 210 229 216 208 198 180 179 190 207 213 222 236 247 246 246 246 243
258 258 259 262 266 265 266 266 -9999 -9999 -9999 -9999 -9999 -9999 -9999 -9999 -9999 -9999 -9999 -9999 -9999 -9999 -9999 -9999 -9999 -9999 -9999 -9999 -9999 -9999 -9999 -9999 -9999 -9999 -9999 -9999 -9999 -9999 -9999 -9999 -9999 -9999 -9999 -9999 -9999 -9999 -9999 -9999 -9999 -9999 265 261 257 256 240 225 227 216 217 234 242 249 228 226 223 225 241 232 224 217 217 232 224 211 210 204 199 179 191 195 202 214 228 234 240 237 234 229
251 252 252 257 260 263 266 265 266 266 266 -9999 -9999 -9999 -9999 -9999 -9999 -9999 -9999 -9999 -9999 -9999 -9999 -9999 -9999 -9999 -9999 -9999 -9999 -9999 -9999 -9999 -9999 -9999 -9999 -9999 -9999 -9999 -9999 -9999 -9999 -9999 -9999 -9999 -9999 -9999 -9999 -9999 -9999 -9999 -9999 267 265 259 254 245 237 229 227 235 245 253 231 235 240 226 240 229 221 222 228 232 214 204 218 222 208 203 202 205 214 221 223 227 231 230 229 224
250 249 250 250 248 256 258 264 265 265 265 266 266 267 -9999 -9999 -9999 -9999 -9999 -9999 -9999 -9999 -9999 -9999 -9999 -9999 -9999 -9999 -9999 -9999 -9999 -9999 -9999 -9999 -9999 -9999 -9999 -9999 -9999 -9999 -9999 -9999 -9999 -9999 -9999 -9999 -9999 -9999 -9999 -9999 -9999 -9999 266 264 263 256 251 243 239 237 244 243 233 232 242 246 243 238 232 237 240 221 209 197 208 224 218 213 214 209 217 222 229 232 231 234 234 233
247 246 247 247 247 249 252 255 258 260 263 263 262 261 264 266 267 267 -9999 -9999 -9999 -9999 -9999 -9999 -9999 -9999 -9999 -9999 -9999 -9999 -9999 -9999 -9999 -9999 -9999 -9999 -9999 -9999 -9999 -9999 -9999 -9999 -9999 -9999 -9999 -9999 -9999 -9999 -9999 -9999 -9999 -9999 -9999 264 264 261 258 256 259 255 257 258 250 248 229 238 246 242 244 237 220 205 195 194 210 214 228 220 207 216 219 221 217 223 228 229 232 235
244 242 241 241 244 247 248 252 254 256 258 258 260 255 259 263 263 264 266 266 266 -9999 -9999 -9999 -9999 -9999 -9999 -9999 -9999 -9999 -9999 -9999 -9999 -9999 -9999 -9999 -9999 -9999 -9999 -9999 -9999 -9999 -9999 -9999 -9999 -9999 -9999 -9999 -9999 -9999 -9999 -9999 -9999 -9999 267 264 264 262 263 261 260 258 257 253 251 250 252 244 241 241 220 211 201 200 213 207 213 230 222 229 224 222 211 208 206 214 224 229
242 237 236 238 242 240 246 246 248 251 254 253 252 253 257 258 258 262 261 263 265 266 -9999 -9999 -9999 -9999 -9999 -9999 -9999 -9999 -9999 -9999 -9999 -9999 -9999 -9999 -9999 -9999 -9999 -9999 -9999 -9999 -9999 -9999 -9999 -9999 -9999 -9999 -9999 -9999 -9999 -9999 -9999 -9999 -9999 267 266 264 263 262 261 260 260 258 255 256 255 253 250 247 238 232 225 219 221 229 216 231 239 234 212 202 194 198 200 207 214 225
239 236 234 237 238 241 242 239 242 246 251 247 245 247 251 252 250 254 256 258 261 263 263 266 -9999 -9999 -9999 -9999 -9999 -9999 -9999 -9999 -9999 -9999 -9999 -9999 -9999 -9999 -9999 -9999 -9999 -9999 -9999 -9999 -9999 -9999 -9999 -9999 -9999 -9999 -9999 -9999 -9999 -9999 -9999 266 265 265 264 263 262 262 261 258 260 258 254 249 246 250 248 245 237 242 233 240 239 240 249 243 234 210 189 200 201 208 211 222
234 231 232 234 239 237 237 238 240 240 244 239 238 242 242 244 245 244 256 252 252 255 258 264 267 -9999 -9999 -9999 -9999 -9999 -9999 -9999 -9999 -9999 -9999 -9999 -9999 -9999 -9999 -9999 -9999 -9999 -9999 -9999 -9999 -9999 -9999 -9999 -9999 -9999 -9999 -9999 -9999 -9999 -9999 -9999 266 265 265 264 263 263 263 262 261 257 256 254 251 248 254 250 243 250 248 245 247 250 248 241 237 231 211 209 210 197 208 221
