test/testdata/Hispaniola_WorldClim/snv_4.asc
ncols         743
nrows         319
xllcorner     -74.500956448335
yllcorner     17.448920549066
cellsize      0.0083333333333333
NODATA_value  -9999
[rows 144 to 179 of 319, columns 410 to 491 of 743]
1234 1260 1273 1265 1289 1304 1336 1329 1320 1256 1246 1263 1273 1279 1309 1263 1251 1267 1274 1302 1275 1277 1272 1261 1277 1325 1264 1261 1311 1296 1247 1285 1301 1258 1265 1294 1258 1248 1236 1247 1228 1260 1270 1260 1253 1253 1280 1270 1280 1255 1276 1268 1260 1264 1285 1275 1274 1274 1318 1280 1301 1278 1273 1303 1277 1307 1269 1321 1316 1289 1325 1304 1323 1338 1373 1390 1445 1407 1432 1406 1449 1441
1290 1255 1260 1283 1303 1317 1312 1343 1299 1261 1282 1265 1277 1271 1255 1266 1274 1302 1247 1246 1281 1274 1269 1285 1252 1264 1288 1282 1322 1279 1285 1320 1305 1287 1253 1282 1268 1283 1235 1269 1221 1233 1264 1255 1264 1289 1275 1285 1271 1277 1305 1277 1272 1312 1289 1254 1267 1256 1282 1254 1289 1292 1328 1365 1342 1335 1314 1301 1320 1322 1323 1285 1305 1345 1431 1457 1410 1463 1426 1408 1427 1424
1279 1297 1279 1284 1241 1289 1322 1329 1301 1269 1255 1275 1243 1277 1267 1246 1279 1276 1291 1301 1254 1259 1261 1273 1280 1270 1310 1272 1331 1221 1244 1252 1275 1232 1300 1298 1254 1282 1305 1233 1256 1249 1264 1237 1267 1282 1270 1299 1307 1275 1271 1275 1300 1289 1256 1295 1300 1277 1303 1309 1294 1305 1332 1345 1332 1344 1354 1332 1368 1367 1323 1330 1335 1396 1413 1430 1431 1417 1413 1416 1419 1434
1271 1299 1302 1261 1287 1243 1276 1308 1337 1329 1307 1241 1280 1262 1308 1238 1255 1295 1299 1277 1256 1256 1279 1278 1283 1265 1331 1316 1276 1263 1271 1247 1257 1242 1230 1233 1226 1300 1276 1275 1297 1262 1292 1276 1268 1283 1287 1284 1316 1271 1307 1288 1305 1288 1301 1282 1278 1297 1259 1276 1314 1322 1302 1280 1298 1308 1331 1354 1346 1344 1377 1350 1359 1359 1367 1377 1403 1397 1394 1374 1376 1366
1286 1305 1305 1278 1252 1270 1294 1334 1300 1263 1287 1247 1285 1248 1261 1291 1291 1311 1315 1302 1284 1277 1259 1267 1257 1270 1314 1294 1290 1258 1270 1280 1277 1234 1232 1265 1251 1254 1320 1263 1255 1248 1264 1267 1286 1260 1253 1319 1267 1317 1304 1303 1285 1266 1273 1273 1275 1285 1307 1278 1270 1282 1299 1278 1302 1290 1264 1306 1359 1309 1314 1343 1408 1322 1352 1351 1402 1411 1413 1366 1359 1357
1316 1301 1291 1305 1318 1301 1358 1317 1263 1259 1261 1253 1239 1245 1290 1291 1317 1313 1298 1272 1261 1287 1274 1251 1248 1271 1277 1328 1291 1298 1252 1251 1264 1259 1247 1261 1309 1326 1296 1290 1276 1272 1289 1278 1265 1261 1282 1280 1281 1329 1265 1274 1301 1275 1275 1293 1286 1301 1280 1269 1274 1302 1285 1269 1284 1315 1329 1336 1321 1342 1350 1341 1342 1353 1341 1368 1350 1331 1310 1338 1308 1348
1342 1317 1309 1322 1291 1354 1341 1300 1289 1289 1269 1263 1247 1242 1241 1256 1298 1312 1294 1276 1249 1256 1248 1262 1257 1281 1317 1274 1277 1264 1263 1312 1261 1302 1234 1242 1246 1285 1284 1313 1268 1290 1309 1275 1261 1247 1253 1280 1290 1267 1285 1291 1266 1262 1287 1303 1276 1260 1276 1285 1265 1271 1267 1263 1274 1304 1301 1335 1331 1307 1321 1349 1316 1333 1305 1351 1339 1316 1313 1334 1327 1334
1326 1327 1329 1324 1312 1323 1329 1289 1305 1265 1287 1290 1274 1276 1260 1283 1282 1323 1305 1318 1300 1258 1250 1263 1272 1293 1285 1243 1265 1294 1334 1298 1263 1245 1249 1263 1270 1265 1316 1278 1293 1282 1279 1274 1277 1282 1306 1299 1280 1278 1307 1296 1287 1280 1316 1275 1276 1316 1290 1297 1265 1258 1307 1288 1285 1268 1279 1324 1332 1304 1315 1323 1311 1296 1318 1318 1331 1329 1307 1336 1342 1346
1301 1322 1300 1348 1329 1329 1327 1279 1276 1296 1278 1281 1281 1295 1263 1294 1286 1296 1314 1307 1332 1302 1319 1291 1297 1316 1285 1242 1288 1254 1254 1279 1263 1299 1276 1271 1274 1288 1316 1282 1310 1299 1305 1280 1274 1283 1280 1264 1279 1256 1294 1288 1291 1288 1330 1331 1295 1328 1271 1262 1265 1274 1298 1325 1283 1284 1265 1284 1292 1296 1313 1356 1307 1289 1309 1308 1266 1323 1301 1294 1310 1278
1316 1289 1311 1319 1327 1332 1326 1280 1349 1302 1292 1313 1307 1322 1285 1309 1292 1311 1322 1315 1289 1304 1293 1299 1316 1295 1261 1270 1245 1261 1251 1274 1279 1249 1267 1279 1286 1288 1313 1294 1278 1318 1291 1305 1303 1268 1343 1297 1304 1302 1293 1308 1329 1278 1324 1320 1333 1268 1297 1271 1321 1290 1313 1318 1310 1310 1268 1257 1257 1280 1301 1327 1319 1320 1300 1279 1308 1294 1331 1305 1302 1272
1288 1307 1318 1306 1312 1320 1317 1312 1331 1288 1286 1296 1350 1345 1361 1313 1257 1295 1335 1296 1327 1332 1347 1308 1259 1241 1247 1274 1240 1269 1264 1270 1279 1279 1266 1247 1263 1281 1298 1285 1324 1335 1355 1288 1324 1357 1287 1295 1315 1302 1334 1375 1334 1347 1335 1331 1368 1298 1313 1305 1331 1273 1281 1302 1263 1293 1239 1291 1262 1272 1283 1279 1316 1279 1283 1308 1252 1261 1320 1305 1311 1292
1291 1335 1321 1300 1331 1317 1309 1266 1322 1314 1284 1280 1327 1309 1324 1315 1332 1300 1276 1278 1297 1287 1295 1321 1300 1270 1237 1256 1252 1266 1266 1266 1269 1262 1270 1239 1280 1253 1278 1270 1270 1293 1267 1284 1269 1284 1315 1324 1325 1297 1300 1364 1337 1365 1359 1358 1338 1388 1342 1310 1351 1306 1315 1324 1296 1274 1259 1255 1230 1269 1307 1272 1334 1264 1264 1253 1274 1280 1271 1265 1319 1291
1308 1334 1310 1313 1301 1298 1311 1297 1320 1336 1305 1327 1281 1309 1322 1295 1331 1339 1276 1305 1299 1277 1259 1263 1264 1294 1260 1260 1226 1236 1245 1232 1255 1255 1251 1297 1272 1250 1229 1244 1270 1238 1293 1276 1280 1303 1349 1307 1354 1297 1362 1341 1339 1349 1313 1372 1348 1334 1326 1299 1285 1296 1281 1268 1331 1282 1286 1265 1283 1268 1284 1270 1301 1240 1308 1301 1309 1288 1273 1280 1285 1286
1327 1327 1328 1327 1321 1305 1305 1303 1323 1311 1299 1309 1306 1311 1332 1332 1302 1316 1289 1289 1275 1261 1266 1281 1264 1295 1256 1253 1241 1278 1256 1263 1267 1241 1244 1282 1260 1259 1268 1240 1268 1295 1269 1271 1302 1268 1325 1354 1357 1332 1318 1348 1315 1341 1324 1323 1358 1365 1337 1318 1303 1295 1267 1268 1285 1286 1272 1270 1253 1251 1282 1246 1256 1253 1265 1293 1289 1262 1247 1263 1263 1254
1333 1315 1341 1305 1315 1280 1303 1300 1328 1332 1296 1307 1321 1329 1292 1325 1293 1315 1267 1268 1269 1266 1284 1248 1258 1247 1258 1263 1256 1255 1249 1255 1264 1238 1227 1247 1241 1250 1262 1247 1266 1277 1254 1281 1293 1289 1320 1357 1374 1362 1359 1305 1301 1346 1307 1320 1336 1360 1334 1320 1279 1298 1262 1262 1265 1265 1265 1275 1260 1281 1245 1268 1291 1272 1285 1287 1261 1262 1277 1290 1294 1257
1325 1303 1305 1318 1310 1292 1312 1279 1298 1322 1298 1309 1323 1291 1309 1322 1281 1296 1243 1216 1245 1308 1285 1302 1303 1304 1278 1241 1248 1241 1204 1217 1248 1265 1255 1276 1218 1230 1251 1270 1270 1319 1313 1300 1322 1334 1333 1354 1337 1344 1306 1289 1301 1316 1333 1327 1329 1290 1360 1337 1317 1268 1291 1236 1258 1283 1268 1255 1257 1281 1249 1287 1268 1248 1257 1285 1257 1260 1241 1263 1265 1264
1291 1292 1281 1300 1305 1301 1294 1289 1304 1294 1318 1285 1318 1284 1312 1304 1279 1260 1281 1244 1280 1292 1321 1317 1291 1255 1304 1251 1254 1254 1277 1246 1246 1236 1211 1295 1236 1230 1256 1261 1238 1267 1273 1305 1338 1279 1330 1338 1335 1290 1353 1315 1290 1320 1315 1366 1277 1320 1313 1279 1324 1312 1280 1292 1278 1251 1274 1231 1281 1254 1243 1244 1237 1298 1279 1278 1246 1285 1240 1259 1297 1289
1312 1281 1296 1291 1279 1303 1291 1287 1298 1314 1327 1333 1313 1309 1311 1297 1304 1298 1277 1269 1297 1292 1283 1278 1256 1282 1292 1246 1297 1269 1226 1225 1276 1245 1260 1233 1241 1258 1236 1241 1267 1283 1256 1302 1328 1321 1303 1311 1295 1296 1312 1283 1318 1322 1316 1338 1289 1296 1285 1264 1270 1336 1361 1292 1257 1258 1245 1257 1272 1272 1243 1272 1232 1280 1281 1246 1292 1276 1247 1252 1233 1255
1288 1278 1309 1303 1294 1290 1275 1296 1275 1298 1315 1295 1302 1278 1282 1289 1285 1287 1290 1313 1296 1300 1252 1245 1256 1261 1272 1257 1269 1250 1297 1284 1281 1290 1226 1236 1255 1229 1232 1235 1210 1245 1273 1273 1285 1280 1263 1309 1324 1310 1311 1259 1324 1299 1317 1306 1286 1277 1294 1264 1245 1268 1309 1268 1247 1246 1262 1264 1249 1255 1251 1247 1242 1255 1262 1251 1258 1255 1269 1284 1240 1292
1283 1326 1305 1291 1274 1287 1279 1300 1292 1278 1274 1286 1295 1310 1289 1295 1263 1294 1283 1316 1225 1242 1269 1247 1259 1224 1221 1262 1270 1267 1250 1250 1275 1241 1249 1209 1208 1233 1233 1244 1245 1313 1284 1231 1268 1226 1228 1273 1279 1280 1313 1315 1296 1298 1295 1333 1380 1339 1310 1305 1265 1283 1269 1283 1241 1241 1263 1224 1234 1240 1216 1220 1261 1282 1230 1269 1269 1277 1284 1250 1250 1254
1297 1267 1292 1278 1265 1277 1283 1278 1267 1274 1267 1282 1278 1268 1284 1280 1286 1282 1307 1298 1297 1246 1234 1200 1250 1243 1223 1229 1232 1232 1252 1261 1263 1229 1218 1270 1251 1233 1260 1251 1235 1236 1235 1260 1271 1263 1243 1303 1258 1262 1263 1277 1316 1268 1315 1323 1333 1306 1345 1333 1318 1274 1247 1218 1226 1255 1241 1238 1223 1251 1234 1251 1247 1257 1245 1222 1209 1255 1289 1247 1277 1274
1277 1284 1307 1275 1275 1286 1295 1304 1289 1293 1297 1268 1284 1258 1280 1266 1270 1289 1264 1246 1258 1279 1254 1256 1210 1233 1241 1215 1225 1231 1246 1217 1236 1250 1215 1265 1256 1202 1270 1248 1260 1282 1260 1197 1231 1221 1250 1258 1263 1291 1262 1250 1292 1301 1299 1307 1319 1349 1356 1323 1273 1243 1275 1264 1253 1264 1239 1257 1248 1225 1252 1228 1271 1252 1282 1269 1284 1243 1238 1270 1240 1283
1258 1265 1278 1286 1252 1276 1260 1285 1287 1282 1245 1275 1257 1273 1262 1267 1279 1269 1257 1256 1262 1232 1267 1212 1227 1221 1219 1247 1244 1200 1223 1208 1234 1240 1200 1236 1235 1242 1281 1248 1241 1243 1225 1253 1208 1241 1263 1305 1268 1283 1253 1242 1307 1285 1276 1328 1314 1334 1317 1340 1289 1270 1229 1247 1244 1248 1228 1245 1252 1213 1254 1207 1271 1249 1254 1237 1248 1240 1223 1248 1238 1217
1245 1236 1242 1272 1307 1277 1294 1282 1275 1266 1254 1282 1266 1273 1245 1265 1278 1265 1257 1255 1267 1257 1261 1188 1275 1235 1204 1224 1226 1275 1242 1253 1255 1235 1214 1195 1217 1221 1239 1223 1211 1249 1225 1248 1267 1255 1265 1272 1259 1279 1286 1223 1246 1238 1287 1277 1316 1301 1314 1328 1280 1262 1259 1252 1237 1224 1233 1217 1264 1229 1220 1242 1221 1271 1258 1230 1226 1233 1249 1229 1249 1254
1255 1274 1262 1263 1276 1263 1281 1256 1288 1276 1248 1255 1299 1263 1238 1261 1244 1279 1253 1267 1272 1245 1253 1214 1222 1230 1213 1205 1228 1231 1225 1248 1214 1273 1260 1245 1206 1222 1224 1226 1217 1217 1240 1224 1215 1246 1243 1212 1266 1283 1231 1223 1244 1252 1221 1238 1277 1319 1321 1327 1254 1264 1232 1224 1232 1222 1246 1224 1231 1237 1232 1238 1218 1266 1235 1241 1225 1216 1248 1230 1235 1267
1233 1249 1248 1252 1270 1251 1274 1254 1264 1253 1236 1245 1244 1269 1252 1230 1277 1276 1265 1256 1256 1267 1247 1261 1249 1224 1193 1243 1213 1239 1211 1214 1199 1230 1249 1229 1243 1224 1220 1212 1215 1205 1241 1207 1218 1215 1245 1209 1293 1230 1236 1255 1230 1234 1232 1275 1303 1307 1299 1279 1269 1255 1294 1264 1257 1222 1231 1250 1249 1237 1234 1239 1254 1243 1241 1218 1231 1211 1230 1249 1218 1211
1228 1229 1237 1241 1241 1269 1250 1240 1225 1253 1224 1226 1233 1275 1259 1245 1267 1277 1265 1227 1253 1266 1236 1260 1213 1218 1191 1252 1221 1235 1219 1204 1209 1225 1219 1230 1214 1245 1226 1239 1204 1244 1220 1245 1209 1220 1236 1219 1219 1222 1202 1218 1205 1214 1222 1253 1259 1284 1297 1272 1262 1278 1281 1268 1243 1250 1247 1257 1230 1253 1242 1261 1250 1260 1213 1245 1237 1236 1221 1255 1244 1210
1245 1237 1240 1234 1266 1210 1224 1249 1268 1250 1255 1275 1260 1263 1255 1283 1257 1252 1240 1241 1246 1243 1199 1267 1270 1240 1206 1208 1242 1202 1255 1223 1202 1217 1211 1226 1205 1214 1206 1210 1237 1212 1225 1196 1235 1240 1209 1206 1225 1246 1252 1270 1224 1238 1280 1237 1249 1238 1282 1255 1239 1261 1244 1258 1243 1226 1210 1227 1213 1226 1256 1222 1221 1201 1236 1242 1222 1222 1219 1248 1235 1232
1221 1243 1231 1239 1260 1234 1226 1235 1249 1245 1255 1232 1270 1264 1272 1281 1284 1215 1244 1226 1217 1212 1258 1221 1220 1218 1227 1202 1205 1228 1225 1252 1233 1204 1206 1205 1220 1237 1203 1231 1226 1195 1205 1215 1230 1265 1215 1243 1264 1238 1270 1221 1300 1249 1228 1281 1216 1216 1291 1255 1249 1280 1238 1226 1253 1228 1227 1238 1235 1209 1214 1218 1236 1222 1214 1250 1220 1250 1204 1219 1204 1227
1269 1243 1215 1223 1233 1236 1257 1249 1223 1233 1245 1249 1234 1233 1262 1229 1225 1254 1263 1234 1241 1212 1244 1203 1194 1199 1212 1197 1186 1179 1205 1244 1199 1212 1197 1231 1219 1235 1216 1216 1240 1211 1214 1247 1220 1233 1254 1263 1276 1249 1235 1258 1268 1310 1249 1311 1283 1250 1286 1239 1214 1214 1207 1238 1232 1214 1211 1245 1246 1221 1227 1216 1202 1225 1220 1211 1198 1199 1217 1243 1229 1209
1265 1254 1233 1240 1235 1254 1239 1261 1221 1239 1240 1236 1237 1246 1242 1245 1231 1229 1234 1255 1245 1221 1272 1211 1250 1213 1208 1225 1217 1247 1235 1208 1184 1200 1193 1209 1210 1232 1220 1263 1233 1237 1210 1221 1224 1223 1222 1233 1238 1237 1245 1256 1281 1279 1313 1302 1274 1261 1238 1262 1212 1238 1196 1217 1234 1202 1235 1264 1210 1227 1204 1214 1235 1218 1195 1231 1213 1259 1244 1221 1226 1222
1259 1230 1237 1227 1219 1216 1196 1228 1201 1255 1234 1242 1232 1217 1218 1254 1260 1272 1220 1242 1246 1258 1237 1218 1215 1231 1236 1222 1195 1189 1201 1224 1184 1210 1219 1223 1237 1231 1200 1205 1272 1222 1221 1223 1214 1209 1223 1229 1232 1233 1212 1204 1225 1255 1251 1315 1290 1305 1253 1260 1256 1242 1228 1218 1226 1230 1232 1243 1232 1251 1250 1220 1230 1221 1209 1208 1210 1201 1220 1261 1239 1253
1231 1229 1228 1220 1228 1184 1228 1203 1228 1201 1245 1225 1238 1242 1192 1226 1214 1223 1194 1221 1219 1255 1252 1209 1214 1242 1236 1221 1193 1178 1218 1233 1189 1204 1225 1188 1224 1218 1215 1195 1218 1224 1238 1241 1232 1228 1231 1230 1247 1228 1209 1220 1226 1259 1326 1292 1279 1314 1305 1249 1261 1207 1255 1198 1198 1210 1215 1221 1244 1209 1207 1190 1206 1202 1211 1195 1214 1182 1245 1255 1226 1200
1213 1217 1194 1203 1222 1208 1200 1223 1228 1235 1221 1247 1219 1207 1221 1224 1199 1215 1207 1230 1263 1225 1216 1232 1224 1244 1190 1207 1231 1192 1186 1230 1215 1215 1233 1226 1207 1202 1237 1232 1233 1196 1189 1238 1198 1232 1226 1246 1195 1215 1200 1189 1209 1223 1256 1257 1263 1298 1269 1244 1239 1276 1269 1206 1209 1201 1213 1202 1226 1213 1192 1178 1193 1191 1190 1171 1239 1198 1216 1204 1193 1226
1213 1214 1230 1210 1197 1193 1199 1184 1176 1206 1240 1230 1216 1227 1232 1223 1235 1205 1242 1214 1227 1195 1251 1233 1245 1224 1206 1222 1212 1213 1207 1223 1211 1240 1199 1224 1228 1193 1194 1207 1167 1198 1218 1221 1223 1204 1214 1214 1207 1193 1213 1221 1170 1231 1255 1269 1266 1260 1251 1242 1218 1229 1225 1205 1220 1194 1192 1213 1213 1220 1224 1229 1202 1192 1186 1192 1213 1180 1177 1224 1188 1230
1215 1214 1240 1175 1233 1201 1185 1206 1202 1216 1179 1188 1215 1223 1234 1198 1188 1191 1197 1195 1204 1215 1221 1204 1174 1206 1226 1223 1204 1194 1195 1203 1193 1217 1222 1210 1187 1190 1220 1193 1203 1233 1214 1221 1177 1219 1219 1209 1179 1199 1189 1193 1210 1191 1206 1220 1267 1231 1229 1199 1187 1243 1185 1205 1187 1202 1175 1224 1190 1191 1188 1188 1198 1197 1206 1175 1186 1169 1177 1165 1202 1167
