test/testdata/Hispaniola_WorldClim/snv_19.asc
ncols         743
nrows         319
xllcorner     -74.500956448335
yllcorner     17.448920549066
cellsize      0.0083333333333333
NODATA_value  -9999
[rows 80 to 119 of 319, columns 180 to 269 of 743]
-9999 -9999 -9999 -9999 -9999 -9999 -9999 -9999 -9999 -9999 -9999 -9999 -9999 -9999 -9999 -9999 -9999 -9999 -9999 -9999 -9999 -9999 -9999 -9999 -9999 -9999 -9999 -9999 -9999 -9999 -9999 -9999 -9999 -9999 -9999 -9999 24 24 24 25 26 28 29 31 32 35 37 40 40 48 49 48 52 52 55 56 59 58 74 118 161 163 126 144 135 87 81 82 98 119 132 118 116 119 126 124 122 139 129 122 120 124 143 152 134 137 145 162 210 210
-9999 -9999 -9999 -9999 -9999 -9999 -9999 -9999 -9999 -9999 -9999 -9999 -9999 -9999 -9999 -9999 -9999 -9999 -9999 -9999 -9999 -9999 -9999 -9999 -9999 -9999 -9999 -9999 -9999 -9999 -9999 -9999 -9999 26 -9999 -9999 24 24 24 25 26 28 29 30 32 34 36 37 39 41 49 52 50 52 52 53 55 56 58 88 132 164 168 150 129 87 92 82 101 111 136 125 105 108 115 113 109 113 112 110 117 134 134 134 127 126 135 148 181 205
-9999 -9999 -9999 -9999 -9999 -9999 -9999 -9999 -9999 -9999 -9999 -9999 -9999 -9999 -9999 -9999 -9999 -9999 -9999 -9999 -9999 -9999 -9999 -9999 -9999 -9999 -9999 -9999 -9999 -9999 -9999 -9999 -9999 25 -9999 -9999 -9999 24 24 25 26 28 29 29 31 33 34 35 37 41 46 52 50 49 49 51 52 53 54 61 102 145 169 169 168 144 129 116 157 151 114 111 101 99 95 108 103 99 100 102 174 126 118 128 116 118 124 125 146 191
-9999 -9999 -9999 -9999 -9999 -9999 -9999 -9999 -9999 -9999 -9999 -9999 -9999 -9999 -9999 -9999 -9999 -9999 -9999 -9999 -9999 -9999 -9999 -9999 -9999 -9999 -9999 -9999 -9999 -9999 -9999 -9999 -9999 25 24 -9999 -9999 -9999 25 25 25 33 38 29 30 31 33 34 36 38 41 50 50 46 46 49 51 52 60 78 88 138 159 170 171 171 167 150 171 172 146 102 112 102 89 90 98 92 92 109 166 154 111 118 109 110 117 119 124 151
-9999 -9999 -9999 -9999 -9999 -9999 -9999 -9999 -9999 -9999 -9999 -9999 -9999 -9999 -9999 -9999 -9999 -9999 -9999 -9999 -9999 -9999 -9999 -9999 -9999 -9999 -9999 -9999 -9999 -9999 -9999 -9999 25 24 24 -9999 -9999 -9999 24 24 25 35 39 36 29 30 32 33 35 36 39 44 47 43 45 46 48 51 66 77 94 123 148 164 170 171 171 166 149 115 144 122 107 94 92 83 87 85 87 122 150 121 111 99 100 103 109 110 116 126
-9999 -9999 -9999 -9999 -9999 -9999 -9999 -9999 -9999 -9999 -9999 -9999 -9999 -9999 -9999 -9999 -9999 -9999 -9999 -9999 -9999 -9999 -9999 -9999 -9999 -9999 -9999 -9999 -9999 -9999 -9999 -9999 -9999 -9999 24 24 23 23 24 24 24 26 36 37 35 30 31 32 33 35 36 38 42 42 42 45 45 52 70 80 85 122 142 152 167 170 170 169 162 104 125 165 105 122 97 81 77 78 81 92 102 114 110 123 94 96 107 104 108 153
-9999 -9999 -9999 -9999 -9999 -9999 -9999 -9999 -9999 -9999 -9999 -9999 -9999 -9999 -9999 -9999 -9999 -9999 -9999 -9999 -9999 -9999 -9999 -9999 -9999 -9999 -9999 -9999 -9999 -9999 -9999 -9999 -9999 -9999 24 23 23 23 24 24 24 25 26 26 43 36 29 32 32 34 35 37 38 40 41 42 42 44 48 56 83 97 118 122 162 168 170 169 166 121 87 91 155 155 107 81 81 74 75 78 84 87 85 118 91 94 108 101 103 115
-9999 -9999 -9999 -9999 -9999 -9999 -9999 -9999 -9999 -9999 -9999 -9999 -9999 -9999 -9999 -9999 -9999 -9999 -9999 -9999 -9999 -9999 -9999 -9999 -9999 -9999 -9999 -9999 -9999 -9999 -9999 -9999 -9999 -9999 23 23 23 23 23 24 24 25 25 26 30 41 30 30 32 33 34 35 37 38 48 40 42 42 44 46 69 83 97 127 122 158 168 169 165 118 87 77 104 147 111 80 74 75 70 73 76 77 80 83 91 89 92 96 99 105
-9999 -9999 -9999 -9999 -9999 -9999 -9999 -9999 -9999 -9999 -9999 -9999 -9999 -9999 -9999 -9999 -9999 -9999 -9999 -9999 -9999 -9999 -9999 -9999 -9999 -9999 -9999 -9999 27 27 26 -9999 -9999 24 23 23 23 23 23 24 24 24 25 26 26 33 30 29 30 31 33 34 35 36 48 43 39 41 42 45 54 87 106 118 112 143 159 165 164 152 100 70 69 72 114 87 77 68 68 68 70 73 76 80 83 86 89 92 95 98
-9999 -9999 -9999 -9999 -9999 -9999 -9999 -9999 -9999 -9999 -9999 -9999 -9999 -9999 -9999 -9999 -9999 -9999 -9999 -9999 -9999 -9999 -9999 -9999 -9999 -9999 -9999 28 27 27 26 25 25 23 23 23 23 23 23 24 24 24 25 26 26 28 32 28 29 31 31 34 34 35 39 45 41 41 45 47 48 62 97 78 91 100 114 151 165 149 90 66 66 62 129 78 66 63 64 65 66 70 73 77 80 83 88 91 93 95
-9999 -9999 -9999 -9999 -9999 -9999 -9999 -9999 -9999 -9999 -9999 -9999 -9999 -9999 -9999 -9999 -9999 -9999 -9999 -9999 -9999 -9999 -9999 -9999 -9999 -9999 -9999 27 27 26 26 25 24 23 23 23 23 23 23 24 24 24 25 25 26 26 29 29 28 30 31 32 34 34 35 46 67 50 46 55 74 58 67 91 74 74 81 108 152 101 75 60 59 62 59 59 60 62 62 65 66 69 73 76 79 82 86 89 91 95
-9999 -9999 -9999 -9999 -9999 -9999 -9999 -9999 -9999 -9999 -9999 -9999 -9999 -9999 -9999 -9999 -9999 -9999 -9999 -9999 -9999 -9999 -9999 -9999 -9999 -9999 -9999 27 27 26 26 25 23 23 23 23 23 23 23 24 24 24 24 25 26 26 27 29 28 30 31 31 33 34 33 37 55 66 51 73 82 85 64 67 62 65 70 81 104 131 59 55 55 55 60 71 98 73 62 65 66 69 72 76 78 83 85 88 91 94
-9999 -9999 -9999 -9999 -9999 -9999 -9999 -9999 -9999 -9999 -9999 -9999 -9999 -9999 -9999 -9999 -9999 -9999 -9999 -9999 -9999 -9999 -9999 -9999 -9999 -9999 -9999 -9999 27 26 26 25 23 23 23 23 23 23 22 22 23 24 24 25 26 26 26 28 29 29 31 30 31 32 32 36 36 53 90 86 105 77 53 53 50 58 60 64 71 99 77 55 54 55 56 67 140 98 61 66 67 70 73 76 79 82 86 88 90 93
-9999 -9999 -9999 -9999 -9999 -9999 -9999 -9999 -9999 -9999 -9999 -9999 -9999 -9999 -9999 -9999 -9999 -9999 -9999 -9999 -9999 -9999 -9999 -9999 -9999 -9999 -9999 -9999 26 26 26 25 23 23 23 23 23 23 22 22 23 23 23 25 25 26 26 27 28 29 29 29 30 33 39 39 39 94 91 105 105 105 60 49 48 48 63 56 55 55 63 54 53 54 56 58 111 90 62 65 68 72 72 77 79 82 85 88 90 93
-9999 -9999 -9999 -9999 -9999 -9999 -9999 -9999 -9999 -9999 -9999 -9999 -9999 -9999 -9999 -9999 -9999 -9999 -9999 -9999 -9999 -9999 -9999 -9999 -9999 -9999 -9999 -9999 -9999 -9999 -9999 -9999 -9999 23 23 23 23 22 22 22 23 23 23 23 25 26 26 27 28 28 30 32 34 39 46 39 36 40 74 95 81 76 53 68 46 46 48 59 58 51 54 61 52 54 55 56 120 74 61 64 67 71 75 78 80 83 85 88 90 92
-9999 -9999 -9999 -9999 -9999 -9999 -9999 -9999 -9999 -9999 -9999 -9999 -9999 -9999 -9999 -9999 -9999 -9999 -9999 -9999 -9999 -9999 -9999 -9999 -9999 -9999 -9999 -9999 -9999 -9999 -9999 24 23 23 23 23 23 22 22 22 23 23 23 23 24 26 26 26 28 28 29 31 29 29 45 63 37 35 42 67 84 67 49 49 56 46 46 47 56 56 51 52 52 52 55 56 57 59 62 65 68 70 74 79 82 83 84 87 89 91
-9999 -9999 -9999 -9999 -9999 -9999 -9999 -9999 -9999 -9999 -9999 -9999 -9999 -9999 -9999 -9999 -9999 -9999 -9999 -9999 -9999 -9999 -9999 -9999 -9999 -9999 -9999 -9999 -9999 -9999 -9999 -9999 -9999 -9999 23 23 22 22 22 22 22 23 23 23 24 26 26 26 28 28 29 31 31 30 45 64 57 43 33 39 59 39 44 55 61 45 45 45 47 48 59 59 52 52 55 55 58 59 61 66 67 71 74 78 81 82 85 86 88 89
-9999 -9999 -9999 -9999 -9999 -9999 -9999 -9999 -9999 -9999 -9999 -9999 -9999 -9999 -9999 -9999 -9999 -9999 -9999 -9999 -9999 -9999 -9999 -9999 -9999 -9999 -9999 -9999 -9999 -9999 -9999 -9999 -9999 -9999 23 23 22 22 22 22 22 23 23 23 24 25 26 26 27 28 29 31 31 30 29 54 64 37 33 32 32 35 35 39 52 59 45 45 45 48 59 66 55 52 54 56 58 59 62 65 67 71 74 76 81 82 85 85 87 89
-9999 -9999 -9999 -9999 -9999 -9999 -9999 -9999 -9999 -9999 -9999 -9999 -9999 -9999 -9999 -9999 -9999 -9999 -9999 -9999 -9999 -9999 -9999 -9999 -9999 -9999 -9999 -9999 -9999 -9999 -9999 24 24 -9999 23 23 23 22 22 22 22 23 23 23 24 24 26 26 27 28 28 31 31 31 35 45 59 52 44 32 32 37 39 38 37 64 54 45 45 46 48 52 59 55 54 55 57 59 62 65 68 70 72 77 80 81 81 84 85 86
-9999 -9999 -9999 -9999 -9999 -9999 -9999 -9999 -9999 -9999 -9999 -9999 -9999 -9999 -9999 -9999 -9999 -9999 -9999 -9999 -9999 -9999 -9999 -9999 -9999 -9999 -9999 27 26 26 25 24 24 24 23 23 23 22 22 22 22 23 23 23 24 24 26 26 27 28 28 29 31 31 30 32 42 54 45 45 35 33 40 41 40 42 82 60 45 45 48 48 55 53 54 55 56 59 61 63 65 68 71 73 77 78 78 81 82 84
-9999 -9999 -9999 -9999 -9999 -9999 -9999 -9999 -9999 -9999 -9999 -9999 -9999 -9999 -9999 -9999 -9999 -9999 -9999 -9999 -9999 -9999 -9999 -9999 -9999 -9999 -9999 27 26 26 25 24 24 24 24 23 23 22 22 22 22 23 23 24 24 24 26 26 27 28 28 28 31 31 32 34 29 30 32 35 35 32 40 40 41 38 52 77 44 45 46 48 57 55 58 56 57 60 60 62 65 67 70 71 71 76 77 79 81 81
-9999 -9999 -9999 -9999 -9999 -9999 -9999 -9999 -9999 -9999 -9999 -9999 -9999 -9999 -9999 -9999 -9999 -9999 -9999 -9999 -9999 -9999 -9999 -9999 -9999 -9999 -9999 27 27 26 25 24 24 24 24 24 23 22 22 22 22 23 24 24 24 24 26 26 27 28 28 28 31 31 32 33 34 35 36 34 35 35 33 35 37 41 46 48 80 45 46 48 60 64 57 57 56 57 59 61 64 65 68 70 71 71 74 76 77 78
-9999 -9999 -9999 -9999 -9999 -9999 -9999 -9999 -9999 -9999 -9999 -9999 -9999 -9999 -9999 -9999 -9999 -9999 -9999 -9999 -9999 -9999 -9999 -9999 -9999 -9999 -9999 27 27 26 25 24 24 24 24 24 24 22 22 23 24 24 24 24 24 24 26 26 27 28 28 28 31 31 32 33 34 35 36 37 37 39 40 50 42 41 44 50 53 73 46 48 56 75 74 70 60 63 61 62 62 65 67 69 70 71 71 73 74 74
-9999 -9999 -9999 -9999 -9999 -9999 -9999 -9999 -9999 -9999 -9999 -9999 -9999 -9999 -9999 -9999 -9999 -9999 -9999 -9999 -9999 -9999 -9999 -9999 -9999 -9999 -9999 27 27 27 25 25 24 24 24 24 24 24 24 23 24 24 24 24 24 25 26 26 27 28 28 28 31 31 31 33 33 35 35 36 37 37 34 33 44 43 46 49 53 57 59 66 60 66 82 63 62 66 65 62 66 64 65 66 67 68 70 69 71 71
-9999 -9999 -9999 -9999 -9999 -9999 -9999 -9999 -9999 -9999 -9999 -9999 -9999 -9999 -9999 -9999 -9999 -9999 -9999 -9999 -9999 -9999 -9999 -9999 -9999 -9999 28 28 -9999 27 25 25 24 24 24 24 24 24 24 24 25 25 24 24 25 26 26 26 27 28 28 28 31 31 32 32 33 35 35 36 37 37 40 37 36 46 42 50 53 61 59 81 78 82 90 71 62 64 80 76 73 74 65 66 67 66 66 69 69 69
-9999 -9999 -9999 -9999 -9999 -9999 -9999 -9999 -9999 -9999 -9999 -9999 -9999 -9999 -9999 -9999 -9999 -9999 -9999 -9999 -9999 -9999 -9999 -9999 -9999 -9999 28 28 27 27 26 26 25 24 24 24 24 24 24 24 25 25 25 25 25 26 26 26 27 28 28 28 31 31 31 32 33 34 35 31 34 33 39 40 37 36 42 39 42 41 46 53 49 93 104 102 93 104 105 102 88 79 69 65 66 67 67 69 69 66
-9999 -9999 -9999 -9999 -9999 -9999 -9999 -9999 -9999 -9999 -9999 -9999 -9999 -9999 -9999 -9999 -9999 -9999 -9999 -9999 -9999 -9999 -9999 -9999 29 29 28 28 27 27 26 26 26 24 24 24 24 24 24 24 25 25 25 25 25 26 26 27 27 28 28 28 31 31 31 32 33 34 35 34 37 37 37 39 40 40 39 38 42 45 46 45 47 52 64 121 116 112 119 131 106 76 66 67 67 68 67 66 66 66
-9999 -9999 -9999 -9999 -9999 -9999 -9999 -9999 -9999 -9999 -9999 -9999 -9999 -9999 -9999 -9999 -9999 -9999 -9999 -9999 -9999 -9999 -9999 -9999 -9999 29 29 28 28 27 26 26 26 26 24 24 24 24 24 25 25 25 25 25 25 26 27 27 28 28 28 30 31 31 32 32 33 34 34 35 37 37 38 39 39 41 37 39 41 44 56 78 57 56 62 62 93 119 107 115 100 100 78 70 74 68 66 66 67 68
-9999 -9999 -9999 -9999 -9999 -9999 -9999 -9999 -9999 -9999 -9999 -9999 -9999 -9999 -9999 -9999 -9999 -9999 -9999 -9999 -9999 -9999 -9999 -9999 -9999 29 29 29 28 27 26 26 26 26 26 25 24 24 24 25 25 25 25 25 26 27 27 27 28 28 28 30 31 31 32 32 33 34 34 35 37 37 38 39 38 41 40 39 41 45 56 103 115 88 76 68 83 96 107 111 116 115 93 74 72 68 68 68 66 67
-9999 -9999 -9999 -9999 -9999 -9999 -9999 -9999 -9999 -9999 -9999 -9999 -9999 -9999 -9999 -9999 -9999 -9999 -9999 -9999 -9999 -9999 -9999 -9999 -9999 -9999 29 29 28 27 26 26 26 26 26 26 25 25 25 26 26 26 26 26 27 27 27 27 28 28 29 31 31 31 32 32 33 34 34 35 37 37 38 38 39 40 40 41 40 45 60 86 123 130 109 76 71 89 112 121 122 99 90 74 80 74 68 68 66 64
-9999 -9999 -9999 -9999 -9999 -9999 -9999 -9999 -9999 -9999 -9999 -9999 -9999 -9999 -9999 -9999 -9999 -9999 -9999 -9999 -9999 -9999 -9999 -9999 -9999 -9999 -9999 29 27 27 26 26 26 26 26 26 26 25 26 26 26 26 26 26 27 27 27 28 28 29 29 31 31 31 32 32 33 34 34 34 37 37 38 38 39 40 40 40 41 40 46 62 115 129 125 117 92 101 101 109 111 112 108 89 82 70 76 72 66 68
-9999 -9999 -9999 -9999 -9999 -9999 -9999 -9999 -9999 -9999 -9999 -9999 -9999 -9999 -9999 -9999 -9999 -9999 -9999 -9999 -9999 -9999 -9999 -9999 -9999 -9999 -9999 -9999 27 27 27 27 26 26 26 26 26 26 27 27 26 26 26 27 27 27 28 29 29 29 31 31 31 31 32 32 34 34 34 35 37 36 36 38 39 39 38 40 40 39 42 60 83 113 131 129 115 104 98 96 106 98 113 101 96 82 76 82 66 67
-9999 -9999 -9999 -9999 -9999 -9999 -9999 -9999 -9999 -9999 -9999 -9999 -9999 -9999 -9999 -9999 -9999 -9999 -9999 -9999 -9999 -9999 -9999 -9999 -9999 -9999 -9999 -9999 29 29 28 27 27 26 26 25 26 26 25 26 26 26 27 28 28 28 29 29 29 29 31 31 31 32 32 32 34 34 34 35 37 36 38 38 36 37 38 39 40 40 46 50 65 90 125 131 131 125 101 97 92 100 109 98 96 97 75 68 66 68
-9999 -9999 -9999 -9999 -9999 -9999 -9999 -9999 -9999 -9999 -9999 -9999 -9999 -9999 -9999 -9999 -9999 -9999 -9999 -9999 -9999 -9999 -9999 -9999 -9999 -9999 -9999 -9999 -9999 28 29 30 29 28 27 26 25 26 26 26 26 27 27 28 28 28 29 29 29 31 31 31 31 32 32 33 34 34 34 35 36 37 38 38 39 37 39 40 40 40 42 47 60 97 115 122 133 133 100 106 101 97 101 104 85 79 81 69 64 66
-9999 -9999 -9999 -9999 -9999 -9999 -9999 -9999 -9999 -9999 -9999 -9999 -9999 -9999 -9999 -9999 -9999 -9999 -9999 -9999 -9999 -9999 -9999 -9999 -9999 -9999 -9999 -9999 -9999 -9999 28 29 30 30 30 29 26 26 26 26 26 27 27 28 28 28 29 29 30 31 31 31 32 32 32 33 34 34 34 35 36 37 38 38 39 39 39 40 40 40 40 43 61 85 109 101 112 129 122 97 92 94 95 82 73 71 71 69 80 117
-9999 -9999 -9999 -9999 -9999 -9999 -9999 -9999 -9999 -9999 -9999 -9999 -9999 -9999 -9999 -9999 -9999 -9999 -9999 -9999 -9999 -9999 -9999 -9999 -9999 -9999 -9999 -9999 -9999 -9999 -9999 28 28 30 33 31 30 29 28 27 27 27 28 28 28 29 29 30 31 31 31 31 32 32 33 34 34 34 35 35 36 37 37 38 39 37 39 40 40 40 40 42 44 65 85 68 85 124 131 106 106 97 97 78 87 81 79 89 97 116
-9999 -9999 -9999 -9999 -9999 -9999 -9999 -9999 -9999 -9999 -9999 -9999 -9999 -9999 -9999 -9999 -9999 -9999 -9999 -9999 -9999 -9999 -9999 -9999 -9999 -9999 -9999 -9999 -9999 -9999 -9999 -9999 -9999 28 28 30 30 30 28 28 28 29 28 29 28 29 29 29 31 31 31 32 32 33 33 34 34 34 35 36 36 37 37 38 39 37 40 40 40 41 44 49 46 45 45 71 103 115 130 128 109 99 88 75 99 105 102 99 87 82
-9999 -9999 -9999 -9999 -9999 -9999 -9999 -9999 -9999 -9999 -9999 -9999 -9999 -9999 -9999 -9999 -9999 -9999 -9999 -9999 -9999 -9999 -9999 -9999 -9999 -9999 -9999 -9999 -9999 -9999 -9999 -9999 -9999 -9999 -9999 -9999 29 28 28 28 29 30 30 30 29 31 31 32 32 30 31 32 32 33 34 34 34 35 35 36 37 37 37 37 38 40 40 40 42 46 49 46 45 53 45 54 81 107 115 118 109 93 86 86 102 118 111 99 83 87
-9999 -9999 -9999 -9999 -9999 -9999 -9999 -9999 -9999 -9999 -9999 -9999 -9999 -9999 -9999 -9999 -9999 -9999 -9999 -9999 -9999 -9999 -9999 -9999 -9999 -9999 -9999 -9999 -9999 -9999 -9999 -9999 -9999 -9999 -9999 -9999 29 29 29 32 32 32 30 32 30 32 33 36 36 35 33 33 33 33 34 34 34 35 36 36 37 37 37 38 38 39 40 41 40 43 46 44 44 48 48 48 57 78 96 80 97 106 86 87 97 118 106 99 93 102
-9999 -9999 -9999 -9999 -9999 -9999 -9999 -9999 -9999 -9999 -9999 -9999 -9999 -9999 -9999 -9999 -9999 -9999 -9999 -9999 -9999 -9999 -9999 -9999 -9999 -9999 -9999 -9999 -9999 -9999 -9999 -9999 -9999 -9999 -9999 -9999 29 31 30 30 32 30 30 32 32 32 33 37 39 36 36 35 33 34 34 34 34 35 36 36 37 37 37 38 38 39 40 40 41 41 41 41 51 54 47 46 50 60 101 67 87 102 104 95 98 111 113 116 107 111
