test/testdata/Hispaniola_WorldClim/snv_11.asc
ncols         743
nrows         319
xllcorner     -74.500956448335
yllcorner     17.448920549066
cellsize      0.0083333333333333
NODATA_value  -9999
[rows 117 to 155 of 319, columns 528 to 615 of 743]
243 243 240 238 239 243 243 242 241 241 242 242 243 242 242 242 242 242 242 242 243 243 243 244 244 244 244 244 244 244 244 244 244 244 244 244 244 244 244 245 245 244 245 245 245 245 245 245 245 245 245 245 245 245 245 246 -9999 -9999 -9999 -9999 -9999 -9999 -9999 -9999 -9999 -9999 -9999 -9999 -9999 -9999 -9999 -9999 -9999 -9999 -9999 -9999 -9999 -9999 -9999 -9999 -9999 -9999 -9999 -9999 -9999 -9999 -9999 -9999
238 238 238 237 237 239 239 240 236 236 236 236 236 237 234 234 236 237 240 243 242 243 243 243 243 244 244 244 244 244 244 244 244 244 244 243 244 244 245 244 245 245 245 245 245 245 245 245 245 245 245 244 245 245 245 245 -9999 -9999 -9999 -9999 -9999 -9999 -9999 -9999 -9999 -9999 -9999 -9999 -9999 -9999 -9999 -9999 -9999 -9999 -9999 -9999 -9999 -9999 -9999 -9999 -9999 -9999 -9999 -9999 -9999 -9999 -9999 -9999
239 239 237 236 237 238 236 237 237 236 235 233 236 236 236 235 235 235 235 243 243 238 236 236 236 237 235 238 244 244 244 244 244 244 244 244 244 243 245 245 244 245 245 245 245 245 245 245 245 245 245 245 245 245 244 -9999 -9999 -9999 -9999 -9999 -9999 -9999 -9999 -9999 -9999 -9999 -9999 -9999 -9999 -9999 -9999 -9999 -9999 -9999 -9999 -9999 -9999 -9999 -9999 -9999 -9999 -9999 -9999 -9999 -9999 -9999 -9999 -9999
242 238 237 236 236 237 237 237 237 236 235 235 235 236 237 235 235 235 233 234 243 243 243 236 236 236 237 237 235 235 238 239 239 241 242 240 239 239 241 245 245 244 245 245 245 245 245 245 245 245 245 245 245 243 245 -9999 -9999 -9999 -9999 -9999 -9999 -9999 -9999 -9999 -9999 -9999 -9999 -9999 -9999 -9999 -9999 -9999 -9999 -9999 -9999 -9999 -9999 -9999 -9999 -9999 -9999 244 245 -9999 -9999 -9999 -9999 -9999
242 241 239 237 236 236 236 235 237 236 234 234 234 234 236 235 234 233 233 233 233 233 243 243 243 233 235 236 235 234 235 234 235 233 234 235 236 236 235 238 238 237 241 244 241 245 245 242 245 245 241 239 242 242 240 -9999 -9999 -9999 -9999 -9999 -9999 -9999 -9999 -9999 -9999 -9999 -9999 -9999 -9999 -9999 -9999 -9999 -9999 -9999 -9999 -9999 -9999 -9999 -9999 243 244 243 244 243 244 -9999 -9999 -9999
241 242 238 237 237 237 236 237 239 238 236 235 235 236 236 237 235 234 234 233 232 233 233 239 236 232 232 233 234 235 233 234 234 234 233 234 234 234 233 234 233 233 234 236 237 236 236 236 236 235 239 239 239 237 241 244 -9999 -9999 -9999 -9999 -9999 -9999 -9999 245 244 245 -9999 -9999 -9999 -9999 244 245 245 -9999 -9999 -9999 -9999 -9999 -9999 244 244 244 244 244 243 243 -9999 -9999
241 241 238 237 236 236 234 233 236 237 236 236 241 241 236 235 237 237 235 234 233 232 232 242 232 231 232 231 233 234 233 233 233 231 233 233 233 232 231 233 233 232 233 233 233 234 233 233 236 235 235 236 237 237 238 238 245 243 242 246 246 240 239 239 240 241 241 242 243 238 237 241 243 245 244 244 244 -9999 -9999 243 243 244 244 243 243 243 -9999 -9999
241 241 239 238 238 236 236 235 235 236 236 240 240 235 237 240 239 237 234 234 234 232 233 242 232 231 231 232 232 232 231 232 232 231 231 232 232 231 231 231 232 231 231 232 232 233 232 232 233 233 232 235 237 237 237 235 236 238 236 235 234 236 235 235 236 236 237 237 242 238 236 237 238 240 240 242 241 244 243 243 244 244 243 243 243 243 -9999 -9999
241 241 242 242 238 237 236 234 235 236 239 239 240 236 238 238 238 238 235 234 237 235 237 242 232 231 231 232 231 231 230 231 231 231 231 230 229 229 229 230 232 231 229 230 232 233 232 233 232 232 232 233 235 239 234 234 234 235 235 235 232 234 234 235 235 234 234 234 234 233 233 233 233 234 235 234 240 244 243 243 244 243 242 243 243 243 243 -9999
241 242 242 241 240 237 236 236 235 237 239 239 239 238 239 238 238 237 237 233 233 234 242 242 231 230 229 229 229 230 230 229 230 230 230 229 229 229 228 228 229 230 229 229 229 230 231 232 231 231 232 233 233 231 232 234 232 233 232 232 230 232 232 234 234 233 233 231 232 233 233 233 233 234 235 235 237 241 243 244 244 243 242 243 242 243 243 243
241 242 241 240 240 239 237 236 236 239 239 239 236 238 238 239 238 236 233 233 232 234 242 242 231 231 230 228 229 229 228 228 229 230 230 228 229 228 228 227 228 227 228 228 228 228 229 231 231 231 232 232 232 232 231 230 230 232 231 229 230 232 233 232 233 231 232 232 231 232 231 231 232 232 234 237 234 236 234 234 242 243 243 242 242 243 243 243
241 241 241 240 240 238 237 236 237 237 237 238 238 238 239 238 237 237 234 235 234 241 241 242 231 229 229 229 229 228 226 228 229 228 227 227 227 227 226 226 227 227 227 228 228 228 229 231 228 229 231 230 232 231 231 230 229 229 230 229 228 230 231 230 231 231 231 231 231 231 231 231 232 232 235 237 235 233 236 237 238 242 242 243 242 241 242 242
240 240 240 240 240 240 237 235 236 237 237 237 238 237 238 239 234 237 232 234 239 241 241 239 231 229 230 229 228 227 226 227 228 228 227 228 227 226 226 225 224 226 227 227 227 228 227 229 228 229 228 228 229 231 228 228 228 227 227 227 229 230 230 230 229 229 229 230 232 231 231 230 231 232 233 234 234 236 238 238 238 242 241 242 241 242 241 239
240 240 240 237 241 240 237 234 233 236 237 237 237 238 238 238 236 235 232 235 241 241 241 238 234 231 231 229 227 228 229 228 227 227 226 226 225 225 224 224 224 225 226 225 225 227 227 228 227 226 228 227 227 229 228 227 226 228 228 227 229 227 228 228 228 229 229 230 232 232 230 230 230 230 232 234 235 234 233 235 237 239 238 241 242 242 241 239
240 239 239 238 239 240 238 237 230 232 233 236 237 237 238 237 236 234 233 236 241 241 241 241 235 235 231 230 229 229 228 227 227 226 226 226 225 224 224 224 224 224 224 224 225 225 225 226 225 226 225 224 226 227 226 224 225 225 226 227 226 226 229 226 227 227 227 228 229 230 231 230 229 231 231 233 234 234 234 236 235 235 235 241 242 242 242 239
239 239 239 239 240 240 238 237 233 228 233 237 237 238 237 237 235 234 236 241 241 241 239 240 240 234 230 229 229 229 226 227 226 226 226 225 224 224 224 223 223 224 224 225 225 225 223 224 224 224 223 224 224 226 224 222 223 223 224 226 226 225 226 226 226 226 226 227 228 228 229 231 230 231 231 232 232 229 230 233 237 239 239 241 242 242 241 242
239 238 239 240 240 239 237 235 232 220 229 235 235 237 236 236 235 234 239 240 240 240 238 235 235 236 231 229 229 228 228 226 226 226 225 225 225 224 224 223 223 223 222 223 225 225 224 223 223 224 223 223 223 223 223 222 221 222 223 224 223 226 226 225 226 225 226 227 226 227 227 228 230 230 230 230 231 229 226 235 240 240 242 242 242 241 241 241
236 238 238 239 239 238 238 235 225 217 218 232 235 236 235 235 235 235 238 239 239 240 240 233 234 233 230 232 229 228 226 225 225 225 226 224 223 224 224 223 224 221 222 223 224 225 225 223 223 223 222 223 223 223 222 220 220 221 222 223 222 222 223 223 223 225 225 225 225 227 227 228 229 228 229 229 229 229 229 234 240 241 242 242 241 241 241 240
236 238 239 240 236 233 237 236 233 222 218 229 235 236 232 234 235 238 234 232 240 238 237 234 231 232 230 231 231 226 226 225 227 226 224 225 223 223 224 223 223 223 223 223 224 225 225 223 224 222 222 223 223 223 221 221 220 222 221 221 222 222 223 223 223 223 224 223 224 227 227 227 227 229 228 228 228 229 233 237 240 240 242 241 240 240 241 241
236 237 239 236 228 222 235 235 222 209 222 233 235 234 233 234 234 237 239 237 240 240 239 238 237 232 231 229 228 227 226 226 227 225 226 224 224 223 223 223 222 223 222 222 222 223 223 224 223 223 222 222 222 223 222 221 220 220 220 221 221 221 223 222 222 223 223 224 224 223 226 226 226 228 226 225 227 236 238 239 241 241 238 239 241 241 241 241
237 237 238 238 231 223 221 233 218 203 215 226 234 234 231 234 235 233 239 238 240 240 240 238 235 230 230 229 228 229 226 226 225 226 225 225 224 223 222 223 224 223 223 223 223 223 223 223 221 223 222 222 221 222 222 220 221 220 221 220 221 222 222 222 222 222 223 223 222 223 224 224 224 227 227 226 227 236 228 236 239 239 231 239 240 239 239 239
238 238 238 237 235 234 227 226 221 214 209 219 230 231 231 231 233 234 238 238 239 239 239 238 239 229 230 230 229 228 227 226 225 224 225 224 223 224 224 224 224 222 223 222 223 222 223 223 222 224 221 221 222 221 222 220 220 220 220 219 220 221 221 221 222 222 222 222 222 222 223 224 224 225 224 225 226 233 227 234 239 239 233 238 240 240 239 239
237 238 238 237 235 235 228 222 221 219 214 214 219 227 231 229 228 233 234 240 240 239 235 239 239 229 231 232 230 229 228 228 225 224 224 224 223 222 222 225 225 222 223 222 223 223 223 224 223 223 222 221 221 221 221 220 219 221 220 220 219 221 220 221 221 221 221 221 221 222 222 222 225 224 223 223 225 226 226 226 237 237 234 238 240 240 239 240
236 235 238 238 235 235 230 222 219 221 220 221 227 226 227 235 229 234 237 239 239 236 231 237 236 232 231 231 231 229 226 226 226 226 225 224 223 224 223 224 228 225 224 223 223 223 224 224 222 222 222 223 221 222 221 220 220 221 219 219 220 221 221 219 219 220 223 222 221 223 222 222 223 223 223 223 224 225 225 225 225 225 225 237 239 239 239 238
234 236 236 237 237 230 232 229 225 221 216 221 227 229 234 236 236 236 237 239 233 226 227 229 227 231 230 230 231 230 226 226 229 231 227 226 226 221 226 226 226 226 225 224 224 224 223 224 224 223 222 224 225 223 221 222 220 222 220 219 219 219 219 221 220 221 221 221 221 222 221 221 220 223 222 222 223 224 225 224 224 224 225 230 236 238 238 237
234 236 235 237 237 235 233 231 224 221 217 229 233 236 236 237 238 237 239 237 232 224 226 225 228 227 226 226 232 232 231 227 231 231 230 230 222 222 226 228 229 227 225 225 225 225 224 223 223 223 223 224 226 227 224 223 223 220 221 220 220 222 224 223 223 221 221 220 221 221 221 221 221 221 221 222 223 223 224 223 223 223 224 223 225 228 237 235
234 232 235 236 234 237 234 230 229 223 221 225 233 235 236 238 237 238 237 236 235 227 227 229 233 233 232 229 232 231 230 231 232 233 230 229 223 227 227 227 229 229 227 226 226 227 226 224 223 224 226 225 229 228 229 226 225 222 222 224 226 228 227 222 222 220 221 220 220 220 220 220 220 219 220 221 221 222 222 221 221 221 222 222 223 222 231 233
233 234 236 229 233 235 232 234 233 231 230 227 232 236 235 236 237 237 237 236 228 219 222 225 232 236 236 231 234 232 233 233 227 228 228 224 222 224 227 227 231 233 226 227 227 227 226 226 225 226 228 229 229 227 229 228 228 228 228 228 229 228 222 222 221 220 220 218 215 218 219 217 220 221 221 221 221 222 222 221 221 220 221 220 221 222 223 229
234 233 232 230 233 232 229 229 230 234 235 229 230 234 236 236 237 237 237 236 229 222 228 228 237 237 226 232 232 233 232 232 229 225 225 223 220 222 224 229 227 232 227 227 228 228 228 228 225 228 228 229 229 228 229 229 229 229 229 228 228 225 223 223 223 221 220 217 216 220 220 220 221 221 221 221 221 221 221 220 220 220 220 221 221 221 220 220
229 227 228 228 231 232 231 229 228 235 236 233 231 235 236 236 236 236 234 233 226 223 227 229 239 236 228 224 221 232 229 227 222 226 225 224 217 220 224 228 228 233 228 228 230 229 229 230 229 228 228 229 230 230 229 229 228 229 229 227 229 225 224 224 222 221 222 222 222 222 222 222 221 222 222 221 220 221 221 220 220 220 220 221 222 221 221 220
228 229 230 231 230 231 235 236 233 232 236 237 234 235 235 236 236 231 228 231 229 226 233 235 237 237 236 229 222 227 226 220 212 221 218 222 224 228 226 226 233 238 234 233 231 231 231 231 229 230 229 230 231 229 230 229 226 229 229 229 226 224 227 225 224 224 222 224 224 222 222 223 222 222 222 221 221 221 221 220 219 221 221 224 223 222 219 221
227 230 230 228 231 234 234 236 232 235 237 237 238 237 236 237 232 229 231 234 234 228 234 236 236 239 237 233 227 220 226 219 225 218 213 219 224 227 235 236 236 239 236 236 232 232 234 234 227 230 231 231 231 231 230 226 224 228 231 229 227 226 226 226 225 224 224 224 223 223 223 223 223 223 223 222 221 222 221 221 214 220 224 224 224 224 223 222
221 222 228 224 224 228 236 237 236 236 237 238 240 239 238 236 230 233 235 234 236 235 235 235 237 237 239 231 230 227 227 220 235 233 224 225 226 232 236 238 239 239 238 239 235 233 237 237 232 230 230 230 232 232 231 226 227 230 231 230 229 228 230 229 226 224 225 224 223 224 224 224 223 223 224 223 223 223 222 222 220 216 222 224 225 224 223 222
227 230 227 227 225 234 235 237 239 239 239 240 240 241 239 238 236 236 236 237 236 236 238 237 238 237 239 236 230 234 236 225 233 237 236 232 235 236 238 240 240 239 240 239 235 234 238 236 231 231 229 233 234 232 231 230 229 232 231 231 231 230 229 227 227 225 224 225 227 225 226 225 224 224 225 225 224 223 224 225 223 219 222 225 225 224 223 229
232 232 231 231 233 236 237 237 238 240 237 237 236 237 238 240 239 237 237 239 237 238 238 239 240 238 239 237 237 238 238 236 236 238 237 237 237 237 237 239 240 240 240 235 236 237 239 238 234 233 232 234 234 232 233 233 229 231 232 233 232 231 231 227 227 227 226 226 227 228 227 227 226 226 226 226 226 225 225 225 226 224 224 226 225 224 224 226
234 233 236 236 236 234 236 238 237 236 234 236 236 235 237 240 237 237 238 239 238 239 239 239 239 238 238 239 240 239 239 236 237 239 239 239 238 237 237 237 241 238 236 233 236 240 238 236 234 235 234 235 235 234 235 233 231 230 234 233 233 233 231 227 231 230 229 228 228 228 229 228 228 228 227 226 227 226 225 227 226 226 222 223 224 224 223 222
236 236 237 238 236 237 236 238 237 236 234 232 237 230 236 241 241 241 241 238 241 240 240 240 240 240 241 240 240 240 239 238 239 240 240 238 238 239 239 238 241 241 239 240 239 237 235 233 235 236 236 235 236 235 233 228 225 228 235 234 234 234 233 234 232 229 228 230 228 228 230 230 230 229 230 229 227 226 230 228 226 223 222 223 224 224 218 217
233 230 234 236 232 235 237 237 237 236 235 235 239 236 236 234 241 241 242 240 240 240 240 240 240 240 239 239 241 240 240 240 240 240 240 240 239 239 240 238 239 241 241 241 239 236 235 238 237 238 237 235 237 238 238 234 233 226 237 235 236 235 233 234 235 232 231 228 226 227 228 231 231 229 228 227 226 226 230 229 223 228 226 229 224 223 225 228
233 235 236 237 232 230 237 235 236 236 233 235 240 240 240 241 241 242 241 241 241 240 240 240 241 240 240 240 240 240 240 241 240 240 240 240 240 241 241 240 240 241 242 241 240 235 234 236 240 240 240 238 239 237 239 237 234 236 237 237 237 236 235 234 235 229 227 225 224 226 228 230 232 228 224 225 225 230 232 228 223 229 229 230 228 227 228 229
