test/testdata/Hispaniola_WorldClim/snv_4.asc
ncols         743
nrows         319
xllcorner     -74.500956448335
yllcorner     17.448920549066
cellsize      0.0083333333333333
NODATA_value  -9999
[rows 144 to 179 of 319, columns 656 to 737 of 743]
1329 1268 1234 1221 1232 1321 1259 1272 1288 1303 1295 1300 1280 1276 1331 1310 1314 1288 1261 1303 1359 1316 1304 1277 1267 1278 1257 1302 1262 1277 1312 1314 1289 1296 1257 1299 1275 1268 1266 1237 1258 1244 1235 -9999 -9999 -9999 -9999 -9999 -9999 -9999 -9999 -9999 -9999 -9999 -9999 -9999 -9999 -9999 -9999 -9999 -9999 -9999 -9999 -9999 -9999 -9999 -9999 -9999 -9999 -9999 -9999 -9999 -9999 -9999 -9999 -9999 -9999 -9999 -9999 -9999 -9999 -9999
1303 1288 1266 1265 1267 1298 1274 1322 1276 1278 1290 1302 1289 1291 1314 1321 1293 1344 1316 1318 1331 1333 1309 1262 1293 1311 1287 1303 1257 1298 1288 1287 1278 1256 1257 1283 1249 1266 1269 1275 1246 1240 1248 1242 1241 -9999 -9999 -9999 -9999 -9999 -9999 -9999 -9999 -9999 -9999 -9999 -9999 -9999 -9999 -9999 -9999 -9999 -9999 -9999 -9999 -9999 -9999 -9999 -9999 -9999 -9999 -9999 -9999 -9999 -9999 -9999 -9999 -9999 -9999 -9999 -9999 -9999
1329 1317 1312 1303 1293 1326 1345 1321 1333 1329 1287 1289 1320 1305 1310 1320 1304 1329 1306 1327 1326 1327 1319 1296 1298 1290 1283 1298 1275 1281 1294 1260 1297 1272 1245 1263 1291 1250 1237 1274 1243 1243 1249 1255 1238 1243 -9999 -9999 -9999 -9999 -9999 -9999 -9999 -9999 -9999 -9999 -9999 -9999 -9999 -9999 -9999 -9999 -9999 -9999 -9999 -9999 -9999 -9999 -9999 -9999 -9999 -9999 -9999 -9999 -9999 -9999 -9999 -9999 -9999 -9999 -9999 -9999
1333 1320 1322 1334 1319 1293 1313 1326 1317 1323 1283 1319 1270 1338 1285 1326 1323 1306 1319 1327 1320 1305 1299 1303 1305 1305 1303 1280 1278 1311 1286 1296 1270 1246 1273 1307 1287 1284 1255 1239 1259 1237 1238 1256 1244 1247 1246 -9999 -9999 -9999 -9999 -9999 -9999 -9999 -9999 -9999 -9999 -9999 -9999 -9999 -9999 -9999 -9999 -9999 -9999 -9999 -9999 -9999 -9999 -9999 -9999 -9999 -9999 -9999 -9999 -9999 -9999 -9999 -9999 -9999 -9999 -9999
1282 1320 1325 1315 1315 1328 1328 1323 1322 1335 1324 1322 1309 1332 1279 1325 1296 1292 1316 1320 1328 1341 1302 1310 1324 1309 1330 1339 1298 1290 1285 1290 1293 1258 1268 1283 1268 1295 1270 1263 1269 1279 1240 1268 1244 1255 1243 -9999 -9999 -9999 -9999 -9999 -9999 -9999 -9999 -9999 -9999 -9999 -9999 -9999 -9999 -9999 -9999 -9999 -9999 -9999 -9999 -9999 -9999 -9999 -9999 -9999 -9999 -9999 -9999 -9999 -9999 -9999 -9999 -9999 -9999 -9999
1303 1323 1283 1330 1293 1271 1330 1305 1295 1310 1330 1324 1287 1268 1338 1292 1336 1332 1275 1300 1331 1343 1298 1316 1341 1314 1310 1294 1327 1286 1259 1307 1258 1240 1298 1302 1290 1272 1265 1262 1270 1258 1258 1259 1244 1246 1241 1247 -9999 -9999 -9999 -9999 -9999 -9999 -9999 -9999 -9999 -9999 -9999 -9999 -9999 -9999 -9999 -9999 -9999 -9999 -9999 -9999 -9999 -9999 -9999 -9999 -9999 -9999 -9999 -9999 -9999 -9999 -9999 -9999 -9999 -9999
1292 1307 1302 1312 1280 1276 1272 1309 1284 1310 1310 1294 1296 1309 1314 1319 1325 1317 1337 1314 1313 1312 1301 1307 1305 1339 1303 1314 1319 1299 1280 1258 1301 1291 1280 1262 1287 1259 1242 1263 1268 1246 1240 1251 1233 1247 1249 1232 1238 -9999 -9999 -9999 -9999 -9999 -9999 -9999 -9999 -9999 -9999 -9999 -9999 -9999 -9999 -9999 -9999 -9999 -9999 -9999 -9999 -9999 -9999 -9999 -9999 -9999 -9999 -9999 -9999 -9999 -9999 -9999 -9999 -9999
1301 1333 1307 1264 1300 1277 1303 1274 1312 1285 1275 1265 1302 1296 1308 1293 1326 1270 1317 1331 1300 1251 1297 1312 1293 1317 1317 1308 1329 1296 1297 1251 1285 1269 1284 1276 1299 1264 1281 1264 1234 1251 1259 1245 1249 1248 1228 1224 1238 1256 -9999 -9999 -9999 -9999 -9999 -9999 -9999 -9999 -9999 -9999 -9999 -9999 -9999 -9999 -9999 -9999 -9999 -9999 -9999 -9999 -9999 -9999 -9999 -9999 -9999 -9999 -9999 -9999 -9999 -9999 -9999 -9999
1309 1303 1259 1304 1280 1292 1299 1268 1290 1302 1316 1267 1290 1325 1303 1264 1335 1320 1289 1320 1304 1274 1296 1314 1320 1323 1322 1331 1262 1294 1270 1276 1297 1266 1279 1262 1282 1263 1256 1271 1259 1282 1275 1271 1254 1236 1251 1246 1231 1239 1227 -9999 -9999 -9999 -9999 -9999 -9999 -9999 -9999 -9999 -9999 -9999 -9999 -9999 -9999 -9999 -9999 -9999 -9999 -9999 -9999 -9999 -9999 -9999 -9999 -9999 -9999 -9999 -9999 -9999 -9999 -9999
1266 1302 1273 1299 1273 1303 1324 1310 1280 1311 1255 1305 1310 1321 1311 1268 1301 1321 1270 1292 1294 1328 1326 1291 1322 1330 1326 1316 1295 1297 1319 1303 1287 1266 1320 1343 1289 1281 1252 1257 1274 1262 1261 1260 1260 1274 1250 1221 1222 1222 1236 1242 -9999 -9999 -9999 -9999 -9999 -9999 -9999 -9999 -9999 -9999 -9999 -9999 -9999 -9999 -9999 -9999 -9999 -9999 -9999 -9999 -9999 -9999 -9999 -9999 -9999 -9999 -9999 -9999 -9999 -9999
1308 1304 1261 1276 1313 1285 1289 1285 1252 1293 1325 1329 1274 1295 1323 1306 1344 1313 1261 1287 1318 1303 1324 1273 1301 1321 1338 1331 1327 1320 1287 1257 1273 1307 1296 1290 1263 1281 1257 1274 1270 1269 1256 1252 1255 1245 1237 1237 1229 1222 1236 1251 1232 -9999 -9999 -9999 -9999 -9999 -9999 -9999 -9999 -9999 -9999 -9999 -9999 -9999 -9999 -9999 -9999 -9999 -9999 -9999 -9999 -9999 -9999 -9999 -9999 -9999 -9999 -9999 -9999 -9999
1273 1269 1287 1291 1262 1260 1265 1287 1287 1260 1297 1302 1324 1284 1300 1288 1258 1323 1316 1290 1266 1330 1325 1308 1311 1295 1317 1322 1286 1337 1277 1290 1257 1301 1338 1317 1303 1286 1287 1256 1263 1281 1271 1219 1235 1255 1237 1240 1240 1227 1239 1244 1206 1245 1255 -9999 -9999 -9999 -9999 -9999 -9999 -9999 -9999 -9999 -9999 -9999 -9999 -9999 -9999 -9999 -9999 -9999 -9999 -9999 -9999 -9999 -9999 -9999 -9999 -9999 -9999 -9999
1244 1284 1254 1337 1303 1296 1290 1298 1263 1325 1282 1290 1305 1319 1286 1337 1251 1323 1306 1327 1264 1285 1332 1306 1318 1326 1308 1332 1331 1313 1291 1280 1291 1306 1316 1339 1325 1307 1285 1249 1280 1246 1249 1265 1235 1232 1251 1263 1249 1228 1236 1222 1213 1224 1229 1239 -9999 -9999 -9999 -9999 -9999 -9999 -9999 -9999 -9999 -9999 -9999 -9999 -9999 -9999 -9999 -9999 -9999 -9999 -9999 -9999 -9999 -9999 -9999 -9999 -9999 -9999
1253 1308 1273 1293 1295 1285 1291 1299 1264 1314 1296 1315 1290 1303 1327 1253 1284 1311 1305 1257 1334 1313 1321 1298 1318 1334 1337 1326 1341 1288 1306 1280 1299 1320 1308 1282 1281 1286 1296 1261 1258 1275 1245 1235 1246 1245 1274 1256 1246 1249 1235 1234 1213 1233 1222 1229 -9999 -9999 -9999 -9999 -9999 -9999 -9999 -9999 -9999 -9999 -9999 -9999 -9999 -9999 -9999 -9999 -9999 -9999 -9999 -9999 -9999 -9999 -9999 -9999 -9999 -9999
1286 1282 1253 1261 1266 1274 1292 1286 1284 1311 1279 1301 1319 1297 1327 1313 1298 1328 1277 1336 1279 1324 1308 1310 1331 1300 1330 1312 1301 1323 1278 1260 1322 1327 1312 1290 1293 1286 1288 1276 1243 1258 1243 1219 1263 1241 1274 1234 1206 1240 1257 1239 1219 1231 1215 1229 1240 -9999 -9999 -9999 -9999 -9999 -9999 -9999 -9999 -9999 -9999 -9999 -9999 -9999 -9999 -9999 -9999 -9999 -9999 -9999 -9999 -9999 -9999 -9999 -9999 -9999
1268 1280 1280 1292 1308 1310 1324 1304 1304 1296 1300 1290 1277 1289 1308 1315 1287 1306 1279 1245 1323 1320 1317 1312 1331 1310 1309 1323 1287 1304 1324 1291 1308 1327 1302 1303 1277 1263 1262 1253 1285 1283 1243 1251 1249 1274 1239 1282 1229 1245 1266 1260 1236 1231 1224 1235 1226 1216 1207 -9999 -9999 -9999 -9999 -9999 -9999 -9999 -9999 -9999 -9999 -9999 -9999 -9999 -9999 -9999 -9999 -9999 -9999 -9999 -9999 -9999 -9999 -9999
1264 1276 1287 1299 1255 1291 1317 1298 1330 1344 1304 1279 1302 1270 1305 1310 1317 1266 1274 1323 1318 1324 1336 1298 1348 1336 1324 1325 1310 1299 1331 1306 1301 1322 1299 1287 1316 1282 1287 1251 1261 1276 1273 1292 1247 1255 1254 1259 1254 1251 1210 1253 1233 1228 1233 1202 1234 1209 1219 1220 1193 1215 -9999 -9999 -9999 -9999 -9999 -9999 -9999 -9999 -9999 -9999 -9999 -9999 -9999 -9999 -9999 -9999 -9999 -9999 -9999 -9999
1247 1272 1274 1271 1281 1278 1256 1320 1305 1292 1320 1306 1294 1257 1318 1300 1261 1299 1317 1316 1323 1309 1327 1295 1303 1309 1307 1315 1297 1309 1309 1324 1327 1306 1285 1295 1310 1305 1283 1289 1262 1266 1284 1258 1255 1241 1260 1285 1266 1250 1228 1219 1234 1262 1237 1250 1245 1203 1217 1212 1224 1215 1227 -9999 -9999 -9999 -9999 -9999 -9999 -9999 -9999 -9999 -9999 -9999 -9999 -9999 -9999 -9999 -9999 -9999 -9999 -9999
1283 1269 1280 1251 1282 1300 1305 1322 1295 1321 1280 1309 1327 1321 1302 1301 1285 1312 1303 1319 1314 1323 1292 1301 1284 1284 1319 1333 1292 1273 1327 1317 1329 1317 1310 1289 1281 1289 1322 1321 1263 1275 1245 1269 1277 1294 1258 1248 1249 1250 1247 1209 1237 1229 1224 1241 1236 1238 1195 1222 1215 1182 1212 1213 -9999 -9999 -9999 -9999 -9999 -9999 -9999 -9999 -9999 -9999 -9999 -9999 -9999 -9999 -9999 -9999 -9999 -9999
1286 1284 1258 1284 1300 1270 1323 1327 1343 1266 1304 1267 1306 1306 1272 1310 1297 1305 1325 1329 1319 1299 1312 1317 1305 1308 1300 1299 1304 1286 1323 1305 1304 1288 1313 1304 1308 1311 1271 1283 1305 1301 1293 1270 1254 1251 1275 1287 1277 1218 1251 1235 1245 1221 1236 1223 1228 1243 1205 1214 1196 1185 1239 1225 1198 -9999 -9999 -9999 -9999 -9999 -9999 -9999 -9999 -9999 -9999 -9999 -9999 -9999 -9999 -9999 -9999 -9999
1279 1252 1284 1309 1291 1285 1325 1282 1304 1299 1288 1257 1274 1257 1277 1301 1301 1300 1279 1307 1312 1307 1289 1307 1302 1313 1318 1305 1301 1274 1298 1294 1294 1305 1328 1303 1311 1302 1314 1294 1302 1321 1320 1283 1269 1240 1274 1270 1271 1253 1221 1212 1252 1212 1241 1235 1226 1255 1218 1210 1195 1187 1221 1213 1198 1182 1186 -9999 -9999 -9999 -9999 -9999 -9999 -9999 -9999 -9999 -9999 -9999 -9999 -9999 -9999 -9999
1252 1276 1266 1301 1319 1300 1272 1259 1315 1309 1310 1298 1282 1290 1308 1261 1314 1300 1304 1303 1320 1301 1301 1299 1325 1305 1320 1294 1302 1299 1305 1269 1306 1318 1316 1301 1316 1305 1292 1280 1298 1319 1278 1278 1279 1318 1275 1268 1260 1259 1295 1256 1238 1222 1263 1234 1228 1228 1229 1213 1199 1189 1201 1237 1198 1188 1193 1178 1200 -9999 -9999 -9999 -9999 -9999 -9999 -9999 -9999 -9999 -9999 -9999 -9999 -9999
1254 1257 1266 1267 1284 1293 1346 1304 1270 1300 1304 1285 1276 1287 1254 1286 1318 1307 1310 1309 1312 1293 1277 1316 1293 1287 1290 1313 1295 1309 1301 1294 1312 1300 1312 1295 1311 1305 1313 1304 1302 1280 1281 1314 1294 1287 1248 1267 1277 1249 1262 1285 1277 1249 1213 1234 1235 1230 1237 1213 1192 1183 1191 1207 1214 1188 1195 1200 1200 1223 -9999 -9999 -9999 -9999 -9999 -9999 -9999 -9999 -9999 -9999 -9999 -9999
1255 1251 1242 1300 1273 1292 1276 1313 1332 1317 1325 1289 1298 1305 1312 1302 1322 1310 1302 1321 1294 1319 1291 1302 1314 1295 1274 1310 1322 1317 1297 1335 1313 1313 1319 1291 1310 1337 1328 1287 1251 1299 1266 1293 1267 1254 1255 1265 1225 1262 1254 1298 1212 1259 1282 1262 1251 1259 1223 1200 1196 1192 1189 1225 1196 1197 1214 1191 1217 1221 1201 -9999 -9999 -9999 -9999 -9999 -9999 -9999 -9999 -9999 -9999 -9999
1254 1288 1281 1305 1292 1285 1274 1318 1288 1254 1281 1279 1284 1301 1291 1324 1323 1301 1298 1279 1312 1296 1287 1294 1294 1293 1313 1335 1295 1335 1311 1304 1290 1330 1301 1315 1296 1280 1308 1330 1301 1275 1266 1315 1263 1267 1256 1253 1249 1247 1272 1274 1255 1254 1253 1262 1227 1237 1234 1222 1226 1186 1208 1219 1238 1194 1183 1217 1218 1235 1224 1211 -9999 -9999 -9999 -9999 -9999 -9999 -9999 -9999 -9999 -9999
1247 1270 1282 1322 1314 1313 1329 1330 1298 1303 1258 1296 1256 1301 1275 1277 1342 1314 1305 1275 1306 1289 1298 1290 1300 1281 1300 1301 1311 1300 1321 1309 1292 1292 1306 1308 1300 1290 1324 1282 1302 1294 1286 1276 1278 1283 1248 1235 1276 1266 1240 1247 1257 1262 1255 1253 1244 1215 1224 1227 1226 1233 1229 1239 1223 1225 1224 1202 1226 1235 1222 1220 1214 -9999 -9999 -9999 -9999 -9999 -9999 -9999 -9999 -9999
1257 1274 1296 1330 1307 1283 1279 1265 1258 1308 1270 1311 1317 1311 1285 1300 1292 1332 1302 1334 1304 1312 1308 1308 1277 1296 1316 1317 1287 1287 1310 1300 1279 1296 1301 1316 1277 1294 1299 1293 1294 1271 1295 1273 1285 1278 1265 1277 1284 1247 1231 1258 1244 1249 1255 1224 1236 1232 1207 1261 1218 1218 1229 1240 1234 1248 1218 1193 1209 1204 1245 1210 1210 1215 -9999 -9999 -9999 -9999 -9999 -9999 -9999 -9999
1249 1303 1284 1324 1267 1303 1319 1283 1283 1279 1289 1291 1306 1322 1319 1338 1272 1302 1311 1313 1263 1294 1316 1324 1306 1265 1288 1324 1297 1312 1297 1312 1275 1304 1308 1316 1279 1291 1289 1309 1304 1309 1304 1284 1288 1287 1275 1277 1264 1268 1293 1243 1263 1267 1261 1219 1245 1237 1245 1241 1247 1215 1210 1223 1230 1229 1215 1176 1186 1230 1217 1201 1182 1214 1208 -9999 -9999 -9999 -9999 -9999 -9999 -9999
1265 1270 1317 1326 1271 1301 1272 1294 1286 1298 1277 1317 1301 1282 1311 1284 1266 1316 1293 1290 1315 1293 1303 1302 1322 1289 1287 1282 1274 1278 1290 1304 1297 1314 1294 1304 1296 1294 1294 1288 1287 1288 1312 1271 1283 1275 1276 1258 1289 1279 1254 1272 1237 1254 1282 1257 1237 1240 1247 1233 1239 1239 1219 1217 1213 1219 1228 1187 1187 1205 1204 1220 1176 1179 1184 1177 -9999 -9999 -9999 -9999 -9999 -9999
1312 1314 1266 1306 1253 1320 1312 1325 1281 1303 1287 1271 1283 1260 1277 1326 1315 1306 1280 1293 1318 1274 1279 1323 1304 1288 1339 1270 1285 1303 1285 1311 1292 1285 1306 1283 1295 1297 1297 1290 1286 1292 1290 1287 1274 1273 1271 1260 1291 1269 1256 1260 1278 1278 1291 1283 1276 1233 1240 1280 1243 1247 1232 1230 1221 1220 1213 1202 1195 1205 1211 1179 1171 1177 1165 1168 1210 -9999 1156 -9999 -9999 -9999
1269 1298 1289 1266 1283 1280 1262 1267 1294 1308 1287 1258 1262 1260 1289 1315 1308 1329 1257 1298 1268 1274 1285 1287 1307 1278 1292 1315 1273 1304 1276 1304 1294 1281 1286 1264 1311 1275 1304 1282 1286 1290 1268 1261 1274 1293 1257 1254 1277 1283 1251 1270 1280 1254 1276 1271 1285 1253 1228 1235 1256 1249 1227 1219 1200 1215 1217 1221 1187 1199 1198 1210 1195 1228 1186 1184 1220 1188 1156 1148 1169 -9999
1280 1313 1269 1289 1310 1312 1312 1295 1280 1310 1286 1286 1280 1288 1289 1279 1262 1295 1288 1251 1314 1292 1293 1316 1321 1284 1298 1296 1279 1264 1279 1299 1316 1293 1316 1289 1288 1289 1279 1311 1277 1288 1294 1292 1290 1292 1283 1238 1274 1234 1246 1272 1234 1229 1254 1265 1270 1250 1251 1213 1227 1237 1246 1232 1199 1212 1237 1231 1198 1184 1195 1201 1218 1192 1186 1170 1211 1194 1170 1159 1171 1215
1258 1285 1298 1281 1313 1303 1239 1277 1300 1279 1284 1273 1285 1252 1265 1314 1265 1252 1265 1247 1260 1306 1257 1290 1309 1284 1324 1329 1277 1282 1291 1298 1288 1319 1302 1268 1301 1297 1286 1279 1292 1292 1288 1279 1295 1290 1267 1272 1252 1243 1266 1257 1258 1256 1243 1232 1242 1268 1212 1220 1231 1231 1234 1228 1218 1236 1227 1221 1228 1174 1194 1199 1210 1210 1212 1201 1194 1186 1173 1152 1150 1175
1298 1284 1273 1279 1316 1293 1282 1289 1286 1294 1272 1304 1292 1257 1265 1286 1296 1272 1256 1298 1267 1267 1264 1309 1295 1297 1324 1325 1272 1279 1298 1291 1278 1312 1303 1290 1274 1302 1270 1284 1274 1279 1275 1272 1268 1292 1243 1265 1256 1258 1243 1274 1269 1276 1255 1260 1259 1283 1224 1247 1218 1216 1234 1254 1234 1248 1210 1223 1248 1233 1200 1201 1218 1228 1197 1199 1179 1211 1187 1164 1138 1195
1280 1270 1278 1262 1280 1287 1278 1282 1275 1303 1264 1284 1297 1264 1247 1278 1277 1247 1314 1305 1319 1253 1297 1309 1289 1282 1279 1319 1271 1280 1299 1303 1260 1284 1292 1291 1287 1314 1303 1262 1293 1274 1281 1286 1274 1292 1267 1276 1260 1247 1259 1250 1287 1266 1241 1243 1253 1257 1267 1228 1212 1233 1234 1224 1208 1234 1207 1199 1234 1200 1238 1213 1222 1207 1206 1199 1172 1189 1193 1159 1151 1204
1255 1266 1265 1275 1284 1291 1274 1280 1292 1287 1279 1293 1301 1261 1276 1247 1282 1278 1272 1284 1267 1290 1293 1289 1289 1284 1310 1304 1245 1282 1278 1294 1280 1305 1296 1301 1289 1281 1298 1291 1272 1280 1268 1250 1272 1279 1254 1268 1249 1257 1253 1243 1262 1292 1220 1228 1238 1263 1258 1247 1240 1226 1258 1272 1234 1193 1203 1184 1211 1216 1201 1197 1204 1224 1226 1175 1179 1182 1196 1205 1174 1197
