test/testdata/Hispaniola_WorldClim/snv_11.asc
ncols         743
nrows         319
xllcorner     -74.500956448335
yllcorner     17.448920549066
cellsize      0.0083333333333333
NODATA_value  -9999
[rows 78 to 116 of 319, columns 176 to 263 of 743]
-9999 -9999 -9999 -9999 -9999 -9999 -9999 -9999 -9999 -9999 -9999 -9999 -9999 -9999 -9999 -9999 -9999 -9999 -9999 -9999 -9999 -9999 -9999 -9999 -9999 -9999 -9999 -9999 -9999 -9999 -9999 248 244 238 239 242 247 247 248 -9999 248 247 247 246 246 245 245 245 245 245 245 245 243 228 233 239 238 232 228 228 218 201 195 184 195 198 202 202 213 220 222 214 211 209 203 204 206 204 201 208 206 203 201 206 209 210 209 205
-9999 -9999 -9999 -9999 -9999 -9999 -9999 -9999 -9999 -9999 -9999 -9999 -9999 -9999 -9999 -9999 -9999 -9999 -9999 -9999 -9999 -9999 -9999 -9999 -9999 -9999 -9999 -9999 -9999 -9999 -9999 -9999 -9999 248 248 248 -9999 -9999 -9999 -9999 248 247 247 246 246 246 245 245 245 245 245 245 241 235 232 237 238 237 233 227 221 220 207 198 189 201 199 194 210 217 221 216 213 209 204 207 210 205 206 207 206 203 198 208 212 212 211 208
-9999 -9999 -9999 -9999 -9999 -9999 -9999 -9999 -9999 -9999 -9999 -9999 -9999 -9999 -9999 -9999 -9999 -9999 -9999 -9999 -9999 -9999 -9999 -9999 -9999 -9999 -9999 -9999 -9999 -9999 -9999 -9999 -9999 -9999 -9999 -9999 -9999 -9999 -9999 -9999 248 248 247 247 247 246 246 246 246 246 245 245 243 235 235 237 234 238 237 232 227 229 221 207 191 190 205 201 204 217 220 220 215 210 208 211 212 212 210 211 212 208 211 213 213 213 209 208
-9999 -9999 -9999 -9999 -9999 -9999 -9999 -9999 -9999 -9999 -9999 -9999 -9999 -9999 -9999 -9999 -9999 -9999 -9999 -9999 -9999 -9999 -9999 -9999 -9999 -9999 -9999 -9999 -9999 -9999 -9999 -9999 -9999 -9999 -9999 -9999 -9999 247 -9999 -9999 247 248 247 247 246 244 246 246 246 246 246 244 244 240 232 229 232 230 236 236 234 234 228 215 202 186 183 197 204 216 215 219 214 211 206 209 214 212 212 213 213 213 214 215 213 210 210 210
-9999 -9999 -9999 -9999 -9999 -9999 -9999 -9999 -9999 -9999 -9999 -9999 -9999 -9999 -9999 -9999 -9999 -9999 -9999 -9999 -9999 -9999 -9999 -9999 -9999 -9999 -9999 -9999 -9999 -9999 -9999 -9999 -9999 -9999 -9999 -9999 -9999 248 -9999 -9999 -9999 248 248 247 246 244 243 246 246 246 246 245 244 240 233 228 230 233 233 233 233 232 231 225 210 197 178 181 186 200 205 208 198 200 210 211 214 215 216 213 214 216 216 216 200 210 213 211
-9999 -9999 -9999 -9999 -9999 -9999 -9999 -9999 -9999 -9999 -9999 -9999 -9999 -9999 -9999 -9999 -9999 -9999 -9999 -9999 -9999 -9999 -9999 -9999 -9999 -9999 -9999 -9999 -9999 -9999 -9999 -9999 -9999 -9999 -9999 -9999 -9999 248 248 -9999 -9999 -9999 248 247 247 238 235 246 246 246 246 245 243 243 238 227 229 234 235 234 229 228 223 216 214 199 189 174 173 180 188 199 188 191 202 212 210 213 216 216 215 217 218 213 202 204 214 212
-9999 -9999 -9999 -9999 -9999 -9999 -9999 -9999 -9999 -9999 -9999 -9999 -9999 -9999 -9999 -9999 -9999 -9999 -9999 -9999 -9999 -9999 -9999 -9999 -9999 -9999 -9999 -9999 -9999 -9999 -9999 -9999 -9999 -9999 -9999 -9999 249 249 249 -9999 -9999 -9999 248 248 247 235 232 235 243 246 246 245 244 244 236 231 229 235 235 233 230 228 220 215 211 203 194 184 164 160 176 189 199 209 202 208 211 213 215 218 217 217 217 210 204 210 213 217
-9999 -9999 -9999 -9999 -9999 -9999 -9999 -9999 -9999 -9999 -9999 -9999 -9999 -9999 -9999 -9999 -9999 -9999 -9999 -9999 -9999 -9999 -9999 -9999 -9999 -9999 -9999 -9999 -9999 -9999 -9999 -9999 -9999 -9999 -9999 -9999 -9999 -9999 249 249 248 248 248 248 247 247 234 233 236 246 245 245 245 244 242 240 234 237 235 236 234 226 217 214 213 202 196 193 178 154 153 180 193 210 205 194 211 207 213 217 218 219 219 216 213 211 212 209
-9999 -9999 -9999 -9999 -9999 -9999 -9999 -9999 -9999 -9999 -9999 -9999 -9999 -9999 -9999 -9999 -9999 -9999 -9999 -9999 -9999 -9999 -9999 -9999 -9999 -9999 -9999 -9999 -9999 -9999 -9999 -9999 -9999 -9999 -9999 -9999 -9999 -9999 248 248 248 248 248 248 247 247 247 246 227 233 245 245 245 244 243 242 238 241 239 239 235 232 227 222 213 209 203 202 183 162 155 174 187 206 214 213 197 198 210 216 217 220 219 220 218 217 218 210
-9999 -9999 -9999 -9999 -9999 -9999 -9999 -9999 -9999 -9999 -9999 -9999 -9999 -9999 -9999 -9999 -9999 -9999 -9999 -9999 -9999 -9999 -9999 -9999 -9999 -9999 -9999 -9999 -9999 -9999 -9999 -9999 -9999 -9999 -9999 -9999 -9999 -9999 249 249 248 248 248 247 247 247 247 246 238 229 240 245 245 244 243 242 241 237 225 234 235 233 229 229 217 212 209 201 202 187 158 165 184 205 213 216 210 200 209 216 217 219 221 220 219 219 221 221
-9999 -9999 -9999 -9999 -9999 -9999 -9999 -9999 -9999 -9999 -9999 -9999 -9999 -9999 -9999 -9999 -9999 -9999 -9999 -9999 -9999 -9999 -9999 -9999 -9999 -9999 -9999 -9999 -9999 -9999 -9999 -9999 250 249 249 -9999 -9999 249 249 249 248 248 248 247 248 247 247 247 245 235 239 245 244 244 243 242 242 240 224 228 234 232 231 228 221 211 206 202 205 195 185 175 182 194 210 217 217 217 208 214 217 220 220 222 220 221 221 221
-9999 -9999 -9999 -9999 -9999 -9999 -9999 -9999 -9999 -9999 -9999 -9999 -9999 -9999 -9999 -9999 -9999 -9999 -9999 -9999 -9999 -9999 -9999 -9999 -9999 -9999 -9999 -9999 -9999 -9999 -9999 250 250 249 249 249 249 248 248 248 248 248 247 247 248 247 247 248 247 247 235 243 244 244 244 243 242 239 230 225 229 231 226 225 224 218 207 213 210 207 204 191 177 194 211 217 219 220 204 216 219 221 221 222 222 221 222 222
-9999 -9999 -9999 -9999 -9999 -9999 -9999 -9999 -9999 -9999 -9999 -9999 -9999 -9999 -9999 -9999 -9999 -9999 -9999 -9999 -9999 -9999 -9999 -9999 -9999 -9999 -9999 -9999 -9999 -9999 -9999 250 250 249 249 249 249 248 248 248 248 248 247 247 248 248 247 248 247 247 238 238 244 245 244 244 243 241 239 225 215 223 225 220 213 219 216 210 214 214 212 205 191 209 215 220 220 220 221 221 222 222 222 222 222 222 223 223
-9999 -9999 -9999 -9999 -9999 -9999 -9999 -9999 -9999 -9999 -9999 -9999 -9999 -9999 -9999 -9999 -9999 -9999 -9999 -9999 -9999 -9999 -9999 -9999 -9999 -9999 -9999 -9999 -9999 -9999 -9999 250 249 249 249 249 249 249 248 249 248 248 248 247 248 248 248 247 247 247 247 247 242 246 244 244 243 242 240 232 220 215 222 213 211 210 216 216 218 216 216 212 207 200 219 221 222 223 220 217 210 216 222 223 223 223 223 224
-9999 -9999 -9999 -9999 -9999 -9999 -9999 -9999 -9999 -9999 -9999 -9999 -9999 -9999 -9999 -9999 -9999 -9999 -9999 -9999 -9999 -9999 -9999 -9999 -9999 -9999 -9999 -9999 -9999 -9999 -9999 -9999 250 250 249 249 249 249 249 248 248 248 248 248 248 248 248 247 247 247 247 247 246 246 245 242 243 240 237 232 232 220 208 209 203 212 219 220 222 218 217 216 215 208 214 221 224 224 222 218 199 210 222 224 224 224 224 224
-9999 -9999 -9999 -9999 -9999 -9999 -9999 -9999 -9999 -9999 -9999 -9999 -9999 -9999 -9999 -9999 -9999 -9999 -9999 -9999 -9999 -9999 -9999 -9999 -9999 -9999 -9999 -9999 -9999 -9999 -9999 -9999 250 250 249 249 249 249 249 248 248 248 248 248 248 248 248 247 247 247 247 247 246 246 245 237 236 232 227 228 229 205 207 202 202 203 217 222 223 223 217 220 220 220 217 222 223 224 224 222 206 212 221 225 225 225 224 225
-9999 -9999 -9999 -9999 -9999 -9999 -9999 -9999 -9999 -9999 -9999 -9999 -9999 -9999 -9999 -9999 -9999 -9999 -9999 -9999 -9999 -9999 -9999 -9999 -9999 -9999 -9999 -9999 -9999 -9999 -9999 -9999 -9999 -9999 -9999 -9999 -9999 249 249 249 249 248 248 248 248 248 248 247 247 247 247 247 247 246 246 234 231 226 222 228 231 226 211 206 209 213 219 214 223 223 223 219 218 222 221 218 224 224 224 223 204 216 222 224 224 225 226 226
-9999 -9999 -9999 -9999 -9999 -9999 -9999 -9999 -9999 -9999 -9999 -9999 -9999 -9999 -9999 -9999 -9999 -9999 -9999 -9999 -9999 -9999 -9999 -9999 -9999 -9999 -9999 -9999 -9999 -9999 -9999 -9999 -9999 -9999 -9999 249 249 249 249 248 248 249 248 248 248 248 248 248 248 247 247 247 247 247 247 246 238 237 223 215 229 231 225 215 208 214 221 221 219 225 225 224 219 220 223 223 224 224 226 225 223 221 223 225 225 225 226 227
-9999 -9999 -9999 -9999 -9999 -9999 -9999 -9999 -9999 -9999 -9999 -9999 -9999 -9999 -9999 -9999 -9999 -9999 -9999 -9999 -9999 -9999 -9999 -9999 -9999 -9999 -9999 -9999 -9999 -9999 -9999 -9999 -9999 -9999 -9999 -9999 -9999 -9999 249 249 249 249 249 248 248 248 248 248 248 247 247 247 247 247 247 247 247 243 223 214 217 223 234 227 217 228 224 218 217 225 224 225 224 225 219 219 223 224 226 225 223 224 225 226 226 226 226 226
-9999 -9999 -9999 -9999 -9999 -9999 -9999 -9999 -9999 -9999 -9999 -9999 -9999 -9999 -9999 -9999 -9999 -9999 -9999 -9999 -9999 -9999 -9999 -9999 -9999 -9999 -9999 -9999 -9999 -9999 -9999 -9999 -9999 -9999 -9999 -9999 -9999 -9999 249 249 249 249 249 249 249 248 248 248 248 248 247 247 248 247 247 247 247 243 235 218 214 228 233 238 237 235 237 229 219 217 225 226 226 225 219 216 221 224 225 227 227 226 227 226 226 227 226 226
-9999 -9999 -9999 -9999 -9999 -9999 -9999 -9999 -9999 -9999 -9999 -9999 -9999 -9999 -9999 -9999 -9999 -9999 -9999 -9999 -9999 -9999 -9999 -9999 -9999 -9999 -9999 -9999 -9999 -9999 -9999 -9999 -9999 -9999 -9999 250 250 -9999 249 249 249 249 249 249 249 248 248 247 248 248 248 248 247 247 247 247 247 247 230 222 216 219 223 234 238 242 243 240 238 215 220 227 227 227 226 222 219 222 224 226 227 228 227 227 228 227 228 227
-9999 -9999 -9999 -9999 -9999 -9999 -9999 -9999 -9999 -9999 -9999 -9999 -9999 -9999 -9999 -9999 -9999 -9999 -9999 -9999 -9999 -9999 -9999 -9999 -9999 -9999 -9999 -9999 -9999 -9999 -9999 250 250 250 250 250 250 249 249 249 249 249 249 249 249 248 248 248 248 248 248 248 248 247 247 247 247 247 243 232 223 218 223 223 232 239 243 243 241 227 210 217 227 227 226 226 221 223 223 224 224 226 227 227 226 228 228 228
-9999 -9999 -9999 -9999 -9999 -9999 -9999 -9999 -9999 -9999 -9999 -9999 -9999 -9999 -9999 -9999 -9999 -9999 -9999 -9999 -9999 -9999 -9999 -9999 -9999 -9999 -9999 -9999 -9999 -9999 -9999 249 250 250 250 250 250 250 250 249 249 249 249 249 249 248 248 248 248 248 248 248 248 247 247 247 247 247 247 247 239 236 234 231 231 237 244 243 243 234 220 211 228 227 228 227 220 222 220 221 223 221 226 226 227 227 227 228
-9999 -9999 -9999 -9999 -9999 -9999 -9999 -9999 -9999 -9999 -9999 -9999 -9999 -9999 -9999 -9999 -9999 -9999 -9999 -9999 -9999 -9999 -9999 -9999 -9999 -9999 -9999 -9999 -9999 -9999 -9999 250 250 250 250 250 250 250 249 249 249 249 249 249 249 249 248 247 248 248 248 248 248 248 247 247 247 247 247 247 247 246 246 232 232 242 238 235 234 228 224 223 211 228 228 227 218 217 221 222 223 224 225 226 225 226 227 228
-9999 -9999 -9999 -9999 -9999 -9999 -9999 -9999 -9999 -9999 -9999 -9999 -9999 -9999 -9999 -9999 -9999 -9999 -9999 -9999 -9999 -9999 -9999 -9999 -9999 -9999 -9999 -9999 -9999 -9999 -9999 250 250 250 250 250 250 250 249 249 249 249 249 249 249 249 249 248 248 248 248 248 248 248 247 247 247 247 248 248 247 246 246 246 246 245 228 220 226 227 226 221 221 213 228 226 220 213 214 216 220 219 221 222 225 225 227 227
-9999 -9999 -9999 -9999 -9999 -9999 -9999 -9999 -9999 -9999 -9999 -9999 -9999 -9999 -9999 -9999 -9999 -9999 -9999 -9999 -9999 -9999 -9999 -9999 -9999 -9999 -9999 -9999 -9999 -9999 -9999 250 250 250 250 250 250 250 250 250 249 249 249 249 249 249 249 249 248 248 248 248 248 248 247 247 247 247 248 247 247 247 246 246 246 245 241 237 225 226 224 222 220 219 218 215 218 216 211 218 219 218 219 222 220 224 226 228
-9999 -9999 -9999 -9999 -9999 -9999 -9999 -9999 -9999 -9999 -9999 -9999 -9999 -9999 -9999 -9999 -9999 -9999 -9999 -9999 -9999 -9999 -9999 -9999 -9999 -9999 -9999 -9999 -9999 -9999 251 250 -9999 250 250 250 250 250 250 249 250 250 249 249 249 249 249 248 248 248 248 248 248 248 248 248 247 247 247 247 247 247 247 246 247 246 246 243 235 224 229 221 219 217 218 210 211 210 208 215 219 219 213 214 216 216 223 226
-9999 -9999 -9999 -9999 -9999 -9999 -9999 -9999 -9999 -9999 -9999 -9999 -9999 -9999 -9999 -9999 -9999 -9999 -9999 -9999 -9999 -9999 -9999 -9999 -9999 -9999 -9999 -9999 -9999 -9999 250 250 250 250 250 251 250 250 250 250 250 250 249 249 249 249 249 249 248 248 248 248 248 248 248 248 247 247 247 247 247 247 247 241 245 241 246 245 242 238 229 233 229 235 227 221 224 207 203 204 207 204 205 205 211 214 218 225
-9999 -9999 -9999 -9999 -9999 -9999 -9999 -9999 -9999 -9999 -9999 -9999 -9999 -9999 -9999 -9999 -9999 -9999 -9999 -9999 -9999 -9999 -9999 -9999 -9999 -9999 -9999 -9999 250 251 251 251 251 251 251 251 250 250 250 250 250 250 250 249 249 248 248 248 249 248 248 248 248 248 248 248 248 247 247 247 247 247 247 244 246 245 244 245 246 244 242 237 230 228 228 230 229 224 217 197 199 201 199 193 204 215 221 221
-9999 -9999 -9999 -9999 -9999 -9999 -9999 -9999 -9999 -9999 -9999 -9999 -9999 -9999 -9999 -9999 -9999 -9999 -9999 -9999 -9999 -9999 -9999 -9999 -9999 -9999 -9999 -9999 -9999 250 251 251 251 251 251 251 251 250 250 250 250 250 249 250 249 248 248 249 249 248 248 248 248 248 248 248 248 247 247 247 247 247 247 247 246 246 246 245 246 244 237 234 232 229 219 211 220 221 218 219 208 198 202 200 206 206 215 219
-9999 -9999 -9999 -9999 -9999 -9999 -9999 -9999 -9999 -9999 -9999 -9999 -9999 -9999 -9999 -9999 -9999 -9999 -9999 -9999 -9999 -9999 -9999 -9999 -9999 -9999 -9999 -9999 -9999 250 250 251 251 251 251 251 251 251 250 250 250 250 249 249 249 249 249 249 249 249 248 248 248 248 248 248 248 248 248 248 247 247 246 247 246 246 246 246 244 245 244 239 232 227 219 202 197 208 213 216 211 206 202 201 200 202 209 217
-9999 -9999 -9999 -9999 -9999 -9999 -9999 -9999 -9999 -9999 -9999 -9999 -9999 -9999 -9999 -9999 -9999 -9999 -9999 -9999 -9999 -9999 -9999 -9999 -9999 -9999 -9999 -9999 -9999 -9999 250 251 251 250 250 250 250 250 250 250 250 249 250 249 249 249 249 249 249 248 248 248 248 248 248 248 248 248 248 247 247 247 247 247 247 247 246 246 245 246 244 244 235 228 217 207 192 188 200 213 215 209 201 197 196 207 209 217
-9999 -9999 -9999 -9999 -9999 -9999 -9999 -9999 -9999 -9999 -9999 -9999 -9999 -9999 -9999 -9999 -9999 -9999 -9999 -9999 -9999 -9999 -9999 -9999 -9999 -9999 -9999 -9999 -9999 -9999 -9999 249 248 248 248 250 250 250 250 250 250 250 250 250 250 250 249 249 249 248 248 248 248 248 248 248 248 248 247 247 247 247 247 247 246 246 246 246 246 246 244 244 244 241 227 217 196 188 192 196 206 204 205 201 201 201 203 211
-9999 -9999 -9999 -9999 -9999 -9999 -9999 -9999 -9999 -9999 -9999 -9999 -9999 -9999 -9999 -9999 -9999 -9999 -9999 -9999 -9999 -9999 -9999 -9999 -9999 -9999 -9999 -9999 -9999 -9999 -9999 -9999 247 246 246 245 248 249 249 251 251 250 250 250 249 249 249 249 249 249 248 248 249 248 248 248 248 247 247 247 247 247 247 247 246 245 244 246 246 244 242 244 243 238 233 218 209 197 186 189 197 202 206 206 203 206 201 205
-9999 -9999 -9999 -9999 -9999 -9999 -9999 -9999 -9999 -9999 -9999 -9999 -9999 -9999 -9999 -9999 -9999 -9999 -9999 -9999 -9999 -9999 -9999 -9999 -9999 -9999 -9999 -9999 -9999 -9999 -9999 -9999 250 242 243 244 245 247 246 248 249 250 249 250 249 249 249 249 249 248 249 249 249 248 248 248 248 247 247 247 247 247 247 247 246 247 247 247 241 237 242 241 244 242 229 224 216 207 190 186 186 191 204 206 208 206 202 206
-9999 -9999 -9999 -9999 -9999 -9999 -9999 -9999 -9999 -9999 -9999 -9999 -9999 -9999 -9999 -9999 -9999 -9999 -9999 -9999 -9999 -9999 -9999 -9999 -9999 -9999 -9999 -9999 -9999 -9999 -9999 -9999 -9999 247 242 240 240 241 243 246 248 247 248 248 248 248 249 249 249 248 249 248 248 248 248 248 247 248 247 247 247 247 247 246 247 247 247 247 246 243 236 241 242 241 235 227 218 204 196 191 183 184 204 202 205 206 205 204
-9999 -9999 -9999 -9999 -9999 -9999 -9999 -9999 -9999 -9999 -9999 -9999 -9999 -9999 -9999 -9999 -9999 -9999 -9999 -9999 -9999 -9999 -9999 -9999 -9999 -9999 -9999 -9999 -9999 -9999 -9999 -9999 -9999 -9999 250 241 239 239 237 240 245 246 245 246 248 248 248 249 249 249 248 248 248 248 247 247 248 248 248 247 247 247 246 247 246 247 246 246 246 245 240 241 242 241 240 233 218 208 198 202 197 186 192 205 208 207 207 212
-9999 -9999 -9999 -9999 -9999 -9999 -9999 -9999 -9999 -9999 -9999 -9999 -9999 -9999 -9999 -9999 -9999 -9999 -9999 -9999 -9999 -9999 -9999 -9999 -9999 -9999 -9999 -9999 -9999 -9999 -9999 -9999 -9999 -9999 -9999 251 248 241 235 236 238 242 241 244 245 246 248 247 248 247 247 247 247 247 248 248 248 248 247 247 247 246 247 247 247 247 246 246 246 243 239 243 243 238 239 238 233 217 209 216 209 190 185 201 202 206 206 214
-9999 -9999 -9999 -9999 -9999 -9999 -9999 -9999 -9999 -9999 -9999 -9999 -9999 -9999 -9999 -9999 -9999 -9999 -9999 -9999 -9999 -9999 -9999 -9999 -9999 -9999 -9999 -9999 -9999 -9999 -9999 -9999 -9999 -9999 -9999 -9999 -9999 252 246 239 239 239 247 246 245 242 244 243 245 244 246 245 247 248 248 248 248 248 247 247 247 247 247 247 246 246 246 246 246 241 240 243 240 237 233 227 231 231 233 215 201 194 185 188 200 205 209 215
