test/testdata/Hispaniola_WorldClim/snv_15.asc
ncols         743
nrows         319
xllcorner     -74.500956448335
yllcorner     17.448920549066
cellsize      0.0083333333333333
NODATA_value  -9999
[rows 84 to 125 of 319, columns 190 to 284 of 743]
-9999 -9999 -9999 -9999 -9999 -9999 -9999 -9999 -9999 -9999 -9999 -9999 -9999 -9999 -9999 -9999 -9999 -9999 -9999 -9999 -9999 -9999 71 73 73 -9999 -9999 -9999 73 73 71 72 71 71 72 70 69 69 68 69 71 70 69 69 69 69 68 68 65 62 59 54 51 49 50 50 49 48 50 55 51 54 56 59 59 61 60 60 60 53 49 53 55 57 57 56 55 54 53 51 46 46 47 52 52 51 50 50 50 50 49 49 49 49 48
-9999 -9999 -9999 -9999 -9999 -9999 -9999 -9999 -9999 -9999 -9999 -9999 -9999 -9999 -9999 -9999 -9999 -9999 -9999 -9999 -9999 -9999 -9999 -9999 73 73 73 74 72 73 72 73 72 72 73 70 70 70 70 70 69 70 71 70 70 69 69 67 64 62 61 54 52 50 49 51 51 49 49 57 53 48 57 54 58 61 62 62 61 59 57 54 55 52 58 57 55 55 55 48 48 50 49 53 52 51 51 51 51 50 50 50 50 50 49
-9999 -9999 -9999 -9999 -9999 -9999 -9999 -9999 -9999 -9999 -9999 -9999 -9999 -9999 -9999 -9999 -9999 -9999 -9999 -9999 -9999 -9999 -9999 -9999 72 74 74 73 73 74 72 73 72 72 70 72 71 70 70 70 70 70 70 70 69 69 69 69 69 67 61 58 55 54 50 50 51 49 49 54 60 59 49 49 56 61 61 63 62 62 60 59 60 53 58 57 54 56 55 53 55 54 53 53 53 52 52 51 51 51 51 51 50 50 50
-9999 -9999 -9999 -9999 -9999 -9999 -9999 -9999 -9999 -9999 -9999 -9999 -9999 -9999 -9999 -9999 -9999 -9999 -9999 -9999 -9999 -9999 -9999 -9999 74 73 73 73 74 72 73 72 73 73 74 71 74 70 70 71 71 70 71 72 69 71 70 70 70 69 64 61 58 53 54 49 51 50 49 54 60 62 57 50 56 61 63 62 64 63 62 62 61 60 58 59 58 57 56 55 56 55 54 54 53 53 53 52 52 52 52 51 51 51 51
-9999 -9999 -9999 -9999 -9999 -9999 -9999 -9999 -9999 -9999 -9999 -9999 -9999 -9999 -9999 -9999 -9999 -9999 71 71 71 -9999 -9999 73 73 73 73 74 74 73 73 72 73 72 73 74 74 72 72 71 72 71 71 72 69 71 72 71 70 69 68 60 57 55 56 51 50 50 49 50 58 64 64 63 55 60 62 64 64 64 63 63 62 61 60 59 58 58 57 57 56 55 55 54 54 53 53 53 53 52 52 52 52 52 52
-9999 -9999 -9999 -9999 -9999 -9999 -9999 -9999 -9999 -9999 -9999 -9999 -9999 -9999 -9999 -9999 -9999 70 71 71 71 71 73 73 73 73 74 74 74 73 73 73 72 73 72 72 74 74 72 72 72 72 71 72 71 70 71 71 69 70 69 66 59 62 59 58 55 50 49 50 59 64 65 66 53 62 64 65 65 65 64 63 62 61 61 59 58 58 57 57 56 56 55 54 54 54 54 53 53 53 53 53 53 53 52
-9999 -9999 -9999 -9999 -9999 -9999 -9999 -9999 -9999 -9999 -9999 -9999 -9999 -9999 -9999 -9999 -9999 70 72 71 71 73 73 74 74 74 74 74 73 74 73 74 73 74 73 73 75 75 73 72 72 72 72 72 73 70 64 68 70 67 63 67 64 59 63 63 61 56 50 57 62 66 66 66 66 65 65 65 64 64 64 63 61 61 60 59 58 58 57 57 56 56 55 55 55 55 54 54 54 54 54 54 54 53 53
-9999 -9999 -9999 -9999 -9999 -9999 -9999 -9999 -9999 -9999 -9999 -9999 -9999 -9999 -9999 -9999 -9999 70 71 71 71 72 74 74 74 74 74 75 74 74 73 74 73 74 73 73 73 71 75 72 73 72 72 72 74 72 67 65 68 63 61 61 65 64 65 65 63 61 57 53 66 66 66 66 66 63 57 62 65 64 63 62 61 60 60 59 58 58 58 57 56 56 56 55 55 55 55 55 55 55 55 54 54 54 54
-9999 -9999 -9999 -9999 -9999 -9999 -9999 -9999 -9999 -9999 -9999 -9999 -9999 -9999 -9999 -9999 -9999 -9999 70 72 72 72 72 74 74 74 75 73 74 75 74 74 74 73 73 73 73 72 72 72 72 74 73 74 74 73 73 67 60 61 57 62 68 68 68 66 66 65 63 58 62 66 66 67 66 64 51 57 65 63 62 62 61 60 59 59 58 58 57 57 56 56 56 56 56 56 56 56 56 56 55 55 55 55 55
-9999 -9999 -9999 -9999 -9999 -9999 -9999 -9999 -9999 -9999 -9999 -9999 -9999 -9999 -9999 -9999 -9999 -9999 72 72 72 72 73 73 75 73 74 74 75 75 74 75 75 74 73 73 73 73 73 72 73 76 76 75 72 72 72 59 60 57 57 57 66 68 69 69 65 67 67 67 65 67 67 66 65 65 55 59 64 62 62 60 60 59 59 58 57 57 57 56 57 56 56 56 57 56 56 57 56 57 57 56 56 56 56
-9999 -9999 -9999 -9999 -9999 -9999 -9999 -9999 -9999 -9999 -9999 -9999 -9999 -9999 -9999 -9999 -9999 -9999 -9999 -9999 -9999 -9999 -9999 73 73 74 74 75 75 74 75 74 75 75 74 73 73 73 73 73 72 75 74 72 69 72 73 71 63 58 61 62 67 64 69 69 68 66 66 67 67 65 67 66 66 66 54 62 64 63 61 60 59 58 58 58 58 57 57 57 57 57 57 57 57 57 57 57 57 57 57 57 57 57 57
-9999 -9999 -9999 -9999 -9999 -9999 -9999 -9999 -9999 -9999 -9999 -9999 -9999 -9999 -9999 -9999 -9999 -9999 -9999 -9999 -9999 73 73 74 74 74 74 75 74 75 75 74 74 75 75 74 74 74 74 74 72 73 77 77 70 66 72 73 71 65 61 64 69 69 67 69 69 69 66 66 67 67 67 66 65 65 65 64 63 62 61 60 59 58 57 57 57 57 57 57 57 57 57 58 58 58 58 58 58 58 58 58 58 58 58
-9999 -9999 -9999 -9999 -9999 -9999 -9999 -9999 -9999 -9999 -9999 -9999 -9999 -9999 -9999 -9999 -9999 -9999 -9999 -9999 -9999 -9999 -9999 -9999 75 75 75 75 75 75 76 75 74 76 75 74 75 75 73 73 73 73 73 76 70 65 67 70 74 71 66 72 70 67 66 69 69 68 68 68 66 66 67 66 65 65 64 64 63 61 61 60 59 58 58 58 57 57 57 57 58 58 58 58 58 58 58 58 59 59 59 59 59 59 59
-9999 -9999 -9999 -9999 -9999 -9999 -9999 -9999 -9999 -9999 -9999 -9999 -9999 -9999 -9999 -9999 -9999 -9999 -9999 -9999 -9999 -9999 -9999 -9999 75 75 75 74 75 76 75 76 75 74 74 75 74 74 74 74 74 72 72 75 77 68 65 72 74 77 76 75 75 71 67 66 69 69 69 67 66 64 66 66 66 64 63 63 62 61 61 60 58 58 57 58 57 57 57 57 58 58 59 58 59 59 59 59 59 59 60 60 60 60 60
-9999 -9999 -9999 -9999 -9999 -9999 -9999 -9999 -9999 -9999 -9999 -9999 -9999 -9999 -9999 -9999 -9999 -9999 -9999 -9999 -9999 74 74 -9999 75 74 74 75 76 75 76 75 76 75 75 75 74 74 74 73 73 73 73 72 73 70 66 68 70 75 77 73 72 73 74 65 67 69 69 68 67 67 65 66 65 64 64 63 62 62 61 60 59 58 57 58 58 58 58 58 59 59 60 59 60 59 60 60 60 60 61 60 60 60 60
-9999 -9999 -9999 -9999 -9999 -9999 -9999 -9999 -9999 -9999 -9999 -9999 -9999 -9999 -9999 -9999 -9999 71 71 72 73 74 74 73 74 74 75 75 75 75 76 76 75 75 74 76 74 74 74 74 75 73 73 73 77 75 70 68 70 69 74 77 72 72 73 69 61 65 68 68 67 67 66 66 65 65 65 63 63 62 61 61 60 60 58 59 60 59 59 59 60 60 60 60 60 60 61 61 61 61 61 60 61 60 60
-9999 -9999 -9999 -9999 -9999 -9999 -9999 -9999 -9999 -9999 -9999 -9999 -9999 -9999 -9999 -9999 -9999 71 71 72 72 73 73 73 74 75 75 75 75 76 75 75 76 76 76 75 75 75 75 74 74 74 74 73 73 72 78 77 76 73 73 77 72 72 71 72 67 62 68 68 68 67 65 66 65 65 65 64 63 62 62 61 60 60 61 60 60 60 60 60 60 60 61 62 61 62 62 62 62 62 62 61 61 61 61
-9999 -9999 -9999 -9999 -9999 -9999 -9999 -9999 -9999 -9999 -9999 -9999 -9999 -9999 -9999 -9999 -9999 71 72 72 73 73 73 74 74 75 74 75 76 75 76 75 75 75 75 75 75 75 75 75 74 74 74 74 72 72 73 73 73 74 73 75 76 75 73 70 68 68 61 68 68 67 65 64 65 65 65 64 63 62 62 62 61 61 61 62 61 61 61 61 61 61 61 62 63 63 64 62 64 63 62 62 61 61 62
-9999 -9999 -9999 -9999 -9999 -9999 -9999 -9999 -9999 -9999 -9999 -9999 -9999 -9999 -9999 -9999 -9999 71 72 72 73 74 73 74 75 74 75 76 75 76 75 75 75 76 76 76 75 76 75 75 75 74 74 74 74 73 73 73 72 72 72 72 71 68 70 70 69 67 67 63 68 67 66 62 62 63 65 64 64 64 63 62 62 61 61 62 62 62 62 63 63 63 63 63 64 65 65 64 65 63 63 63 62 61 62
-9999 -9999 -9999 -9999 -9999 -9999 -9999 -9999 -9999 -9999 -9999 -9999 -9999 -9999 -9999 -9999 -9999 72 72 72 73 73 74 75 74 74 76 75 76 75 75 76 76 76 76 76 76 75 74 75 75 75 73 73 74 74 73 73 73 72 73 74 76 76 70 69 69 68 67 66 65 64 65 64 61 64 64 63 64 64 63 63 62 62 62 63 62 64 63 64 65 64 63 64 64 65 66 66 66 65 65 64 64 63 62
-9999 -9999 -9999 -9999 -9999 -9999 -9999 -9999 -9999 -9999 -9999 -9999 -9999 -9999 -9999 -9999 71 71 -9999 72 73 73 74 73 74 75 74 75 75 76 75 75 76 76 75 75 75 76 75 75 75 75 74 75 73 74 74 73 73 73 72 72 72 74 74 68 70 68 67 65 66 61 61 61 59 63 64 64 61 62 62 62 63 63 63 63 64 64 65 65 66 66 65 65 65 65 65 66 67 66 65 64 64 64 64
-9999 -9999 -9999 -9999 -9999 -9999 -9999 -9999 -9999 -9999 -9999 -9999 -9999 -9999 -9999 -9999 71 71 72 72 73 73 73 74 74 75 74 76 75 75 75 75 75 75 76 75 75 76 76 75 75 75 75 74 74 74 74 73 73 77 75 76 72 73 74 75 70 72 70 71 68 66 67 59 57 57 59 57 56 57 59 61 63 63 63 63 64 63 64 66 66 67 66 66 66 67 66 66 68 67 66 65 65 65 65
-9999 -9999 -9999 -9999 -9999 -9999 -9999 -9999 -9999 -9999 -9999 -9999 -9999 -9999 71 71 71 71 72 72 73 73 72 74 75 74 75 74 74 76 75 76 76 76 76 75 75 75 75 76 76 75 75 75 74 74 74 73 73 75 73 74 74 73 72 73 74 74 70 69 68 69 68 67 64 54 55 56 55 53 56 62 63 63 63 63 63 64 65 65 66 67 67 68 67 68 67 67 68 68 67 67 67 66 66
-9999 -9999 -9999 -9999 -9999 -9999 -9999 -9999 -9999 -9999 -9999 -9999 -9999 -9999 -9999 70 71 71 72 72 73 72 73 73 75 74 75 75 75 74 75 75 75 76 76 75 75 76 75 76 76 75 74 75 75 74 74 74 74 73 73 73 72 73 73 72 75 72 71 69 66 62 66 66 65 65 59 54 56 55 57 58 61 63 62 63 64 64 64 65 66 67 67 68 68 69 68 68 69 69 69 68 68 68 67
-9999 -9999 -9999 -9999 -9999 -9999 -9999 -9999 -9999 -9999 -9999 -9999 -9999 -9999 -9999 69 71 71 72 72 73 72 73 73 73 74 75 75 75 75 75 76 76 75 76 76 75 76 76 76 76 75 75 75 75 75 74 74 74 73 73 74 73 73 73 73 73 74 71 69 66 57 55 59 62 64 60 58 56 56 55 55 59 62 62 64 63 64 65 65 65 66 66 67 67 69 69 69 69 69 69 69 69 69 69
-9999 -9999 -9999 -9999 -9999 -9999 -9999 -9999 -9999 -9999 -9999 -9999 -9999 -9999 -9999 -9999 71 70 71 72 73 72 72 73 73 74 74 75 75 75 75 75 75 76 75 76 76 76 75 76 76 74 75 75 75 75 74 74 74 74 74 74 73 73 73 73 73 72 73 69 65 60 54 53 56 62 63 59 55 54 54 57 59 62 61 62 64 63 65 66 66 67 68 68 68 69 70 70 70 70 70 70 69 69 69
-9999 -9999 -9999 -9999 -9999 -9999 -9999 -9999 -9999 -9999 -9999 -9999 -9999 -9999 -9999 -9999 -9999 71 73 74 72 72 72 74 73 74 73 74 74 74 75 75 76 76 75 76 76 75 75 75 76 75 75 75 75 75 74 74 74 75 73 73 73 73 73 73 73 73 73 74 69 64 55 54 54 55 59 57 57 56 56 55 56 60 61 63 62 63 65 65 67 67 68 69 69 69 69 69 70 69 70 70 70 70 70
-9999 -9999 -9999 -9999 -9999 -9999 -9999 -9999 -9999 -9999 -9999 -9999 -9999 -9999 -9999 -9999 -9999 -9999 73 74 74 75 74 74 74 73 73 75 74 74 75 75 75 75 76 76 76 75 75 76 75 75 75 75 75 74 74 74 74 74 73 74 75 73 73 74 75 73 73 74 71 65 61 56 53 53 55 57 58 58 57 58 56 57 58 61 62 61 65 65 66 68 69 69 69 70 70 70 70 70 70 70 70 70 70
-9999 -9999 -9999 -9999 -9999 -9999 -9999 -9999 -9999 -9999 -9999 -9999 -9999 -9999 -9999 -9999 -9999 -9999 70 74 75 74 75 75 75 76 74 74 75 75 75 76 75 76 76 76 76 75 76 75 75 75 75 75 75 75 74 74 74 74 74 74 73 73 76 75 75 75 73 74 69 68 64 59 54 53 53 54 57 58 59 57 56 58 58 58 63 64 65 65 67 68 69 69 69 69 70 69 70 70 70 70 70 70 70
-9999 -9999 -9999 -9999 -9999 -9999 -9999 -9999 -9999 -9999 -9999 -9999 -9999 -9999 -9999 -9999 -9999 -9999 -9999 73 74 75 75 76 76 75 76 75 75 76 76 75 75 75 75 75 76 75 76 75 76 75 75 75 75 75 74 74 75 75 74 74 74 74 73 76 74 74 74 74 72 69 65 58 55 54 53 53 58 57 57 58 57 57 60 61 61 64 66 66 64 67 68 69 69 69 69 69 70 70 70 70 71 70 70
-9999 -9999 -9999 -9999 -9999 -9999 -9999 -9999 -9999 -9999 -9999 -9999 -9999 -9999 -9999 -9999 -9999 -9999 -9999 -9999 72 75 75 75 76 75 76 75 76 76 76 75 76 75 75 75 75 76 75 75 76 75 75 75 75 75 75 75 75 75 74 74 73 74 73 74 75 74 74 75 74 72 65 60 56 57 56 54 54 58 59 59 58 61 63 63 63 64 62 55 60 63 65 67 69 70 69 69 70 70 70 71 70 70 69
-9999 -9999 -9999 -9999 -9999 -9999 -9999 -9999 -9999 -9999 -9999 -9999 -9999 -9999 -9999 -9999 -9999 -9999 -9999 -9999 -9999 72 72 76 74 75 76 76 76 77 77 76 76 75 76 76 77 76 76 76 76 76 75 75 75 75 75 75 75 74 75 74 74 74 74 75 76 74 75 74 74 73 71 64 60 64 60 54 53 56 57 58 58 61 60 61 62 60 58 55 54 56 60 61 68 68 69 68 70 70 70 70 70 69 69
-9999 -9999 -9999 -9999 -9999 -9999 -9999 -9999 -9999 -9999 -9999 -9999 -9999 -9999 -9999 -9999 -9999 -9999 -9999 -9999 -9999 -9999 -9999 71 74 76 75 75 76 75 77 77 77 76 76 77 76 78 76 76 75 75 75 74 75 75 75 75 74 75 75 74 75 74 74 76 75 74 75 74 71 69 70 71 71 63 57 55 53 54 56 58 60 63 58 57 57 58 60 62 55 56 61 63 65 65 67 69 70 70 70 70 69 68 69
-9999 -9999 -9999 -9999 -9999 -9999 -9999 -9999 -9999 -9999 -9999 -9999 -9999 -9999 -9999 -9999 -9999 -9999 -9999 -9999 -9999 -9999 -9999 -9999 -9999 -9999 76 74 74 75 75 76 77 77 78 77 77 77 77 77 77 76 75 75 76 75 75 75 75 74 74 74 75 74 75 74 74 75 72 70 69 70 71 68 71 67 61 56 55 55 56 59 60 60 57 54 56 58 61 60 63 58 59 63 64 63 64 68 68 69 70 69 68 68 68
-9999 -9999 -9999 -9999 -9999 -9999 -9999 -9999 -9999 -9999 -9999 -9999 -9999 -9999 -9999 -9999 -9999 -9999 -9999 -9999 -9999 -9999 -9999 -9999 -9999 -9999 71 75 75 75 75 76 77 77 77 77 76 75 75 76 78 77 75 76 75 75 75 75 75 74 74 74 74 74 74 74 75 74 75 72 70 72 72 70 70 70 66 62 58 61 58 57 60 60 58 55 56 58 59 57 58 59 55 57 58 65 61 62 64 66 69 68 68 67 68
-9999 -9999 -9999 -9999 -9999 -9999 -9999 -9999 -9999 -9999 -9999 -9999 -9999 -9999 -9999 -9999 -9999 -9999 -9999 -9999 -9999 -9999 -9999 -9999 -9999 -9999 71 76 75 76 76 76 76 76 77 76 76 74 73 76 76 77 77 76 76 75 75 75 74 74 74 74 74 75 75 75 75 75 75 75 74 74 68 67 70 71 70 66 58 64 60 57 57 58 58 56 55 55 56 55 55 57 53 53 53 55 58 59 61 63 68 64 65 64 65
-9999 -9999 -9999 -9999 -9999 -9999 -9999 -9999 -9999 -9999 -9999 -9999 -9999 -9999 -9999 -9999 -9999 -9999 -9999 -9999 -9999 -9999 -9999 -9999 -9999 70 71 72 73 75 75 74 76 75 76 76 76 76 73 74 72 74 77 76 76 76 76 74 75 74 74 74 74 74 74 74 75 75 75 73 71 70 73 72 70 67 69 69 70 67 62 57 55 56 55 57 55 53 54 53 53 54 54 54 55 56 57 58 62 63 66 64 60 60 61
-9999 -9999 -9999 -9999 -9999 -9999 -9999 -9999 -9999 -9999 -9999 -9999 -9999 -9999 -9999 -9999 -9999 -9999 -9999 -9999 -9999 -9999 -9999 -9999 69 71 71 73 73 73 74 74 75 75 75 76 76 76 75 75 74 73 76 76 76 77 76 75 74 74 74 74 74 74 74 74 74 75 74 75 74 71 71 71 73 70 72 70 68 70 68 64 61 57 55 54 54 53 53 53 53 53 53 53 58 59 60 61 61 61 63 63 61 61 59
-9999 -9999 -9999 -9999 -9999 -9999 -9999 -9999 -9999 -9999 -9999 -9999 -9999 -9999 -9999 -9999 68 68 68 68 68 69 68 71 73 73 74 72 73 73 74 75 75 75 75 75 75 75 74 75 75 75 76 76 76 76 76 76 75 75 73 74 73 74 74 75 75 74 75 75 74 72 69 67 70 73 69 70 68 66 68 64 58 54 54 53 54 53 54 54 54 54 53 53 55 54 55 54 56 58 62 62 61 61 62
-9999 -9999 -9999 -9999 -9999 -9999 -9999 -9999 -9999 -9999 -9999 -9999 -9999 66 66 68 69 71 71 71 71 73 72 70 71 72 73 74 73 73 74 75 74 75 75 75 73 73 73 72 74 74 75 74 73 72 72 75 76 76 75 74 74 73 74 74 73 74 74 74 75 74 72 69 69 71 68 66 68 66 66 64 58 54 54 54 54 55 56 55 56 54 53 53 53 54 53 53 53 55 60 60 59 60 60
-9999 -9999 -9999 -9999 -9999 -9999 -9999 -9999 -9999 -9999 -9999 -9999 68 68 69 70 71 70 70 70 71 72 70 71 72 72 73 73 73 74 73 72 74 73 72 73 74 72 73 71 72 72 71 75 73 70 72 74 75 75 75 74 73 73 74 74 74 74 75 74 74 74 74 72 69 67 71 68 65 64 61 66 60 58 58 56 54 55 55 56 56 56 54 54 53 54 53 53 53 56 56 58 56 57 56
-9999 -9999 -9999 -9999 -9999 -9999 -9999 -9999 -9999 -9999 -9999 65 68 69 70 69 70 70 69 69 71 71 70 72 72 72 73 73 72 73 73 71 71 69 70 73 73 74 71 71 72 73 74 74 74 72 74 73 75 75 75 74 73 73 74 74 73 74 74 74 74 74 74 73 73 70 68 67 64 59 60 63 64 63 59 56 54 54 54 54 54 55 55 54 54 54 54 53 53 54 54 55 55 55 55
