test/testdata/Hispaniola_WorldClim/snv_13.asc
ncols         743
nrows         319
xllcorner     -74.500956448335
yllcorner     17.448920549066
cellsize      0.0083333333333333
NODATA_value  -9999
[rows 195 to 233 of 319, columns 88 to 175 of 743]
331 340 341 322 319 324 316 309 320 318 316 292 252 249 244 243 242 289 295 293 267 263 259 276 296 272 246 276 272 278 269 272 234 207 203 225 233 228 230 195 199 195 190 180 176 196 184 189 179 176 179 176 173 163 156 155 155 157 157 157 156 155 -9999 -9999 -9999 157 155 164 164 160 167 163 162 160 160 -9999 -9999 -9999 -9999 -9999 -9999 -9999 -9999 -9999 -9999 -9999 -9999 -9999
345 347 345 343 340 334 334 334 332 330 304 259 254 250 278 249 295 303 292 307 287 299 303 302 300 273 266 270 282 286 291 293 263 233 249 263 268 254 239 200 225 232 247 236 175 172 168 167 165 164 176 171 167 161 159 156 159 165 161 161 159 160 157 156 158 164 160 173 179 170 179 176 168 164 162 161 162 -9999 -9999 -9999 -9999 -9999 -9999 -9999 -9999 -9999 -9999 -9999
333 330 333 323 322 329 341 336 334 333 265 263 260 297 318 317 316 313 311 308 307 306 307 308 304 303 298 301 294 297 297 297 284 260 258 270 285 239 228 213 239 278 257 221 182 173 171 170 168 176 179 173 164 165 157 156 170 179 179 174 178 165 163 162 165 162 166 185 190 179 184 190 178 175 181 163 162 162 -9999 -9999 -9999 -9999 -9999 -9999 -9999 -9999 -9999 169
321 321 319 320 320 320 332 331 334 320 272 303 326 318 320 319 315 312 310 309 308 308 307 305 305 306 302 298 283 292 298 298 297 270 278 287 283 289 286 268 260 273 249 205 185 178 181 178 172 170 168 160 160 162 172 178 169 189 205 197 197 180 176 171 167 168 174 177 175 192 209 206 192 181 187 187 174 170 164 -9999 -9999 -9999 -9999 167 168 192 198 194
322 335 341 341 324 330 347 344 340 283 279 335 324 321 316 316 313 312 311 311 312 308 307 303 298 295 297 291 285 284 287 297 291 277 277 258 265 277 282 267 248 256 237 208 190 185 180 176 174 172 171 161 160 171 172 205 171 180 187 195 252 220 186 181 183 184 193 192 189 185 198 222 227 201 201 189 188 185 172 169 -9999 166 166 168 177 194 204 207
326 327 322 323 353 357 351 346 322 290 333 326 320 317 315 315 317 314 313 314 313 311 310 309 304 297 294 296 287 286 282 278 281 266 262 258 252 252 252 229 222 219 219 204 194 190 195 185 182 169 166 164 172 184 179 187 195 182 180 195 211 222 225 236 216 213 219 238 247 239 207 205 233 239 220 211 193 195 198 191 189 186 178 186 187 189 199 196
327 324 324 356 362 362 330 328 352 341 339 324 319 317 324 327 328 325 322 319 316 313 311 311 307 303 302 291 287 282 280 275 272 265 264 261 253 249 247 248 256 248 225 236 219 205 194 199 202 182 181 226 228 227 229 235 224 225 208 246 259 257 263 269 269 267 266 274 289 274 264 252 243 243 234 226 220 216 203 193 190 186 177 174 175 177 187 185
334 331 330 324 353 333 322 334 348 353 320 321 320 319 334 333 329 326 325 322 320 317 312 309 306 303 301 297 288 279 274 278 274 268 262 257 248 249 246 246 254 243 223 239 236 220 215 225 196 230 174 227 247 233 260 270 275 275 273 269 273 278 288 290 286 290 294 297 291 284 284 274 269 263 257 245 235 229 201 192 186 185 177 188 173 174 174 178
329 328 326 325 327 325 323 327 338 346 324 321 320 320 325 322 323 325 321 322 319 318 317 315 313 309 303 300 294 290 282 278 272 254 251 255 255 245 243 269 244 226 217 204 229 239 239 219 182 180 177 178 177 211 232 240 260 288 287 290 288 295 298 300 303 302 297 293 287 289 286 284 281 271 258 254 240 215 201 190 184 179 178 173 173 174 174 176
332 329 338 334 327 328 328 324 326 327 336 323 322 322 327 328 324 323 321 320 318 318 319 317 315 314 310 305 300 294 288 284 270 266 260 248 242 242 253 276 272 218 222 219 203 214 216 204 194 202 199 207 205 204 193 212 243 244 251 272 294 294 302 298 302 300 297 293 290 287 287 286 277 273 258 255 232 210 194 190 185 182 179 176 174 174 175 176
335 329 346 358 331 356 337 325 329 330 337 337 334 329 333 341 335 332 330 327 324 322 321 319 317 316 314 310 305 302 297 291 284 278 271 260 245 243 236 244 246 231 218 235 233 209 198 193 225 221 210 238 242 238 247 245 250 247 236 234 243 253 258 261 271 269 282 283 289 290 283 282 274 276 264 258 242 220 193 187 188 189 176 175 174 173 175 176
342 330 347 368 376 377 345 326 332 341 355 355 352 351 328 337 342 338 336 330 327 323 322 320 319 317 315 313 309 305 299 294 289 280 271 259 262 246 240 233 230 226 220 223 232 233 216 231 234 234 242 241 242 245 237 249 235 244 241 232 231 230 240 251 255 246 249 259 265 283 276 277 273 263 253 250 246 213 189 190 190 192 188 173 174 175 176 193
395 373 358 370 389 385 381 354 350 370 365 363 358 321 328 308 325 338 338 335 332 325 323 321 320 319 318 316 312 310 305 295 288 284 279 270 259 255 250 248 238 234 224 221 225 234 230 239 240 236 245 238 240 243 236 226 222 225 226 228 221 222 233 229 219 221 223 232 235 248 246 241 237 228 203 208 205 207 197 198 199 202 205 206 200 206 224 220
399 365 360 382 394 378 386 381 374 371 357 320 304 309 307 304 308 322 320 324 322 325 328 326 324 321 319 318 315 314 307 302 293 286 282 274 266 260 253 250 241 233 232 226 223 221 235 234 234 221 233 217 216 224 222 214 213 213 214 218 214 219 222 218 218 220 221 219 219 219 214 197 202 192 191 192 192 197 195 198 200 201 210 209 212 211 227 231
413 409 407 387 360 364 382 377 366 347 326 311 306 304 305 304 309 319 317 329 326 328 326 328 324 322 321 320 318 318 316 312 305 304 302 297 279 270 270 256 250 250 248 241 234 230 229 235 227 233 240 228 220 221 219 229 230 227 217 214 215 217 216 216 218 214 213 208 211 206 214 208 197 194 193 192 192 193 194 198 201 201 206 207 209 216 223 227
338 335 333 328 334 330 320 317 316 315 311 308 306 308 305 304 312 331 346 341 337 336 329 328 327 324 324 325 322 324 319 313 315 318 315 310 299 303 294 286 293 281 284 279 273 257 254 242 239 246 258 236 228 231 241 253 258 256 249 233 220 220 216 220 216 215 213 211 207 204 204 201 216 197 201 206 193 193 194 195 196 202 213 211 211 214 216 218
340 337 359 343 327 325 321 321 321 316 316 320 308 306 306 327 349 339 344 344 332 327 327 327 326 325 324 326 329 324 320 320 321 326 327 327 317 312 311 310 316 310 309 307 298 281 268 258 241 230 233 239 243 250 268 257 259 273 265 241 220 244 237 245 247 240 254 233 215 207 206 202 201 212 219 205 208 197 194 195 196 197 219 219 209 212 220 237
391 380 397 403 395 374 389 393 387 383 380 371 352 318 306 343 351 354 339 332 329 329 331 329 328 326 326 324 328 334 333 332 331 326 325 328 325 329 323 320 318 318 309 308 305 299 258 245 241 217 210 211 219 213 231 251 254 247 242 226 234 249 247 253 242 240 244 246 258 234 211 210 206 214 222 224 217 210 209 200 199 197 207 219 214 210 222 229
428 419 419 411 403 388 386 385 384 377 359 364 338 312 308 337 321 356 349 348 338 332 330 331 332 329 328 326 325 332 329 331 322 317 315 317 318 329 322 312 302 304 309 296 296 290 266 232 239 226 209 208 203 200 204 202 210 213 232 227 236 224 241 228 220 227 246 225 236 236 250 251 252 241 241 230 222 215 223 213 203 198 201 199 202 219 214 219
430 408 386 369 385 367 373 364 356 350 340 334 327 311 312 321 325 357 354 347 347 344 341 338 316 331 330 327 328 333 328 321 319 300 307 303 314 323 318 298 271 275 294 275 245 239 224 230 214 216 208 204 202 200 199 199 201 202 210 212 214 210 206 206 207 207 209 207 211 205 232 245 265 253 251 243 231 221 216 217 201 202 210 202 211 224 224 228
365 365 354 365 366 361 364 362 351 338 337 315 312 313 322 336 346 333 335 350 349 346 341 317 308 334 331 329 328 326 327 321 304 295 295 315 319 322 310 275 264 252 256 253 242 243 229 220 216 212 209 206 203 201 200 200 200 200 205 202 209 208 206 203 203 199 198 201 202 200 229 236 234 240 231 245 238 223 219 212 226 205 202 205 205 212 218 232
348 362 344 364 387 361 354 345 343 329 327 312 313 314 338 335 323 356 358 354 351 337 326 316 308 304 320 331 329 324 324 318 302 292 322 321 325 323 318 303 271 248 253 272 257 239 229 239 217 214 210 208 205 204 203 202 201 201 206 229 218 214 209 205 201 198 197 196 197 196 214 254 249 222 219 219 233 227 221 222 220 212 220 217 204 206 206 218
342 355 340 379 385 379 348 335 341 333 325 314 313 314 336 347 319 342 354 356 353 348 324 332 304 303 301 300 293 288 284 293 286 310 317 323 324 321 317 296 263 272 248 255 237 230 228 226 218 216 212 210 207 206 204 203 203 204 212 216 274 255 228 219 208 203 200 196 196 195 200 236 249 237 229 216 212 210 210 220 211 220 213 220 217 206 199 210
339 340 374 381 386 382 372 329 339 332 330 313 313 314 333 317 318 324 336 335 349 336 319 314 306 318 328 329 310 290 292 318 320 323 323 322 320 319 317 307 251 243 241 236 233 228 223 221 219 217 215 211 209 207 206 205 204 205 209 244 235 236 239 243 233 247 218 233 204 195 206 249 258 254 250 227 219 218 210 209 203 207 207 205 208 198 205 202
340 334 359 375 394 373 374 325 333 319 313 314 313 314 315 316 332 341 320 310 335 309 308 343 343 340 338 335 323 291 322 325 320 321 313 322 298 280 273 279 256 245 241 236 232 228 225 223 220 218 215 213 211 210 211 207 207 207 210 227 224 221 239 226 241 248 242 261 222 197 229 255 253 251 256 233 221 218 232 224 217 209 213 215 201 199 198 211
338 334 339 352 360 362 349 322 350 316 314 313 314 331 314 319 348 344 327 309 312 310 336 344 336 326 323 306 296 292 325 329 321 295 277 303 276 263 256 259 251 246 241 237 233 231 227 224 222 220 217 215 213 223 228 212 217 222 211 232 221 222 217 242 219 231 234 237 211 193 213 250 252 230 255 249 233 224 221 229 222 214 209 205 202 200 198 201
335 332 342 330 337 356 339 319 318 349 313 313 313 330 313 334 331 335 330 309 308 309 331 310 306 307 303 300 297 297 306 321 300 282 273 286 263 259 255 251 249 247 243 239 235 -9999 -9999 226 224 221 224 217 215 220 212 211 221 222 212 233 228 224 228 225 223 229 227 239 211 194 224 234 237 222 236 229 232 236 230 233 228 217 214 208 203 202 200 195
331 341 325 337 350 385 366 354 316 314 313 313 325 332 311 333 323 318 316 308 307 308 316 305 -9999 -9999 -9999 301 299 302 299 287 282 276 273 -9999 -9999 -9999 -9999 -9999 250 248 244 -9999 -9999 -9999 -9999 -9999 -9999 223 221 218 216 214 212 211 228 226 214 222 223 226 223 226 221 223 222 229 195 194 237 239 225 226 222 228 224 228 234 260 249 248 257 230 223 206 203 196
332 327 324 345 375 393 369 349 351 313 313 312 331 323 -9999 330 -9999 -9999 -9999 -9999 322 324 327 -9999 -9999 -9999 -9999 -9999 303 301 294 286 -9999 -9999 -9999 -9999 -9999 -9999 -9999 -9999 -9999 -9999 -9999 -9999 -9999 -9999 -9999 -9999 -9999 226 254 237 217 216 213 213 236 222 210 210 213 211 218 211 209 206 213 215 209 193 212 222 219 218 220 223 223 227 228 231 235 236 238 240 231 240 213 200
329 323 321 343 359 394 380 339 316 312 309 312 323 -9999 323 312 -9999 -9999 -9999 316 329 314 319 320 -9999 -9999 -9999 -9999 299 296 297 289 -9999 -9999 -9999 -9999 -9999 -9999 -9999 -9999 -9999 -9999 -9999 -9999 -9999 -9999 -9999 -9999 230 239 247 252 231 218 216 221 213 212 210 209 208 208 206 205 206 203 205 207 206 194 198 207 209 212 210 209 213 216 212 221 223 229 224 222 230 240 238 220
328 322 335 339 351 363 380 332 -9999 -9999 -9999 312 -9999 -9999 326 312 -9999 -9999 320 338 325 311 307 321 314 -9999 -9999 -9999 -9999 -9999 -9999 -9999 -9999 -9999 -9999 -9999 -9999 -9999 -9999 -9999 -9999 -9999 249 -9999 247 -9999 -9999 -9999 233 230 240 232 236 220 218 -9999 -9999 -9999 -9999 207 208 207 205 204 204 203 201 201 197 195 195 199 200 201 199 204 206 210 206 214 212 210 216 214 224 223 222 236
325 319 318 325 329 326 329 325 -9999 -9999 -9999 -9999 -9999 319 311 311 -9999 -9999 324 326 320 306 303 312 304 -9999 -9999 -9999 -9999 -9999 -9999 -9999 -9999 -9999 -9999 -9999 -9999 -9999 -9999 -9999 -9999 -9999 254 248 245 -9999 -9999 243 243 -9999 228 226 -9999 -9999 -9999 -9999 -9999 -9999 -9999 208 208 206 204 203 205 201 199 197 196 195 193 195 197 197 199 198 202 205 199 204 201 207 207 206 212 211 219 225
322 320 317 315 313 313 311 311 -9999 -9999 -9999 -9999 310 308 -9999 -9999 -9999 -9999 -9999 308 -9999 -9999 -9999 -9999 -9999 -9999 -9999 -9999 -9999 -9999 -9999 -9999 -9999 -9999 -9999 -9999 -9999 -9999 -9999 -9999 -9999 -9999 -9999 -9999 -9999 -9999 -9999 -9999 -9999 -9999 -9999 -9999 -9999 -9999 -9999 -9999 -9999 -9999 -9999 -9999 -9999 -9999 -9999 204 203 201 200 199 197 196 195 195 195 196 197 196 197 199 199 199 200 201 201 200 204 204 210 212
321 318 316 314 313 -9999 -9999 -9999 -9999 -9999 -9999 -9999 -9999 -9999 -9999 -9999 -9999 -9999 -9999 -9999 -9999 -9999 -9999 -9999 -9999 -9999 -9999 -9999 -9999 -9999 -9999 -9999 -9999 -9999 -9999 -9999 -9999 -9999 -9999 -9999 -9999 -9999 -9999 -9999 -9999 -9999 -9999 -9999 -9999 -9999 -9999 -9999 -9999 -9999 -9999 -9999 -9999 -9999 -9999 -9999 -9999 -9999 -9999 -9999 -9999 -9999 -9999 -9999 -9999 -9999 -9999 -9999 -9999 194 193 192 194 199 196 194 197 195 197 192 200 199 202 202
319 317 316 312 -9999 -9999 -9999 -9999 -9999 -9999 -9999 -9999 -9999 -9999 -9999 -9999 -9999 -9999 -9999 -9999 -9999 -9999 -9999 -9999 -9999 -9999 -9999 -9999 -9999 -9999 -9999 -9999 -9999 -9999 -9999 -9999 -9999 -9999 -9999 -9999 -9999 -9999 -9999 -9999 -9999 -9999 -9999 -9999 -9999 -9999 -9999 -9999 -9999 -9999 -9999 -9999 -9999 -9999 -9999 -9999 -9999 -9999 -9999 -9999 -9999 -9999 -9999 -9999 -9999 -9999 -9999 -9999 -9999 -9999 -9999 192 192 191 192 192 192 195 194 191 193 195 194 194
317 317 -9999 -9999 -9999 -9999 -9999 -9999 -9999 -9999 -9999 -9999 -9999 -9999 -9999 -9999 -9999 -9999 -9999 -9999 -9999 -9999 -9999 -9999 -9999 -9999 -9999 -9999 -9999 -9999 -9999 -9999 -9999 -9999 -9999 -9999 -9999 -9999 -9999 -9999 -9999 -9999 -9999 -9999 -9999 -9999 -9999 -9999 -9999 -9999 -9999 -9999 -9999 -9999 -9999 -9999 -9999 -9999 -9999 -9999 -9999 -9999 -9999 -9999 -9999 -9999 -9999 -9999 -9999 -9999 -9999 -9999 -9999 -9999 -9999 -9999 -9999 -9999 -9999 -9999 189 189 189 187 187 187 190 187
-9999 -9999 -9999 -9999 -9999 -9999 -9999 -9999 -9999 -9999 -9999 -9999 -9999 -9999 -9999 -9999 -9999 -9999 -9999 -9999 -9999 -9999 -9999 -9999 -9999 -9999 -9999 -9999 -9999 -9999 -9999 -9999 -9999 -9999 -9999 -9999 -9999 -9999 -9999 -9999 -9999 -9999 -9999 -9999 -9999 -9999 -9999 -9999 -9999 -9999 -9999 -9999 -9999 -9999 -9999 -9999 -9999 -9999 -9999 -9999 -9999 -9999 -9999 -9999 -9999 -9999 -9999 -9999 -9999 -9999 -9999 -9999 -9999 -9999 -9999 -9999 -9999 -9999 -9999 -9999 -9999 -9999 -9999 -9999 -9999 -9999 -9999 -9999
-9999 -9999 -9999 -9999 -9999 -9999 -9999 -9999 -9999 -9999 -9999 -9999 -9999 -9999 -9999 -9999 -9999 -9999 -9999 -9999 -9999 -9999 -9999 -9999 -9999 -9999 -9999 -9999 -9999 -9999 -9999 -9999 -9999 -9999 -9999 -9999 -9999 -9999 -9999 -9999 -9999 -9999 -9999 -9999 -9999 -9999 -9999 -9999 -9999 -9999 -9999 -9999 -9999 -9999 -9999 -9999 -9999 -9999 -9999 -9999 -9999 -9999 -9999 -9999 -9999 -9999 -9999 -9999 -9999 -9999 -9999 -9999 -9999 -9999 -9999 -9999 -9999 -9999 -9999 -9999 -9999 -9999 -9999 -9999 -9999 -9999 -9999 -9999
-9999 -9999 -9999 -9999 -9999 -9999 -9999 -9999 -9999 -9999 -9999 -9999 -9999 -9999 -9999 -9999 -9999 -9999 -9999 -9999 -9999 -9999 -9999 -9999 -9999 -9999 -9999 -9999 -9999 -9999 -9999 -9999 -9999 -9999 -9999 -9999 -9999 -9999 -9999 -9999 -9999 -9999 -9999 -9999 -9999 -9999 -9999 -9999 -9999 -9999 -9999 -9999 -9999 -9999 -9999 -9999 -9999 -9999 -9999 -9999 -9999 -9999 -9999 -9999 -9999 -9999 -9999 -9999 -9999 -9999 -9999 -9999 -9999 -9999 -9999 -9999 -9999 -9999 -9999 -9999 -9999 -9999 -9999 -9999 -9999 -9999 -9999 -9999
