test/testdata/Hispaniola_WorldClim/snv_12.asc
ncols         743
nrows         319
xllcorner     -74.500956448335
yllcorner     17.448920549066
cellsize      0.0083333333333333
NODATA_value  -9999
[rows 185 to 221 of 319, columns 328 to 409 of 743]
1144 971 707 680 667 659 660 663 670 910 922 880 971 837 913 812 896 994 1004 1168 1320 1391 1327 1198 1357 1358 1311 1311 1306 1330 1355 1345 1272 1337 1361 1288 1244 1225 1328 1404 1337 1288 1143 1133 1162 1222 1162 1164 1116 1078 1078 1105 1186 1276 1296 1298 1319 1337 1327 1297 1239 1279 1209 1152 1072 977 871 941 938 921 983 918 974 1072 1052 1043 1134 1175 1137 1125 1087 1113
1014 971 849 663 655 651 654 655 658 666 670 684 715 722 782 790 843 906 969 1028 1177 1302 1093 1362 1371 1354 1364 1328 1295 1298 1340 1311 1241 1225 1308 1323 1254 1130 1239 1342 1341 1295 1174 1088 1133 1161 1096 1111 1081 1017 985 1181 1283 1235 1246 1212 1262 1299 1304 1270 1205 1198 1178 1109 1064 1001 864 870 919 963 928 960 912 967 977 1031 1100 1139 1123 1076 1078 1021
856 822 718 665 642 645 645 649 654 658 664 671 675 689 722 746 797 832 863 913 1003 1088 1123 1205 1287 1249 1328 1313 1308 1281 1249 1259 1299 1198 1259 1295 1307 1112 1135 1322 1291 1286 1206 1058 1198 1204 1067 1021 1029 900 902 985 1093 1140 1174 1180 1226 1196 1261 1243 1213 1144 1178 1074 1052 953 903 858 839 867 849 885 880 892 935 1000 992 1040 1026 965 977 952
768 762 710 656 641 643 643 646 649 654 659 662 668 677 690 726 740 769 788 821 877 921 952 1059 1080 1252 1126 1246 1297 1346 1284 1227 1190 1169 1208 1214 1151 1143 982 1164 1221 1186 1109 1036 1134 1038 1064 965 953 878 890 906 929 935 1042 1089 1135 1161 1193 1186 1180 1122 1105 1028 958 931 892 855 826 821 837 844 844 858 876 914 934 906 914 890 893 876
730 717 666 649 637 636 639 642 645 649 655 659 664 668 676 680 694 694 729 766 805 826 873 905 939 975 995 1095 1168 1218 1222 1188 1108 1074 997 1087 1023 991 934 999 1035 1066 976 1111 1145 1007 941 918 867 818 810 810 800 828 880 932 991 1087 1109 1100 1097 1008 995 938 899 897 866 847 820 811 812 826 832 842 829 837 836 837 856 849 840 849
669 663 659 633 634 633 635 637 640 646 648 654 660 665 671 676 683 692 699 740 775 815 812 835 842 883 898 920 966 1070 1031 939 974 990 985 1011 938 901 898 895 918 922 946 1028 1050 1063 927 835 851 797 761 730 725 745 716 769 816 884 882 914 899 910 944 1043 961 898 848 862 835 803 796 807 803 815 815 821 825 829 842 823 839 838
640 637 631 632 631 632 632 634 638 639 645 649 654 661 665 672 679 685 691 697 716 753 762 776 804 843 872 878 882 916 920 916 912 896 903 898 877 863 857 858 844 880 864 877 816 835 867 788 738 715 719 702 672 677 648 656 729 763 772 811 819 837 800 779 782 791 782 750 814 798 790 790 801 785 799 808 820 827 848 804 792 790
636 630 629 626 626 628 628 631 636 636 640 648 650 655 660 666 672 680 686 694 698 710 719 728 743 784 815 870 873 882 884 885 883 879 874 872 861 852 843 839 824 826 824 793 759 801 815 785 699 682 690 667 648 638 630 630 629 651 668 689 711 780 728 694 748 755 733 745 836 833 794 777 773 773 782 798 809 822 838 812 775 770
633 631 627 634 635 640 644 636 642 634 642 640 653 661 657 661 668 673 681 689 694 708 713 725 729 740 749 776 841 873 873 885 916 906 892 897 868 852 835 814 804 801 782 774 735 758 820 811 646 646 647 641 633 631 627 625 623 623 623 639 659 688 660 668 683 686 703 757 865 843 803 775 771 766 799 809 810 844 819 782 774 768
630 627 627 625 623 634 629 639 637 638 642 643 647 653 661 662 660 668 674 681 688 695 707 711 716 724 739 739 754 773 821 875 811 807 887 902 878 851 828 800 778 767 747 722 666 651 646 641 638 634 630 629 627 622 622 620 618 620 619 619 624 628 641 650 656 681 677 738 897 863 824 797 778 766 777 793 845 820 809 805 777 766
669 632 622 620 618 621 622 626 625 628 636 638 637 639 644 652 655 660 666 671 680 687 692 700 710 714 725 730 738 753 754 771 776 790 790 814 833 811 790 757 742 721 689 662 645 640 634 634 632 628 626 622 622 618 618 617 616 616 617 616 617 619 628 634 645 654 695 715 753 829 864 838 827 776 790 822 799 800 794 753 760 752
796 716 633 621 616 618 618 618 620 624 625 629 631 635 637 641 650 654 657 664 672 678 682 693 699 708 714 725 731 735 743 754 757 765 766 773 769 767 748 739 713 688 670 651 636 630 629 628 625 624 622 619 619 616 614 614 613 612 610 613 612 613 618 620 633 643 656 689 726 745 853 874 860 802 772 777 774 781 785 753 737 768
763 678 657 631 626 615 616 613 616 617 620 624 625 628 633 638 642 644 652 656 662 670 674 681 690 696 703 712 719 723 733 740 744 750 748 746 744 732 725 708 692 681 662 645 633 625 625 624 620 620 619 620 613 614 610 611 611 609 611 609 610 610 610 615 618 630 648 679 706 711 756 769 781 763 760 773 753 768 788 728 733 756
788 718 654 650 629 619 613 612 613 614 616 618 620 626 628 630 637 638 642 649 653 659 665 673 679 684 690 698 707 708 719 724 731 734 739 729 727 718 707 699 686 671 655 642 632 626 622 619 618 617 617 617 615 611 612 609 610 610 608 609 611 608 609 610 611 621 631 655 677 689 710 713 739 751 750 744 737 724 725 729 737 743
703 707 655 654 628 619 644 627 611 611 609 612 616 617 621 625 628 633 635 639 647 651 656 660 671 672 678 684 689 696 705 710 716 723 723 714 712 706 700 686 677 662 650 641 631 622 620 619 618 618 617 614 616 610 611 610 607 608 607 606 605 608 607 610 611 613 623 646 652 655 679 684 710 740 701 718 727 723 734 740 774 790
718 839 689 785 675 643 629 627 636 643 613 607 610 613 614 617 621 625 628 633 636 642 645 650 653 660 664 672 676 681 687 696 699 701 706 702 696 694 685 676 667 657 647 637 631 626 622 621 618 617 615 615 614 612 610 610 609 608 606 604 606 606 606 609 611 614 617 627 637 644 662 673 687 732 704 717 721 740 751 756 826 860
686 740 730 750 696 649 626 625 636 637 634 644 609 607 610 611 613 616 619 623 625 632 636 638 642 650 652 663 669 670 674 676 680 685 688 687 685 680 678 666 658 652 655 636 629 625 625 625 621 621 618 616 615 613 613 612 607 609 610 607 607 606 607 609 609 614 618 624 633 640 657 687 696 723 732 712 754 766 795 805 817 872
663 658 658 653 652 660 666 651 640 645 632 644 725 733 607 607 609 612 612 616 620 622 625 629 630 637 642 644 651 657 660 660 664 668 672 671 672 671 666 660 654 647 655 636 631 631 627 630 625 619 619 616 615 615 616 615 611 612 611 609 609 608 607 607 608 613 617 623 633 645 655 672 721 700 709 720 728 823 852 874 846 881
651 648 652 650 640 638 644 644 652 741 716 648 681 670 650 630 632 606 605 609 610 614 617 621 622 629 631 636 637 642 644 647 651 655 656 659 659 661 656 650 648 643 640 643 639 634 629 627 627 624 622 621 619 619 618 616 617 615 612 615 612 610 608 609 609 611 618 624 632 651 680 683 694 702 718 766 844 886 886 904 907 930
651 643 639 641 641 637 632 631 637 645 718 797 861 949 653 639 626 602 631 605 608 608 611 611 610 620 621 623 625 627 629 634 640 640 645 649 648 650 649 643 639 638 637 641 636 637 633 631 627 628 626 625 625 623 626 623 621 619 618 617 615 613 611 609 609 613 618 626 641 656 668 681 697 713 790 799 839 869 895 894 931 970
775 638 636 633 639 640 638 633 640 652 660 705 790 884 957 747 767 790 671 791 872 638 759 605 604 623 609 612 615 617 618 620 623 628 636 637 639 643 646 647 639 636 635 635 636 634 634 633 630 634 631 630 628 629 629 630 628 626 625 624 620 617 615 615 613 613 619 628 642 658 682 716 752 797 824 832 839 860 878 925 930 976
1210 1096 679 668 659 826 795 667 643 647 665 689 767 777 1016 1123 1246 1191 1064 1310 1455 1362 1207 752 735 689 609 600 602 602 606 630 614 616 623 627 632 640 641 643 637 634 637 637 633 634 635 634 636 636 635 634 636 639 636 634 635 634 631 629 628 628 623 620 617 618 619 631 645 665 693 712 736 768 787 814 849 858 889 929 953 1025
1657 1687 1670 1531 1271 1524 1260 1095 1025 806 762 691 896 1070 1097 1396 1339 1408 1530 1530 1428 1404 1414 1365 1216 1223 753 656 600 595 590 597 626 662 628 622 624 630 635 638 636 636 638 638 641 635 633 639 640 641 640 640 646 646 641 643 642 641 641 639 636 635 632 630 628 629 629 639 657 677 694 720 746 793 808 827 866 915 1002 1039 1104 1143
1318 1513 1487 1497 1540 1656 1664 1474 1167 1259 849 843 1078 1069 1148 1317 1341 1349 1469 1531 1530 1344 1342 1316 1263 1166 978 680 622 585 581 586 603 618 619 625 636 635 636 634 637 637 640 638 641 636 638 642 643 646 645 650 650 651 651 651 651 652 652 649 649 650 645 645 645 644 648 654 674 687 705 802 832 880 812 842 851 901 940 997 1078 1192
1272 1283 1454 1498 1537 1556 1653 1679 1542 1460 1641 1352 1411 1502 1318 1184 1251 1395 1391 1401 1369 1293 1335 1314 1239 1055 910 749 819 934 734 664 595 607 635 655 645 636 635 636 637 637 639 641 645 648 644 643 649 649 651 654 656 660 662 663 661 661 664 665 664 663 661 663 663 663 673 680 696 711 725 738 754 816 828 827 838 872 889 907 986 1026
1399 1419 1304 1364 1582 1588 1603 1484 1548 1554 1625 1648 1582 1381 1367 1360 1454 1272 1253 1246 1299 1206 1156 1105 1206 1372 1360 1124 937 976 958 819 873 656 645 671 717 698 641 643 646 644 645 647 642 644 650 648 652 658 659 661 666 664 669 673 676 675 678 679 679 680 683 684 688 691 701 708 720 734 748 763 777 802 830 835 836 865 870 894 925 927
1786 1609 1419 1361 1344 1532 1458 1576 1637 1676 1614 1603 1647 1403 1595 1563 1295 1394 1355 1244 1240 1297 1337 1183 1168 1330 1333 1147 974 988 980 915 927 792 646 642 722 744 712 663 665 650 649 654 652 651 655 658 663 664 665 670 674 674 679 684 686 687 692 694 697 697 700 705 710 718 723 735 746 761 773 791 803 814 830 839 844 864 879 890 907 917
1776 1800 1781 1698 1497 1385 1364 1376 1479 1508 1672 1645 1643 1451 1634 1627 1614 1580 1239 1234 1398 1228 1257 1265 1218 1202 1197 1109 984 1040 1056 1023 939 801 664 639 644 648 651 649 650 672 657 661 661 661 659 667 668 670 675 680 683 685 690 694 698 703 708 709 714 717 723 729 735 744 750 762 774 790 803 819 832 843 855 864 870 875 886 888 889 917
1624 1761 1843 1766 1683 1704 1506 1387 1417 1495 1664 1662 1571 1597 1563 1550 1626 1608 1506 1226 1205 1186 1193 1199 1286 1312 1231 1020 1079 1109 1166 1220 1235 1112 1051 885 677 648 654 664 650 653 664 675 673 670 669 673 676 682 685 690 692 695 701 706 713 716 721 729 732 739 753 758 770 787 782 785 805 820 832 846 862 873 884 891 899 902 906 909 913 914
1627 1570 1604 1672 1702 1695 1797 1708 1496 1413 1563 1642 1608 1618 1597 1611 1535 1546 1406 1461 1216 1194 1176 1190 1155 1313 1152 1173 1273 1273 1359 1209 1282 1402 1315 1129 759 692 664 660 655 661 678 683 682 680 684 680 686 691 695 700 703 709 713 720 725 732 739 745 754 768 775 775 781 800 800 814 826 841 861 877 889 902 913 921 926 930 933 931 936 935
1608 1603 1636 1680 1535 1626 1774 1815 1803 1778 1627 1440 1572 1637 1655 1642 1636 1595 1557 1480 1251 1204 1255 1203 1158 1162 1228 1238 1282 1398 1486 1524 1494 1501 1441 1410 909 757 687 661 658 681 699 701 687 701 696 709 701 702 706 709 713 720 724 730 741 748 756 765 768 780 790 792 807 815 826 840 854 871 890 909 920 933 945 953 956 958 959 959 957 957
1567 1533 1563 1554 1544 1543 1576 1522 1539 1641 1750 1778 1724 1490 1471 1571 1635 1623 1507 1317 1292 1422 1527 1385 1322 1412 1306 1370 1209 1263 1513 1556 1539 1544 1540 1521 1442 1270 789 714 668 669 738 701 698 718 721 727 716 720 719 720 725 731 738 747 754 764 772 821 826 834 806 814 827 837 854 869 885 900 922 942 953 963 974 984 982 984 987 982 981 980
1670 1572 1615 1532 1545 1523 1591 1588 1574 1541 1534 1645 1653 1512 1476 1487 1530 1539 1636 1561 1351 1534 1601 1586 1535 1507 1472 1483 1341 1319 1232 1543 1541 1544 1556 1552 1549 1521 1193 926 821 678 686 789 727 736 743 734 733 735 734 739 741 749 754 760 770 780 783 792 797 815 825 838 854 867 881 896 915 937 954 973 985 995 1005 1013 1014 1015 1011 1011 1007 1002
1522 1550 1611 1618 1682 1692 1696 1735 1608 1599 1554 1540 1622 1736 1755 1528 1577 1563 1507 1512 1550 1530 1618 1573 1540 1600 1594 1553 1464 1369 1463 1444 1543 1565 1562 1561 1557 1556 1527 1402 994 789 698 700 738 754 762 747 753 759 753 756 774 761 765 773 781 788 796 806 820 829 848 863 874 889 908 927 947 966 982 998 1013 1024 1039 1047 1046 1046 1040 1034 1030 -9999
1533 1525 1565 1583 1606 1643 1674 1690 1669 1662 1598 1597 1551 1549 1593 1759 1752 1726 1699 1641 1627 1564 1557 1534 1535 1539 1586 1567 1454 1460 1442 1484 1557 1575 1571 1568 1562 1562 1558 1535 1351 1098 914 708 728 802 854 780 790 777 775 791 779 788 789 790 796 802 816 827 842 855 869 883 903 912 930 955 971 991 1011 1028 1042 1053 1065 1069 1072 1072 1067 1059 -9999 -9999
1682 1581 1533 1543 1566 1579 1610 1612 1658 1652 1642 1623 1584 1585 1555 1572 1686 1708 1630 1733 1661 1698 1638 1552 1543 1550 1572 1572 1600 1576 1521 1486 1499 1564 1571 1574 1574 1482 1500 1482 1531 1392 1014 717 729 740 759 908 890 793 804 875 839 799 804 814 813 821 832 843 857 873 890 905 920 939 956 982 997 1013 1035 1052 1072 1088 1096 1104 1098 1100 1089 1082 -9999 -9999
1871 1726 1628 1556 1539 1548 1561 1583 1606 1635 1636 1644 1627 1633 1585 1571 1563 1590 1618 1653 1731 1692 1640 1688 1692 1683 1563 1569 1562 1560 1600 1578 1554 1551 1573 1572 1582 1508 1196 1099 1207 1163 880 762 745 752 764 798 821 848 908 904 891 996 842 828 826 837 848 862 877 892 909 928 945 963 987 1002 1015 1034 1054 1075 1091 1113 1120 1126 1125 1115 1109 -9999 -9999 -9999
