test/testdata/Hispaniola_WorldClim/snv_15.asc
ncols         743
nrows         319
xllcorner     -74.500956448335
yllcorner     17.448920549066
cellsize      0.0083333333333333
NODATA_value  -9999
[rows 84 to 125 of 319, columns 285 to 379 of 743]
48 48 48 48 48 48 47 47 46 44 44 47 47 47 46 46 44 43 43 43 43 43 43 42 42 43 43 43 43 42 42 42 42 42 42 42 42 42 42 42 41 41 42 42 42 46 50 50 49 52 51 52 52 50 52 52 53 52 52 52 52 51 52 51 50 49 49 49 49 49 50 50 50 51 51 51 51 51 52 52 52 52 52 52 51 53 52 52 52 51 46 46 48 48 48
49 49 49 49 49 49 49 48 47 46 44 44 46 47 46 44 44 43 43 43 43 44 43 43 43 43 43 43 43 43 43 42 43 43 43 43 42 42 42 42 42 42 42 42 42 42 45 47 46 51 51 52 52 49 51 52 52 53 51 50 50 51 52 50 50 49 49 49 49 49 50 51 51 51 50 50 50 51 52 51 52 52 52 52 51 52 52 51 51 51 51 47 47 47 49
50 50 50 50 49 49 49 49 49 48 47 47 45 45 46 45 45 45 44 43 44 44 44 44 44 43 43 43 43 43 43 43 43 43 43 43 43 43 43 42 42 42 42 42 42 43 43 43 43 49 47 50 51 45 46 49 52 53 50 47 49 51 50 50 50 50 49 49 49 50 50 51 51 50 50 49 50 51 53 51 51 52 51 51 51 52 51 48 49 49 49 48 48 49 49
51 50 50 50 50 50 50 49 50 48 46 46 47 46 47 47 47 46 45 44 44 45 45 44 44 44 44 44 43 43 44 43 43 44 44 44 43 43 43 43 43 43 43 43 43 43 43 43 43 43 47 50 44 44 44 47 51 53 52 50 49 50 48 50 50 49 49 50 50 50 51 51 51 50 51 51 52 52 53 50 51 50 51 50 51 52 51 48 48 48 48 47 47 48 48
52 51 51 49 51 51 51 51 50 50 49 49 48 48 47 48 48 47 46 45 45 46 45 45 45 44 44 44 44 44 44 44 44 44 44 44 44 44 43 43 43 43 44 43 43 43 43 43 44 43 44 49 47 48 44 52 50 52 52 50 47 47 48 48 49 50 49 49 50 50 50 51 51 51 50 51 52 53 52 49 50 50 50 50 52 52 52 48 47 47 47 46 47 47 47
52 52 52 51 51 51 51 51 51 51 50 50 49 49 49 49 48 48 47 46 47 46 46 46 45 45 45 44 44 44 44 44 44 44 44 44 44 44 44 44 44 44 44 44 44 44 44 44 44 44 44 45 44 47 51 48 50 52 51 47 45 45 45 47 49 49 49 47 45 44 46 47 49 50 50 51 52 52 52 50 49 50 50 50 51 50 49 51 47 47 47 47 46 48 46
53 53 53 52 53 52 52 52 52 51 51 50 50 50 48 47 48 46 46 46 48 48 48 47 46 46 45 45 45 45 45 44 45 44 44 44 45 45 45 45 45 45 45 44 44 44 44 44 44 45 44 44 45 45 44 45 45 45 46 47 45 45 46 46 45 46 48 44 44 44 45 45 47 48 50 51 51 53 52 50 50 49 50 51 49 49 48 48 50 47 47 48 48 48 46
54 51 54 54 53 53 53 53 53 52 52 52 52 51 50 49 48 48 48 46 46 49 49 48 47 47 46 46 45 45 45 45 45 45 45 44 45 46 45 46 45 45 45 45 45 45 45 45 45 45 45 45 45 45 45 45 45 45 46 45 45 45 45 45 45 45 44 45 45 45 45 44 45 45 47 48 52 52 51 49 49 50 50 50 48 49 47 49 51 48 47 47 48 48 47
55 55 55 54 54 54 54 54 53 53 53 53 53 52 52 51 51 51 50 49 49 49 48 48 47 47 47 47 46 45 45 45 45 45 45 45 45 46 46 46 46 46 45 45 45 45 46 46 45 46 46 46 46 46 46 46 46 46 46 46 46 45 45 45 45 45 45 45 45 45 45 45 45 45 46 48 52 51 51 50 49 49 50 49 49 48 48 49 50 48 47 47 47 47 48
56 55 55 55 55 53 52 54 55 53 53 53 53 53 53 52 51 51 50 49 49 48 47 46 46 47 47 47 46 46 46 46 46 46 46 45 46 46 47 47 47 47 46 46 46 45 46 46 47 47 47 47 46 46 46 46 47 46 46 46 46 46 46 46 45 46 45 45 45 45 45 45 45 46 47 49 49 51 50 49 49 50 50 49 49 49 48 49 49 48 47 47 47 48 47
56 56 56 55 54 50 51 51 54 51 49 51 54 52 52 53 52 50 49 48 47 47 46 46 46 46 46 47 47 46 46 46 46 47 46 46 46 46 47 47 46 47 48 47 47 46 46 46 47 47 47 48 47 47 47 47 47 47 47 47 46 46 46 46 46 46 46 46 45 46 46 46 46 45 47 47 48 50 48 49 50 50 50 50 48 48 48 48 49 48 47 46 46 47 46
57 57 57 57 56 56 53 51 50 55 54 54 54 48 49 53 53 52 51 50 49 48 47 46 46 47 47 48 48 47 46 46 47 47 47 47 47 47 46 47 47 48 48 48 48 47 47 47 46 47 48 48 48 49 48 47 47 47 47 47 47 47 46 46 46 47 47 46 46 46 46 46 46 46 45 46 46 50 47 49 50 50 50 48 48 48 47 48 49 49 48 45 45 46 46
58 58 58 57 57 57 56 55 52 56 55 53 50 48 48 48 53 53 53 52 51 49 47 47 48 48 48 49 48 48 47 46 47 47 48 48 48 47 47 47 47 48 49 49 49 48 48 48 48 48 48 48 48 50 50 49 48 48 48 48 47 48 47 47 46 46 47 48 47 47 47 46 46 46 46 46 46 48 47 48 49 50 49 49 49 48 48 49 48 48 46 45 45 45 46
60 59 59 59 58 58 57 57 57 53 54 50 50 49 49 48 53 54 53 53 53 52 50 48 49 50 50 49 49 49 47 47 47 47 48 49 48 47 48 48 48 49 49 49 50 48 48 49 48 49 49 50 50 50 49 49 48 48 48 47 47 47 49 48 47 47 47 49 48 49 47 46 47 47 46 46 46 46 46 47 47 49 49 49 49 48 47 48 48 46 46 46 46 46 46
60 61 60 60 59 59 58 58 58 55 53 51 51 50 50 50 51 53 54 54 54 54 53 51 51 52 51 50 49 49 48 47 47 47 48 48 50 49 49 48 48 48 49 50 50 50 50 50 50 51 50 49 51 50 48 48 48 48 47 47 47 48 49 49 49 49 49 49 48 48 48 47 46 47 47 47 46 47 46 46 46 47 47 48 48 48 47 47 46 46 46 46 47 47 47
61 61 61 61 60 60 59 59 58 58 56 54 52 52 52 51 53 51 55 55 55 54 54 54 53 50 49 48 48 48 47 47 48 47 47 48 49 50 49 48 48 50 51 51 51 52 51 52 51 50 50 50 51 50 49 50 50 49 49 48 49 49 50 51 50 50 50 50 50 49 48 47 48 48 47 47 47 47 47 47 46 46 47 47 47 47 46 46 46 46 46 47 47 47 47
61 62 62 63 61 61 60 60 59 59 58 57 55 54 56 55 55 54 55 56 56 55 55 55 54 51 50 49 48 48 48 50 48 48 49 50 51 51 50 50 49 48 50 52 52 52 52 52 52 51 50 51 52 52 52 51 51 50 51 51 51 50 50 52 49 48 50 51 50 50 49 48 49 49 48 48 48 47 47 47 47 47 47 47 47 47 46 47 47 47 47 47 47 46 46
62 62 62 63 63 62 61 61 61 60 60 59 59 57 54 56 55 56 54 56 56 56 56 55 55 54 53 52 52 52 50 49 48 50 51 52 52 50 50 50 50 50 49 51 52 53 52 53 53 53 53 52 52 52 53 53 52 51 52 52 51 51 51 52 50 48 48 49 50 50 49 50 48 48 48 48 48 47 47 47 47 47 47 47 47 47 47 47 47 47 48 48 47 47 47
63 63 63 64 63 63 62 62 62 62 61 60 59 59 59 55 53 57 57 54 57 56 54 53 55 55 55 54 52 51 49 48 48 51 53 53 53 52 50 49 49 49 49 51 52 53 53 54 53 54 53 53 53 53 53 53 53 52 53 53 52 54 52 52 51 51 49 49 49 49 49 49 48 48 48 48 48 48 48 47 47 48 48 48 47 47 47 47 48 47 48 48 47 47 47
62 63 63 64 65 64 63 63 63 62 62 61 61 60 60 58 55 56 59 58 57 56 50 50 49 51 53 54 53 52 51 51 51 51 54 54 52 51 52 51 49 51 52 52 54 54 54 54 54 54 55 54 54 54 54 54 54 53 54 54 54 53 54 52 50 49 48 49 49 49 49 49 49 48 48 48 48 48 48 48 48 48 49 49 48 47 48 48 48 47 47 48 48 47 47
64 64 64 65 65 65 64 64 63 63 62 62 62 62 61 60 59 55 58 58 58 56 54 50 50 50 50 50 53 53 54 52 52 54 55 54 54 54 54 52 52 54 53 51 52 55 55 55 55 54 54 55 55 55 55 54 55 55 54 54 54 54 53 52 51 48 48 48 48 49 49 49 49 49 49 48 48 48 48 48 48 48 48 49 49 49 48 48 48 47 48 47 48 47 48
65 65 65 65 66 65 65 65 64 64 63 63 63 62 62 61 61 57 55 56 56 57 53 52 51 51 51 50 49 52 55 55 55 54 55 55 56 55 54 54 54 55 54 54 53 54 55 55 55 55 55 55 55 55 54 55 54 54 55 54 54 54 54 52 52 49 49 49 49 49 49 50 49 49 49 48 48 48 48 49 49 48 48 48 48 49 48 48 48 48 48 48 48 48 48
66 66 66 66 66 66 66 66 65 65 64 63 64 64 63 62 63 60 56 55 55 54 53 51 52 52 52 52 51 50 53 56 56 56 56 56 56 56 56 56 56 56 55 53 54 52 53 55 55 56 55 55 55 55 55 55 55 55 55 54 55 54 54 54 53 51 51 51 50 49 49 49 50 49 49 49 49 49 49 49 49 49 49 48 48 48 49 49 49 48 48 48 48 48 48
68 67 67 67 67 67 67 66 66 66 65 65 65 64 63 63 64 62 56 55 56 55 54 52 51 53 53 52 52 51 49 56 57 56 56 56 56 57 57 56 57 55 55 53 52 50 50 51 50 50 52 54 56 55 55 55 55 55 55 55 55 55 55 55 54 54 54 53 51 50 49 49 49 49 49 49 50 51 51 50 49 49 49 49 49 49 49 49 49 49 49 48 48 48 48
68 68 68 68 68 67 67 67 67 66 65 66 66 65 65 64 64 63 61 57 56 56 56 54 53 53 52 52 52 51 50 49 56 57 57 57 57 57 57 57 57 57 57 56 52 52 53 53 52 50 52 52 55 54 54 54 55 55 55 55 55 55 54 55 54 54 53 52 52 51 50 49 50 50 50 52 51 51 51 49 49 50 49 50 49 49 49 49 49 49 49 49 49 48 49
69 69 68 68 68 67 68 68 67 66 66 66 67 66 65 65 65 64 64 62 58 56 56 55 55 54 53 54 55 53 52 50 57 58 58 58 58 58 57 57 58 57 57 58 56 56 56 52 51 52 50 50 51 52 53 52 53 55 56 56 56 55 55 54 54 54 52 50 50 51 50 50 50 50 50 50 50 50 50 50 49 50 49 50 49 49 49 49 49 49 49 50 50 49 50
69 69 69 69 69 68 68 68 67 67 67 67 67 67 66 66 66 64 64 64 62 61 58 56 56 55 55 56 55 55 54 53 51 57 59 58 58 58 58 58 57 58 58 58 58 58 54 53 53 52 51 51 50 50 50 50 51 52 55 56 56 55 54 54 52 53 52 51 50 50 52 51 50 50 50 50 50 50 50 50 51 51 51 50 49 49 49 50 49 49 49 50 50 50 50
70 70 69 70 69 69 69 68 68 68 68 68 67 67 67 66 66 66 65 64 63 62 62 59 57 57 58 57 57 56 56 54 53 53 58 59 59 59 59 58 59 58 58 58 58 54 55 58 56 53 52 51 50 51 51 51 51 56 56 56 56 55 51 52 51 51 51 52 52 53 52 52 50 50 50 50 50 51 51 52 52 51 51 51 50 50 50 50 49 50 50 50 50 51 50
70 70 70 70 69 70 69 69 68 68 68 68 68 68 67 67 66 66 66 65 64 64 63 63 61 59 60 59 59 57 58 58 57 55 54 58 59 59 59 59 59 58 58 58 58 58 58 59 59 55 56 54 52 51 52 53 52 55 56 56 55 54 51 51 51 52 52 51 53 54 52 51 51 51 51 52 51 52 52 52 52 50 51 51 51 50 51 50 50 50 50 50 51 51 51
70 70 70 70 69 70 69 69 69 69 69 69 69 68 67 68 67 67 66 66 65 64 64 64 63 62 61 61 61 60 60 60 59 59 57 55 53 59 59 59 59 59 59 58 58 58 58 58 58 59 59 56 55 57 56 56 53 57 57 57 53 51 53 55 52 54 53 53 53 54 52 52 52 53 52 53 53 53 52 52 51 51 51 50 50 51 50 50 50 50 50 50 51 51 51
70 69 70 69 70 69 70 70 69 70 69 69 69 69 68 68 67 67 67 67 66 65 65 64 62 61 62 62 61 61 60 60 60 60 60 59 59 58 59 59 60 59 59 59 59 59 58 58 58 58 58 59 59 58 58 58 54 57 58 57 54 53 56 56 55 56 55 54 55 55 52 52 53 53 54 54 54 52 51 51 51 50 51 51 51 50 51 50 50 50 50 50 51 51 51
69 70 70 70 70 70 70 70 69 69 69 70 69 69 69 68 67 68 67 67 67 66 66 65 64 63 62 62 63 62 61 61 61 61 61 61 60 60 60 59 59 59 59 60 59 59 59 59 58 59 59 58 58 58 58 57 58 57 57 58 56 57 57 56 56 57 56 56 55 54 53 53 55 54 55 53 53 52 52 51 51 51 51 51 51 51 51 51 50 50 50 50 51 52 51
69 70 69 69 69 70 70 69 69 69 69 69 69 69 69 69 68 68 68 67 67 66 66 65 65 65 64 63 63 63 62 62 62 61 61 61 61 61 60 60 60 59 59 59 59 60 59 59 59 58 58 58 58 58 58 58 58 57 58 58 58 57 57 56 56 55 56 56 55 55 55 53 55 54 53 52 52 52 52 52 51 51 51 51 51 51 51 51 51 51 51 51 51 52 51
69 69 68 69 70 70 70 69 69 69 69 69 70 69 69 69 69 68 68 67 67 67 66 66 65 65 64 64 64 63 63 62 62 62 62 61 61 60 61 60 60 60 60 60 59 60 59 59 59 59 59 58 58 58 58 58 58 58 58 58 58 57 57 55 53 53 54 53 56 56 56 56 55 53 53 52 51 51 51 51 52 52 52 51 51 51 51 51 51 52 51 51 51 52 52
67 68 68 69 69 70 69 68 69 69 69 68 68 69 69 69 68 68 68 68 67 67 67 66 66 65 64 64 64 63 63 63 62 62 62 62 61 61 61 61 61 60 60 60 60 59 59 59 59 59 58 59 58 58 59 59 58 58 58 58 58 57 55 53 52 52 53 53 52 53 54 55 55 54 53 52 52 52 52 52 52 52 52 52 52 52 51 51 52 52 52 52 52 52 52
66 68 68 68 69 69 69 69 69 69 69 68 69 69 69 68 68 67 67 67 67 66 67 66 66 65 65 64 64 63 63 63 63 63 62 62 62 61 61 61 60 60 60 60 60 60 60 59 59 60 59 58 59 59 59 58 58 58 58 58 58 57 55 53 53 53 54 53 52 52 52 53 53 54 53 52 52 52 52 52 52 51 52 52 52 52 52 52 52 52 52 52 52 52 52
63 63 66 68 68 68 68 68 69 69 68 68 68 68 67 67 68 67 67 67 67 66 66 66 66 65 65 64 63 63 63 63 63 63 62 62 61 61 61 60 60 60 60 60 60 60 60 60 59 59 60 59 59 59 59 58 58 58 58 58 58 58 57 55 55 55 55 55 54 54 54 53 53 53 53 53 53 52 52 52 52 52 52 52 52 52 52 52 52 52 52 52 52 52 52
64 62 64 66 67 67 67 68 67 67 68 67 68 68 67 67 67 67 67 67 66 66 66 66 66 65 65 64 64 64 63 63 63 63 62 62 61 61 61 60 60 60 60 60 60 60 60 60 60 60 60 59 59 59 59 59 58 58 58 58 58 57 57 56 55 57 56 55 55 55 55 54 55 54 54 53 53 52 53 52 52 52 52 52 52 52 52 52 52 52 52 52 52 52 52
58 58 60 63 63 67 65 67 64 65 67 67 67 67 68 68 67 67 67 67 67 66 66 66 66 66 65 64 64 64 64 64 63 62 62 62 61 61 61 61 61 60 60 60 60 60 60 60 60 60 60 59 59 59 58 58 58 58 58 58 58 58 58 57 57 57 57 56 57 56 56 55 54 54 54 53 53 52 53 53 53 52 52 53 52 52 52 52 52 52 52 52 52 52 52
57 56 57 61 62 62 62 63 62 61 63 65 67 67 67 67 67 67 67 67 67 66 66 66 65 66 65 65 64 64 64 64 63 62 63 62 61 61 61 61 61 60 60 60 60 60 60 60 59 60 60 59 59 59 59 58 59 58 58 58 58 58 57 58 58 58 58 57 54 55 54 53 53 53 53 53 53 53 53 53 53 53 53 53 53 53 52 52 53 52 53 52 52 52 52
54 54 58 57 58 60 59 60 62 59 57 59 65 66 67 67 67 67 67 67 67 67 66 66 66 65 65 65 65 64 64 64 63 62 62 62 62 62 61 61 61 61 60 60 60 60 60 60 59 60 60 60 60 59 59 59 59 58 58 59 58 58 55 54 55 54 55 54 55 54 53 53 53 53 53 53 53 53 53 53 53 53 53 54 53 53 53 53 53 52 53 53 53 53 52
53 54 56 56 59 58 58 58 59 55 55 58 60 63 67 67 67 67 67 67 67 67 66 66 65 65 65 65 64 64 64 64 63 63 62 62 62 61 61 61 61 61 61 61 60 60 60 60 60 60 60 60 59 59 59 59 59 59 58 58 58 58 57 56 55 55 55 55 55 54 54 54 53 53 53 53 53 54 54 53 53 54 53 53 53 53 53 53 53 53 53 53 53 53 53
