test/testdata/Hispaniola_WorldClim/snv_8.asc
ncols         743
nrows         319
xllcorner     -74.500956448335
yllcorner     17.448920549066
cellsize      0.0083333333333333
NODATA_value  -9999
[rows 156 to 194 of 319, columns 264 to 351 of 743]
239 240 247 247 250 252 253 255 257 256 258 261 257 263 264 264 265 265 267 266 267 264 266 267 265 266 263 262 265 264 265 263 262 262 260 257 255 251 243 252 256 257 254 248 252 239 230 220 229 232 240 248 235 237 249 241 228 221 219 222 216 216 219 224 223 222 220 219 213 211 211 219 217 215 237 235 243 243 246 246 241 241 230 222 232 238 246 252
233 239 239 249 251 252 253 254 256 256 256 258 257 257 264 265 264 266 266 265 264 266 265 265 265 266 265 263 262 265 266 265 263 262 262 261 261 260 256 256 258 256 254 236 237 233 225 216 216 221 230 244 240 233 250 246 228 218 216 218 217 213 213 215 216 210 216 213 206 206 211 211 212 209 209 214 220 220 230 237 242 246 241 226 220 224 234 238
239 237 244 247 249 251 252 253 254 257 259 261 262 263 263 264 263 264 264 263 264 266 265 265 265 265 264 265 262 262 265 265 265 263 263 263 262 262 260 259 256 251 241 234 229 228 225 225 217 219 220 234 228 232 242 243 234 220 211 213 216 212 208 208 206 207 199 200 203 199 204 205 211 208 209 215 208 210 213 211 227 237 239 236 228 222 225 226
240 241 242 245 247 250 250 251 253 257 259 260 261 262 262 263 263 262 264 264 264 264 265 263 263 265 265 263 262 260 264 264 264 265 263 262 262 261 257 256 256 250 247 237 234 229 224 226 225 230 217 207 210 224 224 224 233 223 205 205 211 211 200 196 194 190 190 187 193 190 191 191 203 200 197 195 197 199 203 207 218 222 231 250 249 244 239 230
237 242 242 242 240 244 243 245 252 255 256 257 256 258 260 261 262 262 262 261 262 263 263 263 263 264 265 264 263 260 263 263 263 259 257 260 260 258 257 256 255 255 250 252 246 237 231 233 227 229 224 218 214 213 205 209 213 213 205 199 200 206 203 200 188 188 179 175 170 177 176 178 186 194 186 183 185 189 193 199 203 207 218 230 242 248 248 247
244 243 243 240 237 237 242 247 247 248 251 253 254 252 258 256 260 260 261 262 262 263 262 262 262 263 262 264 263 262 262 263 262 256 251 248 246 245 248 251 254 255 254 258 249 246 249 246 245 237 223 222 219 216 217 218 208 217 213 205 204 204 219 221 215 202 191 183 169 168 168 167 171 176 181 176 182 187 194 193 194 203 211 220 233 237 248 247
247 245 247 245 234 233 234 240 249 243 244 246 248 249 252 251 255 258 260 260 261 260 262 259 260 262 260 263 261 260 261 263 262 260 258 253 252 244 236 243 239 246 254 251 255 258 255 257 257 256 256 247 251 240 236 235 238 233 234 217 224 228 229 233 216 214 204 195 177 179 178 173 165 169 173 170 181 181 182 190 194 202 207 211 220 232 242 245
245 247 247 243 239 230 237 241 236 241 238 240 245 242 244 248 255 255 255 256 259 257 260 257 258 260 259 259 260 259 259 260 262 261 261 259 256 251 240 228 226 226 232 236 235 237 256 251 250 251 252 253 253 253 252 252 252 252 243 233 241 230 221 216 224 220 218 200 192 187 202 196 194 183 180 175 179 175 180 183 192 200 206 221 233 244 245 243
250 240 235 236 232 230 236 237 235 236 238 235 232 235 242 244 247 253 249 252 252 253 253 255 257 258 256 253 251 250 255 255 254 258 259 259 253 247 244 234 228 225 220 220 210 219 228 230 234 239 241 241 246 247 235 249 248 248 250 247 248 243 234 229 232 218 204 206 208 204 210 203 202 200 198 183 192 188 186 199 198 206 211 218 237 240 239 236
249 246 237 230 222 224 228 234 237 240 241 246 233 237 240 242 246 247 243 246 242 244 250 251 255 253 246 235 231 228 241 251 251 255 258 256 259 254 255 242 245 243 231 221 210 204 196 201 214 220 219 227 232 215 224 231 229 229 229 241 243 243 242 239 241 234 222 224 222 217 218 209 212 212 208 200 202 207 205 211 211 214 226 240 234 236 238 234
246 248 244 235 222 220 229 235 240 242 239 243 245 242 239 242 244 243 238 235 237 239 245 248 247 244 230 223 227 223 218 229 234 254 251 245 240 235 237 248 254 249 246 235 226 215 207 201 195 200 199 196 202 205 210 209 207 215 222 231 227 227 237 230 232 230 233 229 226 224 221 220 220 222 219 215 220 217 223 231 228 228 230 229 224 233 230 238
245 247 246 242 238 234 225 236 242 243 243 242 246 251 240 238 244 240 239 234 234 235 235 235 241 235 228 230 228 217 213 199 216 232 240 238 227 225 218 222 236 249 245 239 240 234 227 217 212 198 190 193 185 188 184 182 176 182 189 214 230 202 200 215 207 207 205 215 198 210 220 224 226 226 225 226 230 229 232 230 219 219 230 235 228 225 234 239
250 253 253 247 242 239 237 233 242 246 245 250 251 244 246 233 245 249 247 238 234 232 236 245 235 247 239 231 226 208 201 218 234 235 237 237 228 221 218 211 211 226 227 239 230 230 232 231 220 201 190 192 207 200 193 182 169 162 168 188 186 170 181 201 189 189 199 213 203 210 221 218 217 214 215 224 220 222 228 227 224 227 230 232 233 231 234 234
254 247 252 259 256 253 248 239 241 244 254 250 244 241 252 250 248 247 242 241 241 238 246 253 253 243 236 228 212 230 237 242 235 229 232 233 235 230 217 216 210 215 229 236 234 229 226 227 227 222 212 204 217 215 204 196 175 159 154 164 160 158 172 182 177 177 194 205 197 210 214 213 204 205 213 207 212 205 199 220 217 227 222 227 225 228 230 230
259 256 253 257 263 260 261 251 244 248 254 259 263 256 255 259 248 247 243 244 249 244 251 253 243 236 237 236 246 253 250 244 231 230 230 229 237 235 230 228 225 225 204 200 219 227 230 229 231 226 227 215 207 207 196 190 196 189 168 156 151 147 157 153 155 160 166 162 157 181 190 195 193 204 206 192 194 194 185 189 182 191 211 211 219 217 219 220
267 265 260 257 263 263 266 264 258 251 257 262 261 265 266 262 249 255 257 249 258 249 260 259 253 246 246 249 256 258 251 238 233 230 229 232 229 232 232 225 226 223 225 223 210 205 217 211 226 229 230 224 220 209 191 178 171 185 184 168 158 153 149 152 152 146 146 146 144 139 149 151 158 166 165 163 153 166 164 172 170 176 181 198 204 198 194 207
271 270 267 265 266 269 270 271 270 263 255 263 268 269 268 268 270 270 264 259 267 267 268 267 266 261 267 259 262 259 254 249 240 235 231 228 228 230 234 230 228 225 221 222 217 211 209 207 207 218 221 229 225 214 202 196 185 183 183 181 178 171 155 154 151 149 149 147 144 140 138 137 137 144 152 148 153 153 152 160 166 159 158 175 190 182 171 174
276 270 270 270 275 273 273 273 274 275 275 269 271 271 270 270 270 272 273 272 269 271 270 270 271 269 268 268 267 265 260 259 250 244 229 228 227 225 227 227 226 227 218 221 218 218 219 214 212 213 211 208 223 224 214 209 212 203 198 193 189 189 169 167 160 163 162 158 150 143 141 141 135 142 147 149 150 150 152 152 156 158 163 165 165 175 162 154
277 277 276 275 275 275 274 274 275 275 275 273 273 272 272 272 273 273 274 274 274 273 272 272 273 273 273 272 271 270 271 268 259 248 238 236 230 224 226 226 226 219 221 236 232 226 218 220 212 208 209 211 212 222 212 212 213 207 198 199 189 188 181 173 173 185 195 184 171 157 156 158 157 159 163 167 163 161 175 178 194 190 187 176 170 161 149 143
277 277 276 276 276 276 276 276 275 274 275 274 274 274 274 274 275 274 274 274 274 273 273 273 273 273 273 273 274 274 275 275 274 263 241 238 237 231 230 234 229 232 240 237 231 230 227 216 221 212 206 206 202 205 207 201 199 197 208 219 212 214 209 186 182 190 203 197 175 165 161 162 166 173 173 177 191 196 200 201 200 197 197 196 197 190 177 169
277 277 276 276 276 276 276 275 274 274 274 275 274 274 275 274 274 274 274 274 274 275 274 274 274 274 274 274 274 275 275 275 275 275 253 256 245 239 234 251 242 233 241 231 231 233 233 233 228 221 210 207 201 198 205 206 206 218 224 232 233 231 214 209 212 220 223 195 177 168 167 164 178 177 182 181 194 198 202 191 181 183 193 194 178 201 205 206
277 276 276 276 276 276 276 275 275 274 274 275 275 274 274 275 274 274 274 274 275 275 274 274 274 274 274 274 275 275 275 275 275 275 274 260 250 247 247 256 242 240 263 248 243 250 242 230 229 223 219 219 224 215 207 209 213 209 218 234 241 230 216 215 222 231 224 212 189 183 181 178 179 177 182 183 193 208 201 188 183 170 179 185 185 192 214 217
277 276 276 276 276 275 274 275 275 275 275 274 275 275 275 274 274 274 274 274 274 274 274 274 274 274 275 274 275 275 275 275 275 275 275 271 265 272 263 261 252 259 264 261 261 247 233 238 243 226 221 226 226 237 228 236 235 228 232 245 236 226 225 229 231 236 219 223 215 203 197 203 200 208 209 215 208 213 215 219 215 199 191 188 187 195 204 230
276 276 275 276 276 275 274 274 274 274 275 274 275 275 275 274 274 275 274 274 274 274 274 274 274 274 275 275 275 275 275 275 276 275 275 275 276 276 272 272 268 268 269 263 253 245 243 246 253 238 222 225 227 237 246 245 242 243 246 250 245 248 242 241 244 243 231 244 226 223 231 233 226 242 233 243 238 246 244 241 240 211 207 202 187 196 192 207
276 276 275 275 275 274 274 274 274 273 274 274 274 275 275 274 274 275 275 274 274 274 274 274 274 274 274 275 275 275 275 275 274 275 275 275 276 275 275 276 274 273 272 272 274 261 256 262 267 252 251 249 241 233 236 242 250 251 254 256 253 248 244 247 245 250 251 256 244 247 255 243 251 253 255 257 259 261 263 264 254 228 237 232 230 225 221 201
276 276 275 275 275 275 274 274 274 274 273 273 274 274 274 275 274 275 274 274 274 274 274 274 274 274 274 275 275 275 275 276 275 275 275 276 275 275 275 275 275 273 272 271 273 276 277 272 275 259 273 262 252 247 248 246 246 252 257 254 256 246 248 249 248 258 262 259 259 262 266 267 260 256 259 262 264 267 269 270 263 253 251 237 245 236 231 227
276 276 275 275 275 275 274 274 274 274 274 273 274 274 274 275 274 273 274 274 274 274 274 274 274 274 275 275 275 275 275 275 275 275 275 275 275 275 275 275 276 274 271 271 271 274 277 278 278 271 279 269 268 258 243 238 238 244 258 256 250 250 250 248 246 251 255 270 269 267 271 257 254 253 254 258 259 265 269 272 268 262 245 258 236 228 227 241
276 276 275 275 273 274 273 273 273 273 272 273 273 274 274 273 273 273 273 273 273 273 274 274 274 274 274 275 274 275 275 275 275 275 275 275 275 275 275 275 276 276 276 275 273 273 272 276 278 279 279 279 269 258 261 244 231 236 245 249 246 252 251 250 250 259 265 276 278 280 269 253 257 251 248 241 240 248 253 257 273 263 259 257 242 226 225 245
276 276 275 274 274 274 274 273 273 273 273 272 273 273 273 273 273 273 273 273 273 273 274 274 274 274 274 274 274 275 275 275 275 275 275 275 275 275 275 276 276 276 275 275 275 273 273 273 276 278 279 280 279 278 273 257 250 244 256 252 236 234 242 249 251 262 276 282 283 285 279 270 257 251 247 248 257 249 256 270 278 267 266 257 236 230 233 248
274 272 273 273 274 274 273 272 272 272 272 272 271 271 273 273 273 273 273 273 273 273 274 274 274 274 274 274 274 275 275 276 275 275 275 275 276 275 276 276 275 275 275 275 275 275 274 274 274 273 278 278 280 280 280 274 264 256 255 256 259 239 246 257 264 271 283 284 286 288 288 289 289 275 275 277 272 279 276 283 277 271 270 259 247 236 245 255
266 272 271 272 272 273 272 272 273 272 271 271 271 271 271 272 273 273 272 272 272 273 273 274 274 273 274 273 273 274 276 275 275 275 275 276 275 276 276 276 276 276 274 270 276 276 276 274 274 274 274 275 278 281 281 282 279 281 269 256 268 266 272 273 270 271 277 285 287 288 288 288 288 289 289 288 287 287 283 284 281 277 272 268 258 248 263 239
266 269 269 270 270 271 272 271 272 271 271 271 271 270 271 271 272 272 272 272 272 270 270 272 274 274 273 273 273 272 274 275 275 276 275 276 276 275 276 276 276 276 276 274 270 275 276 275 274 274 274 274 274 280 282 283 283 283 284 281 284 282 279 276 276 277 282 285 287 288 289 289 289 289 289 289 289 289 287 286 283 282 279 276 269 264 260 255
267 267 267 268 267 266 271 272 271 271 271 270 270 270 270 271 272 272 272 272 270 270 270 271 271 272 273 272 272 271 270 270 274 275 276 276 274 275 271 275 276 276 276 276 274 270 272 275 275 274 274 274 275 280 282 283 283 284 285 285 285 282 281 280 279 280 282 286 287 288 289 289 289 289 289 289 290 290 289 287 287 286 285 283 278 275 273 265
265 265 265 266 267 268 270 271 271 271 270 269 270 270 270 271 271 272 272 270 270 269 269 270 268 269 272 270 271 269 268 268 270 271 272 272 273 274 274 275 275 275 275 276 276 268 269 273 274 275 275 275 276 280 282 283 284 284 285 284 285 285 283 281 281 281 285 287 287 289 289 289 289 289 289 289 290 289 290 290 289 290 288 287 284 284 280 276
262 262 261 262 264 265 268 269 270 270 270 270 269 269 269 269 270 269 267 269 268 268 269 269 269 268 269 267 268 266 266 266 265 265 267 271 273 274 274 275 275 275 275 276 276 275 274 273 270 274 274 276 275 278 282 283 284 284 285 284 284 285 283 283 284 285 285 287 287 288 289 289 289 289 289 289 290 290 290 290 290 290 290 288 286 284 285 284
261 258 258 258 260 260 262 264 263 266 270 270 268 266 266 260 265 267 264 267 267 267 268 268 267 266 267 265 266 268 266 264 262 263 267 269 270 270 274 274 275 275 275 276 276 276 276 275 274 271 272 274 275 278 278 282 283 284 284 284 285 285 285 285 286 287 287 287 288 288 289 288 288 289 289 289 289 289 290 290 290 290 290 290 290 288 288 288
248 251 252 248 253 253 254 256 255 263 263 268 267 257 249 249 246 255 256 260 263 265 265 264 262 260 262 261 263 263 262 265 264 265 267 270 271 271 273 274 274 275 275 276 276 276 276 277 276 276 275 276 274 275 279 279 279 283 284 285 285 285 286 287 286 286 287 287 287 288 288 288 288 289 289 289 289 289 290 290 290 290 290 290 290 290 290 290
243 240 241 242 242 244 243 248 247 245 255 266 267 259 236 228 221 225 238 242 254 265 255 252 252 251 253 256 251 245 257 263 265 266 267 270 272 273 273 273 274 275 275 276 276 276 276 277 277 277 277 277 277 278 277 278 279 281 284 285 285 285 286 286 286 286 287 287 287 286 287 288 288 289 289 290 289 289 290 290 290 290 290 290 290 290 290 290
226 226 224 222 218 231 222 229 235 242 249 250 249 259 252 241 241 220 221 219 244 255 242 236 238 234 237 248 249 249 244 249 254 259 262 267 272 271 271 270 271 271 275 276 273 266 257 259 252 258 276 277 276 275 277 274 272 278 280 282 281 282 283 286 286 286 287 287 287 288 287 288 288 289 289 289 289 289 289 289 290 290 290 290 290 290 290 291
