test/testdata/Hispaniola_WorldClim/snv_16.asc
ncols         743
nrows         319
xllcorner     -74.500956448335
yllcorner     17.448920549066
cellsize      0.0083333333333333
NODATA_value  -9999
[rows 117 to 155 of 319, columns 352 to 439 of 743]
529 553 557 552 546 532 514 511 506 520 510 522 519 526 536 540 537 528 501 488 498 513 540 529 521 532 544 554 529 504 495 493 492 479 492 507 512 521 511 512 518 511 521 519 544 565 572 582 626 667 675 641 635 598 597 577 568 558 524 495 481 470 471 455 472 448 470 501 532 554 556 554 528 506 495 489 465 459 468 505 452 433 420 430 444 443 476 482
526 520 521 522 527 534 524 513 506 513 520 534 524 520 531 542 530 526 517 507 513 534 541 537 526 535 545 547 525 495 498 475 479 484 501 530 530 553 529 522 541 537 541 532 534 539 539 563 623 662 654 687 702 663 650 652 606 555 517 503 508 497 493 468 453 466 456 460 493 528 517 527 555 550 537 524 507 519 520 480 460 435 450 446 447 447 479 504
523 521 519 516 515 515 514 509 506 507 503 507 510 506 508 522 514 528 528 530 538 530 529 549 535 543 539 527 513 510 506 472 471 499 514 547 558 563 558 533 551 560 553 539 547 551 547 555 576 616 621 650 688 628 616 607 591 554 525 548 583 548 499 470 463 509 472 467 470 482 489 510 522 525 568 554 541 537 509 478 456 484 493 473 468 467 469 504
528 523 520 518 514 513 511 511 506 504 503 502 500 498 498 505 499 501 505 520 526 516 529 540 547 544 530 533 530 530 515 488 478 480 503 511 529 511 555 587 594 561 548 543 556 565 575 560 564 575 595 616 645 618 600 583 571 543 558 573 582 555 525 481 482 510 499 493 477 520 546 556 566 554 559 601 554 547 528 535 498 505 545 517 497 495 499 469
531 527 525 522 516 521 513 512 508 505 505 501 498 496 494 495 498 490 486 502 490 497 494 526 535 532 513 502 534 512 501 486 468 477 473 498 503 506 527 538 573 602 565 559 572 582 601 591 590 587 605 635 668 623 607 594 580 557 606 602 542 508 493 479 490 511 540 519 490 490 532 561 602 604 594 603 587 573 557 557 549 552 555 538 531 503 516 474
540 542 533 529 521 516 512 508 508 509 505 502 498 497 499 506 497 491 488 483 479 476 480 488 480 517 513 485 504 522 504 487 464 466 479 482 489 519 551 561 609 599 578 567 584 594 609 615 622 645 632 697 694 644 619 608 581 590 637 628 575 534 522 503 501 509 530 554 520 525 525 552 582 595 573 544 547 540 518 523 540 547 540 502 480 464 458 457
549 522 521 518 516 515 511 515 529 538 531 505 501 529 530 545 534 513 500 507 502 490 482 472 470 494 502 478 512 527 507 490 465 456 466 484 506 533 572 604 614 597 589 585 569 576 585 601 621 625 648 683 687 651 645 609 592 618 647 633 582 549 539 547 520 499 508 540 554 556 554 556 597 597 573 535 508 498 481 466 450 502 489 489 452 451 423 401
524 524 519 521 524 531 515 517 528 527 510 501 500 522 506 545 552 522 500 527 533 513 507 486 466 465 473 472 514 518 500 484 479 456 448 465 494 539 556 561 552 553 575 595 570 564 572 596 596 599 615 636 666 695 658 626 627 630 659 613 580 573 561 551 561 557 522 520 565 626 609 588 594 603 577 535 527 514 494 491 470 444 442 437 435 420 407 400
524 522 519 518 517 520 525 517 512 507 505 500 498 497 494 511 523 510 499 499 540 544 549 494 491 469 461 463 485 511 497 483 461 446 458 477 507 506 527 529 527 529 554 587 569 572 592 587 575 582 601 619 645 675 655 664 666 665 642 626 619 608 590 547 551 582 576 535 567 602 664 666 647 623 589 551 549 549 539 518 476 470 441 429 425 414 419 409
526 526 519 517 514 513 511 509 508 503 500 500 499 499 504 505 495 492 490 492 503 508 511 537 519 498 477 460 455 455 485 465 442 440 478 493 489 491 522 515 510 529 563 581 558 541 570 567 562 584 598 602 625 660 647 644 658 640 640 647 666 657 601 566 560 612 655 610 583 601 683 727 702 692 619 583 574 566 535 504 475 450 436 421 423 453 448 432
539 533 528 525 515 514 510 507 505 505 500 498 499 499 516 527 504 492 489 488 487 501 504 512 548 531 518 503 473 454 446 443 445 448 458 457 468 474 489 496 510 531 539 548 567 538 534 555 571 599 596 582 612 635 630 625 621 618 610 612 626 678 634 583 575 613 655 664 618 618 661 720 751 739 656 633 594 602 550 499 472 461 480 455 435 462 464 446
540 537 533 526 523 516 511 507 505 504 500 500 504 511 536 550 540 520 493 487 497 518 535 544 556 545 536 518 508 482 460 443 446 461 489 475 497 492 502 513 525 535 516 521 538 517 524 548 565 583 568 558 589 623 628 614 611 594 588 594 614 630 652 592 611 646 702 728 723 681 675 674 688 723 702 712 656 599 573 512 483 465 482 482 459 454 485 482
543 537 533 527 523 520 513 507 505 502 500 501 511 533 536 557 550 543 510 488 497 487 494 513 530 531 535 517 496 502 480 453 441 441 456 485 490 505 500 517 482 496 517 505 520 509 528 551 557 579 562 547 575 607 635 618 599 590 579 585 611 657 693 655 651 694 745 767 770 724 664 645 640 632 653 687 693 639 599 533 502 491 506 508 456 450 494 496
543 537 533 528 519 520 514 509 504 503 502 498 501 504 502 509 509 511 502 484 497 478 478 482 501 514 507 496 490 503 504 456 437 441 460 457 480 476 484 463 466 467 475 498 509 505 528 580 592 560 541 536 541 585 623 616 598 584 577 575 601 633 678 670 676 653 664 715 770 725 683 632 632 589 625 631 631 611 575 547 538 528 531 516 484 482 507 511
543 538 532 524 523 521 514 511 506 502 499 495 493 491 488 486 486 488 484 474 511 502 489 485 487 484 480 507 485 469 475 457 440 433 438 441 450 460 445 464 487 511 500 489 494 500 514 531 553 546 528 528 545 565 578 621 604 589 567 570 591 599 633 654 628 616 631 695 720 666 640 617 633 580 609 597 585 568 528 573 585 542 533 509 512 507 522 529
539 534 530 527 524 519 513 509 505 502 499 494 492 488 485 483 483 481 477 474 482 489 491 481 475 474 462 461 458 459 453 449 436 432 435 429 435 434 498 487 507 528 513 511 521 526 533 529 548 538 529 521 533 565 570 607 597 577 572 558 565 585 624 608 595 580 640 666 710 669 610 578 575 552 571 554 532 523 538 590 616 583 556 550 529 519 524 517
539 532 530 526 521 516 511 508 504 499 496 492 490 487 483 480 478 475 472 473 476 479 480 475 488 494 483 473 457 460 457 443 433 433 436 447 463 475 499 517 511 532 535 537 541 550 580 552 542 524 517 523 539 541 550 598 599 590 565 544 548 570 599 622 590 559 570 614 654 695 639 631 603 547 510 508 494 496 519 567 614 638 583 552 539 519 507 504
540 535 531 526 519 514 510 506 502 498 496 492 488 485 482 480 476 473 474 474 471 467 469 466 497 486 481 472 459 448 452 457 436 432 436 434 457 495 538 516 526 545 538 534 552 563 590 576 532 519 505 538 584 575 575 599 601 582 562 546 548 562 566 598 575 535 553 587 638 680 668 654 613 593 544 513 486 502 511 528 612 623 576 547 533 533 520 500
538 534 529 523 516 512 508 503 500 496 493 491 486 482 479 477 473 472 470 473 467 465 461 469 466 463 457 453 454 445 453 450 432 427 429 433 452 477 500 478 496 496 514 507 516 535 558 596 570 555 519 524 572 575 592 648 632 588 592 590 523 503 532 530 510 510 527 597 621 617 576 562 560 521 501 481 483 497 535 554 594 610 569 598 569 522 496 534
536 531 526 519 514 509 505 501 496 493 493 487 482 480 477 474 471 469 466 464 462 457 460 462 467 465 457 450 442 441 444 440 438 427 428 426 439 446 473 460 450 473 508 485 475 492 521 580 624 566 535 493 519 558 582 629 632 616 640 595 538 498 499 501 499 476 507 559 627 588 532 497 481 464 492 540 502 505 528 559 614 622 619 614 546 493 450 510
535 529 523 518 511 506 502 499 494 490 486 484 480 478 473 471 468 466 463 461 459 456 455 458 458 452 451 446 442 438 436 434 430 425 424 423 429 443 432 436 429 428 483 471 452 482 511 558 609 553 553 495 473 512 557 559 575 624 634 579 531 503 469 464 448 447 478 544 610 592 551 478 458 497 521 558 552 538 557 598 603 611 574 560 532 488 443 464
534 527 520 514 509 504 499 495 491 487 484 483 477 473 471 468 466 464 462 460 458 455 453 456 458 451 448 443 440 437 434 430 427 424 422 422 420 422 419 415 420 433 438 440 455 480 493 531 543 552 544 510 461 493 503 507 548 608 580 531 527 505 480 460 412 437 445 532 571 560 529 489 447 506 547 567 562 547 538 552 549 565 531 492 508 476 461 427
532 525 517 511 506 501 496 492 487 484 480 477 475 471 468 465 463 461 459 459 458 456 455 458 458 454 447 444 441 439 434 430 427 424 422 420 418 416 413 439 425 425 437 429 443 459 480 515 493 490 515 506 461 438 466 502 548 597 590 538 482 477 496 473 441 409 442 497 537 508 469 437 471 512 510 534 542 535 508 508 499 515 503 482 453 444 450 432
529 521 517 509 503 498 494 490 485 480 478 474 471 468 466 464 461 459 459 457 455 460 456 458 456 454 447 444 440 437 434 432 430 422 420 418 416 415 420 431 443 458 451 449 442 449 470 505 489 465 442 467 472 422 435 488 541 545 592 551 483 458 475 466 456 407 397 443 437 483 462 427 452 481 502 510 528 533 521 493 479 459 442 429 414 417 418 406
525 519 514 506 500 494 490 485 481 477 473 470 468 465 463 461 459 456 456 454 457 458 458 456 456 451 446 442 438 437 435 433 431 426 419 417 415 413 414 419 430 442 443 451 456 458 467 498 497 467 430 424 430 416 417 457 471 497 550 571 503 442 433 461 426 399 387 407 398 409 415 435 481 528 552 552 565 574 535 503 506 498 455 444 426 411 385 379
523 516 510 505 499 493 487 483 478 473 470 468 465 462 460 458 457 456 454 456 457 456 463 456 454 447 444 437 437 440 437 437 431 422 418 416 413 411 409 412 423 431 424 441 449 435 432 444 482 482 446 417 401 398 412 431 456 479 505 509 483 448 413 442 462 414 387 391 421 428 448 483 513 549 548 529 546 564 514 464 442 418 466 443 440 440 406 379
519 513 507 502 495 490 485 480 475 470 468 464 461 460 459 457 456 455 455 454 456 455 454 453 449 442 441 437 437 438 435 431 428 424 421 415 413 410 408 407 421 411 411 425 441 423 420 420 441 460 451 434 408 392 417 441 465 480 490 448 439 413 397 408 430 393 375 410 426 481 489 504 564 551 503 486 523 536 510 493 469 429 405 407 406 428 397 377
516 511 503 497 492 487 481 476 471 467 464 461 459 456 454 453 451 454 452 453 455 453 451 449 449 442 438 435 437 438 433 427 425 423 419 416 411 410 407 406 408 419 421 412 425 422 409 415 432 432 441 413 397 393 433 453 469 473 485 471 480 442 408 393 379 372 405 415 458 497 531 523 500 493 466 457 482 503 498 493 478 448 411 385 386 394 379 374
512 506 500 493 488 482 477 471 467 463 461 458 456 454 452 452 452 449 450 450 452 451 451 447 443 438 434 435 438 440 428 426 423 422 418 414 410 408 406 404 408 411 419 407 410 409 404 399 423 425 417 409 395 388 397 428 449 475 456 440 446 446 408 383 372 383 407 415 461 467 493 514 481 441 431 417 439 466 453 473 470 429 418 387 381 375 375 374
508 502 496 491 483 477 472 467 463 460 458 456 454 451 451 449 449 447 445 448 445 449 448 444 439 436 433 432 441 433 426 423 422 419 416 413 410 408 406 404 404 406 413 405 402 400 401 407 416 405 421 417 415 388 377 402 407 415 423 428 421 467 462 404 377 371 387 397 417 427 450 475 470 450 430 397 398 419 432 444 446 416 398 390 376 374 378 425
505 499 493 487 481 474 469 463 460 460 456 455 453 451 449 448 447 444 444 442 445 446 445 441 437 434 431 430 432 431 425 422 420 419 416 413 410 408 405 403 403 400 400 408 398 404 406 407 401 416 408 402 406 401 379 394 390 394 424 414 402 426 447 424 389 373 370 382 390 400 437 429 428 442 417 392 383 418 428 462 455 406 397 381 377 375 388 452
504 498 492 485 478 473 470 467 465 462 459 454 453 452 449 447 447 444 443 442 445 444 441 439 434 432 429 427 427 424 423 420 418 416 414 412 409 406 403 402 401 399 399 399 394 405 398 406 409 407 394 400 400 399 376 372 376 387 394 400 377 406 424 421 394 363 381 394 398 405 432 412 400 389 389 374 383 389 409 474 467 456 428 394 370 373 381 427
504 499 494 486 480 474 469 467 471 467 463 460 453 453 449 447 447 444 443 442 443 441 439 434 432 431 429 426 424 422 422 419 417 416 413 410 408 405 403 401 399 396 396 394 392 392 393 400 408 399 388 394 392 383 379 370 378 383 379 379 375 385 393 385 367 353 383 402 427 424 426 424 395 390 376 365 385 422 403 416 449 442 429 389 373 371 386 450
502 498 494 492 481 477 468 473 466 467 465 462 458 455 451 448 447 445 445 443 441 439 436 434 431 429 427 425 424 421 420 418 415 415 412 410 408 405 403 401 398 397 394 392 390 388 391 400 392 381 385 384 381 379 374 371 377 374 374 374 374 377 372 359 353 369 383 392 406 388 406 401 404 420 373 365 383 383 390 415 430 444 410 372 371 398 445 480
499 495 494 487 482 479 473 471 471 470 468 464 460 459 453 452 449 447 445 443 442 439 436 434 431 429 427 424 423 420 419 417 416 413 410 409 407 404 403 400 399 396 394 391 389 388 386 391 386 380 376 374 374 374 370 371 370 368 364 367 369 377 364 348 360 384 401 389 380 375 385 388 393 399 383 365 360 375 379 389 407 410 412 375 373 395 469 545
500 497 494 491 485 481 476 475 471 470 470 469 464 461 459 457 452 449 446 444 442 439 436 434 431 428 427 424 423 420 418 417 415 412 410 408 406 404 401 400 398 395 393 392 389 387 385 383 381 377 375 373 371 372 369 370 367 365 364 369 375 369 366 350 350 370 376 388 368 367 368 368 383 377 384 379 358 366 367 373 361 368 369 367 372 416 527 534
501 497 499 498 487 483 484 477 475 476 471 470 467 464 462 460 455 451 448 447 444 440 438 435 432 430 427 424 422 420 418 415 414 412 409 408 405 403 401 399 396 394 393 391 388 386 383 382 381 378 375 372 371 368 368 367 364 363 363 368 365 361 357 347 366 372 358 381 379 358 354 365 349 370 366 358 353 355 356 361 359 368 370 373 396 476 482 457
503 497 496 502 497 486 484 483 481 480 476 476 471 468 465 460 458 457 454 449 446 443 440 436 433 430 427 426 423 420 418 415 413 411 409 407 405 403 400 398 396 394 392 389 387 385 382 380 379 376 373 371 374 366 366 364 362 363 363 368 360 358 351 345 370 364 358 365 373 363 346 337 345 342 375 351 355 364 368 361 361 370 380 406 417 477 440 426
511 505 505 502 496 488 491 490 490 489 485 486 480 475 467 464 464 461 456 453 450 445 441 439 436 431 428 426 423 420 418 415 413 410 409 406 404 403 400 398 395 393 391 389 387 384 382 379 377 375 372 371 371 367 362 375 393 376 366 361 354 353 347 354 363 356 353 348 354 361 339 334 331 333 338 357 369 376 375 374 375 367 364 377 401 377 395 455
