test/testdata/Hispaniola_WorldClim/snv_8.asc
ncols         743
nrows         319
xllcorner     -74.500956448335
yllcorner     17.448920549066
cellsize      0.0083333333333333
NODATA_value  -9999
[rows 78 to 116 of 319, columns 176 to 263 of 743]
-9999 -9999 -9999 -9999 -9999 -9999 -9999 -9999 -9999 -9999 -9999 -9999 -9999 -9999 -9999 -9999 -9999 -9999 -9999 -9999 -9999 -9999 -9999 -9999 -9999 -9999 -9999 -9999 -9999 -9999 -9999 276 271 263 264 267 276 276 276 -9999 276 276 276 276 272 272 272 272 272 272 272 271 270 252 258 266 266 257 254 254 240 225 220 210 220 223 227 227 236 243 245 237 235 234 229 230 231 229 227 232 232 229 228 232 235 236 234 231
-9999 -9999 -9999 -9999 -9999 -9999 -9999 -9999 -9999 -9999 -9999 -9999 -9999 -9999 -9999 -9999 -9999 -9999 -9999 -9999 -9999 -9999 -9999 -9999 -9999 -9999 -9999 -9999 -9999 -9999 -9999 -9999 -9999 276 276 276 -9999 -9999 -9999 -9999 276 276 276 276 275 272 272 272 272 272 272 272 267 260 257 262 265 263 260 252 244 244 230 223 216 225 224 221 233 239 243 240 236 232 228 232 234 230 232 233 232 229 224 233 236 237 236 234
-9999 -9999 -9999 -9999 -9999 -9999 -9999 -9999 -9999 -9999 -9999 -9999 -9999 -9999 -9999 -9999 -9999 -9999 -9999 -9999 -9999 -9999 -9999 -9999 -9999 -9999 -9999 -9999 -9999 -9999 -9999 -9999 -9999 -9999 -9999 -9999 -9999 -9999 -9999 -9999 276 276 276 276 276 275 275 275 272 272 273 272 270 260 261 264 260 264 263 258 251 254 244 230 216 216 230 226 229 240 242 242 239 234 232 236 235 235 235 235 236 233 235 237 238 238 233 233
-9999 -9999 -9999 -9999 -9999 -9999 -9999 -9999 -9999 -9999 -9999 -9999 -9999 -9999 -9999 -9999 -9999 -9999 -9999 -9999 -9999 -9999 -9999 -9999 -9999 -9999 -9999 -9999 -9999 -9999 -9999 -9999 -9999 -9999 -9999 -9999 -9999 276 -9999 -9999 277 276 276 276 275 273 276 276 275 275 273 272 271 266 258 253 257 255 262 262 260 259 253 237 226 212 209 223 229 239 238 241 237 236 230 233 237 236 236 236 238 237 238 239 238 235 235 235
-9999 -9999 -9999 -9999 -9999 -9999 -9999 -9999 -9999 -9999 -9999 -9999 -9999 -9999 -9999 -9999 -9999 -9999 -9999 -9999 -9999 -9999 -9999 -9999 -9999 -9999 -9999 -9999 -9999 -9999 -9999 -9999 -9999 -9999 -9999 -9999 -9999 277 -9999 -9999 -9999 277 276 276 276 273 272 276 276 276 275 275 272 267 258 252 253 258 258 258 259 257 256 248 233 222 205 208 212 226 230 233 224 226 234 234 237 238 239 237 238 240 240 240 226 235 238 236
-9999 -9999 -9999 -9999 -9999 -9999 -9999 -9999 -9999 -9999 -9999 -9999 -9999 -9999 -9999 -9999 -9999 -9999 -9999 -9999 -9999 -9999 -9999 -9999 -9999 -9999 -9999 -9999 -9999 -9999 -9999 -9999 -9999 -9999 -9999 -9999 -9999 277 277 -9999 -9999 -9999 277 276 276 263 260 277 277 276 276 275 274 272 264 250 253 259 261 259 253 251 246 238 237 223 215 201 200 206 214 224 215 217 226 236 234 237 239 240 239 240 241 238 227 230 238 238
-9999 -9999 -9999 -9999 -9999 -9999 -9999 -9999 -9999 -9999 -9999 -9999 -9999 -9999 -9999 -9999 -9999 -9999 -9999 -9999 -9999 -9999 -9999 -9999 -9999 -9999 -9999 -9999 -9999 -9999 -9999 -9999 -9999 -9999 -9999 -9999 278 277 277 -9999 -9999 -9999 277 276 276 260 257 260 272 276 276 275 274 274 262 256 253 260 261 258 256 252 241 238 234 227 219 210 191 184 203 216 225 232 226 232 235 237 239 241 240 241 241 234 230 235 237 241
-9999 -9999 -9999 -9999 -9999 -9999 -9999 -9999 -9999 -9999 -9999 -9999 -9999 -9999 -9999 -9999 -9999 -9999 -9999 -9999 -9999 -9999 -9999 -9999 -9999 -9999 -9999 -9999 -9999 -9999 -9999 -9999 -9999 -9999 -9999 -9999 -9999 -9999 277 277 277 277 277 277 277 277 258 258 260 276 276 275 274 274 272 268 258 263 260 262 259 249 239 236 235 227 220 218 205 177 176 207 218 234 230 220 234 232 237 240 242 242 242 239 238 236 237 235
-9999 -9999 -9999 -9999 -9999 -9999 -9999 -9999 -9999 -9999 -9999 -9999 -9999 -9999 -9999 -9999 -9999 -9999 -9999 -9999 -9999 -9999 -9999 -9999 -9999 -9999 -9999 -9999 -9999 -9999 -9999 -9999 -9999 -9999 -9999 -9999 -9999 -9999 277 277 277 277 277 277 277 277 277 276 250 258 275 276 275 274 273 271 267 270 269 265 260 257 250 244 235 233 227 227 209 190 178 200 212 230 237 237 224 224 234 239 240 243 243 242 241 241 243 235
-9999 -9999 -9999 -9999 -9999 -9999 -9999 -9999 -9999 -9999 -9999 -9999 -9999 -9999 -9999 -9999 -9999 -9999 -9999 -9999 -9999 -9999 -9999 -9999 -9999 -9999 -9999 -9999 -9999 -9999 -9999 -9999 -9999 -9999 -9999 -9999 -9999 -9999 278 277 277 277 277 277 277 277 277 276 266 252 268 276 275 274 273 272 271 265 248 259 262 258 254 253 238 235 232 225 227 213 180 192 210 230 236 239 234 226 233 240 241 242 245 244 244 244 245 244
-9999 -9999 -9999 -9999 -9999 -9999 -9999 -9999 -9999 -9999 -9999 -9999 -9999 -9999 -9999 -9999 -9999 -9999 -9999 -9999 -9999 -9999 -9999 -9999 -9999 -9999 -9999 -9999 -9999 -9999 -9999 -9999 278 278 277 -9999 -9999 277 277 278 277 277 277 277 278 277 277 277 275 261 267 275 274 274 274 273 272 270 246 252 260 257 256 251 243 234 229 227 229 220 212 201 209 220 233 240 241 241 232 237 240 243 244 245 244 245 245 245
-9999 -9999 -9999 -9999 -9999 -9999 -9999 -9999 -9999 -9999 -9999 -9999 -9999 -9999 -9999 -9999 -9999 -9999 -9999 -9999 -9999 -9999 -9999 -9999 -9999 -9999 -9999 -9999 -9999 -9999 -9999 278 277 278 277 277 278 277 277 278 277 277 277 278 278 278 278 278 277 277 263 273 274 274 274 273 272 269 255 248 252 256 249 247 246 240 231 236 233 232 229 217 203 220 235 241 242 242 228 239 243 245 245 245 245 245 246 246
-9999 -9999 -9999 -9999 -9999 -9999 -9999 -9999 -9999 -9999 -9999 -9999 -9999 -9999 -9999 -9999 -9999 -9999 -9999 -9999 -9999 -9999 -9999 -9999 -9999 -9999 -9999 -9999 -9999 -9999 -9999 277 277 277 277 277 278 277 277 278 277 278 278 278 278 278 278 277 277 277 266 266 274 274 275 274 273 272 268 247 238 244 247 241 236 241 238 232 236 236 236 230 217 232 238 242 243 242 244 244 245 245 246 246 246 246 246 246
-9999 -9999 -9999 -9999 -9999 -9999 -9999 -9999 -9999 -9999 -9999 -9999 -9999 -9999 -9999 -9999 -9999 -9999 -9999 -9999 -9999 -9999 -9999 -9999 -9999 -9999 -9999 -9999 -9999 -9999 -9999 277 277 277 277 277 277 277 277 277 277 277 278 278 278 278 278 277 278 277 277 277 272 276 275 275 274 273 269 256 242 238 243 236 234 233 238 238 240 239 238 235 231 225 242 244 245 246 243 240 234 240 246 246 246 247 247 247
-9999 -9999 -9999 -9999 -9999 -9999 -9999 -9999 -9999 -9999 -9999 -9999 -9999 -9999 -9999 -9999 -9999 -9999 -9999 -9999 -9999 -9999 -9999 -9999 -9999 -9999 -9999 -9999 -9999 -9999 -9999 -9999 277 277 277 277 277 277 277 277 277 277 277 277 277 277 277 278 278 278 278 277 276 276 276 272 274 269 265 256 257 242 230 232 226 235 241 243 243 240 240 239 237 232 237 244 246 247 246 241 225 234 246 248 247 247 247 248
-9999 -9999 -9999 -9999 -9999 -9999 -9999 -9999 -9999 -9999 -9999 -9999 -9999 -9999 -9999 -9999 -9999 -9999 -9999 -9999 -9999 -9999 -9999 -9999 -9999 -9999 -9999 -9999 -9999 -9999 -9999 -9999 277 277 277 277 277 277 277 277 277 277 277 277 278 278 278 278 278 278 278 277 277 277 275 264 264 259 251 251 253 228 229 226 227 227 239 244 245 246 240 242 243 243 240 245 246 247 247 245 231 236 244 248 248 248 248 248
-9999 -9999 -9999 -9999 -9999 -9999 -9999 -9999 -9999 -9999 -9999 -9999 -9999 -9999 -9999 -9999 -9999 -9999 -9999 -9999 -9999 -9999 -9999 -9999 -9999 -9999 -9999 -9999 -9999 -9999 -9999 -9999 -9999 -9999 -9999 -9999 -9999 277 277 277 277 277 277 277 278 278 278 278 278 278 278 277 277 277 277 260 255 249 244 250 254 249 235 229 233 234 242 237 246 247 246 241 241 245 244 241 246 247 248 246 229 239 245 247 248 249 250 246
-9999 -9999 -9999 -9999 -9999 -9999 -9999 -9999 -9999 -9999 -9999 -9999 -9999 -9999 -9999 -9999 -9999 -9999 -9999 -9999 -9999 -9999 -9999 -9999 -9999 -9999 -9999 -9999 -9999 -9999 -9999 -9999 -9999 -9999 -9999 278 277 277 277 277 278 277 277 277 277 277 278 278 278 278 278 277 277 277 277 277 266 265 246 237 252 255 248 236 232 236 244 244 241 247 247 247 242 242 245 245 246 247 248 247 246 245 247 248 248 248 250 252
-9999 -9999 -9999 -9999 -9999 -9999 -9999 -9999 -9999 -9999 -9999 -9999 -9999 -9999 -9999 -9999 -9999 -9999 -9999 -9999 -9999 -9999 -9999 -9999 -9999 -9999 -9999 -9999 -9999 -9999 -9999 -9999 -9999 -9999 -9999 -9999 -9999 -9999 278 278 278 278 277 277 277 277 277 277 278 278 277 277 277 277 277 277 277 272 244 236 240 245 260 250 240 251 246 241 239 247 248 248 247 248 241 241 245 248 249 248 246 247 248 250 249 250 250 251
-9999 -9999 -9999 -9999 -9999 -9999 -9999 -9999 -9999 -9999 -9999 -9999 -9999 -9999 -9999 -9999 -9999 -9999 -9999 -9999 -9999 -9999 -9999 -9999 -9999 -9999 -9999 -9999 -9999 -9999 -9999 -9999 -9999 -9999 -9999 -9999 -9999 -9999 278 278 278 278 278 278 278 277 277 277 277 277 277 277 277 277 277 277 277 272 263 241 237 251 259 267 265 263 265 252 242 240 247 248 249 249 241 239 244 247 248 250 250 249 250 250 250 252 251 250
-9999 -9999 -9999 -9999 -9999 -9999 -9999 -9999 -9999 -9999 -9999 -9999 -9999 -9999 -9999 -9999 -9999 -9999 -9999 -9999 -9999 -9999 -9999 -9999 -9999 -9999 -9999 -9999 -9999 -9999 -9999 -9999 -9999 -9999 -9999 278 278 -9999 278 278 278 278 278 278 278 278 278 278 278 278 278 278 277 277 277 277 277 277 253 244 239 241 245 261 267 272 273 270 267 238 241 249 250 250 249 244 242 245 247 249 249 250 251 251 252 252 252 250
-9999 -9999 -9999 -9999 -9999 -9999 -9999 -9999 -9999 -9999 -9999 -9999 -9999 -9999 -9999 -9999 -9999 -9999 -9999 -9999 -9999 -9999 -9999 -9999 -9999 -9999 -9999 -9999 -9999 -9999 -9999 278 278 278 278 278 278 278 278 278 278 278 278 278 278 279 278 278 278 278 278 278 278 278 277 277 277 277 272 257 246 240 244 245 256 269 274 274 272 249 233 239 251 250 250 249 243 246 246 248 247 250 251 250 249 252 251 252
-9999 -9999 -9999 -9999 -9999 -9999 -9999 -9999 -9999 -9999 -9999 -9999 -9999 -9999 -9999 -9999 -9999 -9999 -9999 -9999 -9999 -9999 -9999 -9999 -9999 -9999 -9999 -9999 -9999 -9999 -9999 278 278 278 278 278 278 278 278 278 278 278 279 279 279 279 279 279 278 278 278 278 278 278 277 278 278 278 278 278 268 263 261 258 254 264 275 273 273 258 242 234 250 250 250 249 242 244 243 244 246 244 250 249 249 251 251 249
-9999 -9999 -9999 -9999 -9999 -9999 -9999 -9999 -9999 -9999 -9999 -9999 -9999 -9999 -9999 -9999 -9999 -9999 -9999 -9999 -9999 -9999 -9999 -9999 -9999 -9999 -9999 -9999 -9999 -9999 -9999 278 278 278 278 278 278 278 278 278 279 279 279 279 279 279 279 279 278 278 278 278 278 278 278 278 278 278 278 278 277 277 277 258 255 271 266 262 261 251 247 245 234 251 251 250 241 240 244 244 247 247 249 249 249 249 251 252
-9999 -9999 -9999 -9999 -9999 -9999 -9999 -9999 -9999 -9999 -9999 -9999 -9999 -9999 -9999 -9999 -9999 -9999 -9999 -9999 -9999 -9999 -9999 -9999 -9999 -9999 -9999 -9999 -9999 -9999 -9999 279 278 278 279 279 279 278 279 279 279 279 279 279 279 279 279 279 279 279 278 278 278 278 278 278 278 278 277 277 277 277 277 276 276 276 251 244 249 250 248 244 244 236 250 250 243 237 237 239 244 242 244 245 248 249 251 252
-9999 -9999 -9999 -9999 -9999 -9999 -9999 -9999 -9999 -9999 -9999 -9999 -9999 -9999 -9999 -9999 -9999 -9999 -9999 -9999 -9999 -9999 -9999 -9999 -9999 -9999 -9999 -9999 -9999 -9999 -9999 279 279 279 279 279 279 279 279 279 279 279 279 279 279 279 279 279 279 278 278 278 278 278 277 278 278 277 277 277 277 277 277 277 276 274 270 266 247 250 247 245 242 241 241 239 241 239 235 241 243 241 243 245 243 248 250 252
-9999 -9999 -9999 -9999 -9999 -9999 -9999 -9999 -9999 -9999 -9999 -9999 -9999 -9999 -9999 -9999 -9999 -9999 -9999 -9999 -9999 -9999 -9999 -9999 -9999 -9999 -9999 -9999 -9999 -9999 279 279 -9999 279 279 279 279 279 279 279 279 279 279 279 279 279 279 279 279 279 278 278 278 277 278 278 277 277 277 277 277 277 276 276 277 276 276 273 262 246 252 244 242 240 241 234 235 234 232 238 242 242 237 238 239 240 247 250
-9999 -9999 -9999 -9999 -9999 -9999 -9999 -9999 -9999 -9999 -9999 -9999 -9999 -9999 -9999 -9999 -9999 -9999 -9999 -9999 -9999 -9999 -9999 -9999 -9999 -9999 -9999 -9999 -9999 -9999 279 279 279 279 279 279 279 279 279 279 279 280 279 279 279 278 278 278 279 278 278 278 278 278 278 278 278 277 277 277 277 277 277 269 274 269 276 276 272 267 252 258 253 259 251 245 248 231 228 229 232 229 229 231 235 238 242 248
-9999 -9999 -9999 -9999 -9999 -9999 -9999 -9999 -9999 -9999 -9999 -9999 -9999 -9999 -9999 -9999 -9999 -9999 -9999 -9999 -9999 -9999 -9999 -9999 -9999 -9999 -9999 -9999 278 279 279 279 279 279 279 279 279 280 280 280 280 280 280 279 279 279 279 278 278 279 278 278 278 278 278 277 278 277 277 277 277 277 277 274 277 275 275 276 275 274 272 265 254 251 250 253 252 247 241 222 225 227 224 219 229 239 244 245
-9999 -9999 -9999 -9999 -9999 -9999 -9999 -9999 -9999 -9999 -9999 -9999 -9999 -9999 -9999 -9999 -9999 -9999 -9999 -9999 -9999 -9999 -9999 -9999 -9999 -9999 -9999 -9999 -9999 279 279 279 279 279 279 279 280 280 280 280 280 280 280 279 279 279 279 279 278 278 278 278 278 277 277 277 277 277 277 277 277 277 277 277 277 277 277 276 275 276 265 257 255 251 243 234 243 244 241 242 232 224 228 226 231 231 239 243
-9999 -9999 -9999 -9999 -9999 -9999 -9999 -9999 -9999 -9999 -9999 -9999 -9999 -9999 -9999 -9999 -9999 -9999 -9999 -9999 -9999 -9999 -9999 -9999 -9999 -9999 -9999 -9999 -9999 279 279 279 279 280 279 280 280 280 280 279 280 280 279 279 279 279 279 278 278 278 278 278 277 277 277 277 277 277 278 278 278 277 277 278 277 277 277 276 274 275 274 268 255 250 243 226 222 233 236 239 235 230 228 227 225 227 233 241
-9999 -9999 -9999 -9999 -9999 -9999 -9999 -9999 -9999 -9999 -9999 -9999 -9999 -9999 -9999 -9999 -9999 -9999 -9999 -9999 -9999 -9999 -9999 -9999 -9999 -9999 -9999 -9999 -9999 -9999 279 279 279 280 280 280 280 280 279 279 279 279 279 279 279 279 279 278 278 278 278 278 278 278 278 277 278 278 278 278 278 278 278 277 277 277 276 276 276 275 274 274 259 251 241 232 218 215 225 236 238 233 226 222 222 232 234 241
-9999 -9999 -9999 -9999 -9999 -9999 -9999 -9999 -9999 -9999 -9999 -9999 -9999 -9999 -9999 -9999 -9999 -9999 -9999 -9999 -9999 -9999 -9999 -9999 -9999 -9999 -9999 -9999 -9999 -9999 -9999 278 276 276 278 279 280 280 280 280 279 279 279 279 279 279 279 278 278 278 278 278 278 278 278 278 278 278 278 278 278 277 277 277 277 277 276 276 276 275 274 274 274 270 251 240 222 215 218 222 232 228 230 227 227 226 228 235
-9999 -9999 -9999 -9999 -9999 -9999 -9999 -9999 -9999 -9999 -9999 -9999 -9999 -9999 -9999 -9999 -9999 -9999 -9999 -9999 -9999 -9999 -9999 -9999 -9999 -9999 -9999 -9999 -9999 -9999 -9999 -9999 275 274 274 273 276 277 278 279 280 279 280 279 279 279 279 278 278 278 278 278 278 278 278 278 278 278 278 278 278 277 277 277 276 275 273 276 276 274 272 274 273 266 258 241 232 223 211 215 223 227 230 231 228 231 226 231
-9999 -9999 -9999 -9999 -9999 -9999 -9999 -9999 -9999 -9999 -9999 -9999 -9999 -9999 -9999 -9999 -9999 -9999 -9999 -9999 -9999 -9999 -9999 -9999 -9999 -9999 -9999 -9999 -9999 -9999 -9999 -9999 279 269 269 272 273 275 274 276 278 279 279 279 279 279 279 279 278 278 278 278 278 278 278 278 278 278 278 278 278 277 277 276 276 275 276 276 269 264 271 271 273 272 252 247 240 231 215 211 212 218 229 231 233 231 227 232
-9999 -9999 -9999 -9999 -9999 -9999 -9999 -9999 -9999 -9999 -9999 -9999 -9999 -9999 -9999 -9999 -9999 -9999 -9999 -9999 -9999 -9999 -9999 -9999 -9999 -9999 -9999 -9999 -9999 -9999 -9999 -9999 -9999 275 270 266 267 268 270 275 277 276 277 277 277 278 279 279 278 278 278 278 279 279 278 278 278 278 278 278 277 277 276 276 276 276 276 277 276 272 263 271 271 269 260 251 242 228 221 218 210 211 229 227 229 231 230 230
-9999 -9999 -9999 -9999 -9999 -9999 -9999 -9999 -9999 -9999 -9999 -9999 -9999 -9999 -9999 -9999 -9999 -9999 -9999 -9999 -9999 -9999 -9999 -9999 -9999 -9999 -9999 -9999 -9999 -9999 -9999 -9999 -9999 -9999 278 268 266 265 263 267 273 275 272 274 276 278 278 278 278 278 279 278 278 278 278 278 278 277 277 277 276 276 276 276 276 277 277 277 277 274 268 271 270 268 269 257 241 233 224 228 223 213 218 230 233 232 232 237
-9999 -9999 -9999 -9999 -9999 -9999 -9999 -9999 -9999 -9999 -9999 -9999 -9999 -9999 -9999 -9999 -9999 -9999 -9999 -9999 -9999 -9999 -9999 -9999 -9999 -9999 -9999 -9999 -9999 -9999 -9999 -9999 -9999 -9999 -9999 279 276 267 260 262 264 268 269 272 273 274 277 277 277 277 277 278 278 278 277 277 277 277 277 277 277 276 276 277 276 277 276 277 276 271 266 272 271 266 267 263 257 240 233 240 234 216 212 226 227 231 231 239
-9999 -9999 -9999 -9999 -9999 -9999 -9999 -9999 -9999 -9999 -9999 -9999 -9999 -9999 -9999 -9999 -9999 -9999 -9999 -9999 -9999 -9999 -9999 -9999 -9999 -9999 -9999 -9999 -9999 -9999 -9999 -9999 -9999 -9999 -9999 -9999 -9999 280 274 265 266 265 275 275 273 270 274 272 275 272 274 273 275 277 277 277 277 277 277 277 277 277 277 277 277 277 277 275 275 269 267 273 269 261 257 250 254 256 257 239 226 220 211 214 226 230 235 240
