test/testdata/Hispaniola_WorldClim/snv_13.asc
ncols         743
nrows         319
xllcorner     -74.500956448335
yllcorner     17.448920549066
cellsize      0.0083333333333333
NODATA_value  -9999
[rows 156 to 194 of 319, columns 264 to 351 of 743]
254 254 259 259 262 264 265 267 268 269 270 269 274 270 270 273 274 276 274 276 279 287 285 286 290 292 295 297 294 295 292 296 298 300 299 293 286 258 244 256 276 287 259 241 247 237 236 235 236 236 233 229 234 232 228 227 236 238 238 238 238 238 238 237 237 238 238 238 239 240 239 237 237 237 214 218 213 211 212 210 204 201 218 228 213 202 193 188
251 254 254 260 262 264 265 266 267 269 270 271 273 274 268 269 273 270 272 280 282 279 283 285 286 287 288 294 295 292 290 290 292 295 297 298 298 298 278 282 291 281 256 238 238 236 234 236 236 235 236 229 231 235 228 228 236 237 238 238 238 239 239 238 238 240 238 239 242 243 239 239 238 239 239 237 235 234 224 209 204 205 199 224 229 223 209 198
254 254 257 260 261 263 264 265 267 268 268 267 266 267 268 269 272 274 277 279 279 278 282 282 285 283 288 288 291 292 290 289 288 289 291 292 294 294 295 291 276 250 240 237 235 234 234 234 234 235 235 235 236 235 227 226 233 237 239 238 238 238 241 242 242 242 249 247 245 248 244 242 239 240 239 236 239 237 236 236 226 207 202 208 220 226 221 219
255 256 257 258 260 262 263 264 266 267 267 267 267 268 267 269 270 274 274 275 277 277 279 281 283 283 283 286 288 290 288 287 287 286 288 290 290 291 291 291 290 248 242 239 237 234 233 234 234 236 234 243 240 237 237 238 234 238 243 244 239 239 249 252 254 258 257 260 253 257 255 255 244 246 248 249 247 246 242 238 233 230 218 199 196 193 198 212
254 256 256 256 255 259 257 259 266 267 268 268 270 270 270 269 270 272 272 276 276 277 277 279 280 281 281 281 284 287 285 284 284 287 285 288 287 278 274 287 286 284 246 248 239 238 236 236 235 236 235 234 236 237 243 240 237 237 243 250 249 243 244 249 260 260 266 268 270 266 267 265 259 251 258 260 258 254 249 245 241 237 231 217 195 194 191 189
257 257 257 255 253 253 257 261 262 262 266 267 269 268 271 272 270 272 274 274 274 275 277 278 279 279 280 279 280 283 282 282 284 274 259 254 250 247 250 251 258 280 276 267 241 238 237 235 234 236 234 234 234 234 235 235 241 236 237 243 243 243 237 238 237 244 255 264 271 271 270 270 268 265 261 264 260 256 250 250 248 240 235 230 211 203 191 189
258 258 259 259 252 250 251 255 263 258 259 260 263 265 268 268 271 272 272 273 274 275 275 277 278 277 279 278 280 281 281 280 280 280 275 262 259 247 241 245 242 244 254 245 251 260 246 252 247 242 238 228 224 232 234 234 231 234 234 236 238 237 236 233 237 237 243 252 267 265 265 268 270 268 267 267 261 261 259 253 248 240 237 234 228 211 192 188
258 259 260 258 255 249 252 256 252 257 253 254 260 256 259 263 270 271 271 272 273 273 274 274 275 276 277 277 277 277 277 278 277 278 278 277 268 256 245 229 228 228 235 239 239 239 249 236 234 232 230 228 225 222 221 218 220 221 225 234 225 236 237 236 238 237 236 245 254 259 244 248 250 260 262 265 262 264 261 258 249 242 236 229 211 192 190 189
259 256 253 253 250 249 251 253 251 252 253 249 246 249 256 259 261 268 264 268 267 269 269 271 273 274 273 268 265 262 269 269 266 272 273 274 260 250 248 237 228 226 227 227 237 228 232 235 237 237 236 235 229 227 236 224 225 224 222 224 224 224 233 236 233 236 242 240 238 241 238 241 243 245 246 260 251 254 256 244 245 237 234 230 205 197 198 200
259 259 254 249 250 248 248 250 253 255 256 261 247 250 254 256 261 261 257 261 255 257 264 265 270 268 259 242 233 228 250 262 260 265 270 265 270 260 259 246 246 244 232 225 237 245 256 248 232 229 230 235 237 233 235 237 237 237 237 227 224 224 223 225 222 231 237 238 237 236 236 238 236 236 238 244 241 237 238 235 234 233 225 200 209 204 200 206
259 260 258 253 250 251 248 251 255 257 254 258 260 257 253 256 259 258 250 246 248 251 258 262 259 256 231 229 225 228 229 223 238 263 257 251 246 240 242 248 254 246 244 240 227 230 239 250 257 250 251 255 246 241 235 237 239 233 236 236 237 237 230 235 234 234 232 236 237 238 237 236 236 236 235 234 235 234 233 220 226 225 219 219 225 211 214 198
259 259 259 257 255 251 247 252 257 259 258 257 261 264 255 250 258 254 252 244 243 245 244 243 252 243 228 230 224 231 236 260 231 234 248 245 221 220 225 222 241 246 245 243 243 239 230 227 233 253 262 258 267 264 268 269 273 269 260 233 237 243 246 234 239 238 240 235 247 236 236 237 237 237 236 234 228 228 220 223 232 231 218 209 220 222 208 197
259 259 259 260 258 255 253 249 257 260 260 263 264 259 261 245 259 262 261 251 243 240 246 258 243 259 249 235 224 245 257 227 240 241 243 243 222 222 225 235 234 222 225 243 231 234 236 235 226 248 263 259 239 247 258 269 275 276 275 262 263 272 267 244 258 259 246 234 241 235 236 235 235 234 234 235 234 234 229 228 230 225 219 215 213 214 207 204
257 260 259 250 258 261 261 255 256 259 263 263 259 256 264 263 262 261 256 255 254 249 260 264 264 256 243 224 238 227 247 251 242 217 231 235 239 228 226 227 236 228 227 241 239 230 227 229 230 227 231 242 228 230 241 252 274 276 276 274 274 274 272 266 269 268 252 240 247 235 234 234 239 238 234 237 234 237 243 232 232 226 228 223 224 218 215 212
249 256 259 253 242 250 246 262 260 262 262 256 243 261 262 257 262 261 257 258 262 258 263 263 255 244 246 243 257 261 259 254 229 218 217 224 243 241 226 220 218 220 244 250 224 226 234 234 236 229 233 228 237 236 254 261 251 261 274 275 276 277 273 274 273 271 271 270 270 264 255 248 251 238 237 252 249 248 257 253 258 249 233 232 228 228 227 225
222 231 247 254 240 238 228 238 254 262 258 248 249 230 223 246 262 262 261 262 258 262 254 258 262 258 258 259 260 259 258 248 239 224 214 231 222 233 234 216 218 218 220 220 233 240 224 232 228 234 236 230 227 233 260 273 275 266 266 274 273 274 275 273 273 275 275 275 275 281 272 271 268 267 267 267 268 266 266 264 264 262 258 241 236 240 245 232
201 207 222 234 223 211 205 200 206 241 260 240 217 208 211 216 203 197 240 256 222 214 207 215 222 250 217 255 248 256 258 257 250 240 227 217 219 224 240 226 223 218 220 219 223 231 234 237 237 225 225 235 231 228 243 251 266 268 268 268 271 272 272 272 273 273 273 273 275 279 281 281 280 274 269 270 268 268 268 265 265 265 265 261 250 256 261 260
179 203 207 204 182 186 190 189 180 176 176 207 193 195 201 199 192 183 170 185 199 185 187 191 182 200 208 202 213 230 249 252 256 254 221 216 213 213 217 218 216 220 222 219 221 222 222 227 230 228 230 234 228 230 228 233 230 241 248 255 260 260 272 271 271 270 270 269 271 275 276 277 282 275 270 269 268 268 267 267 266 265 264 263 263 260 263 264
176 176 177 184 180 178 181 181 176 175 175 177 182 187 184 181 173 169 165 163 162 168 168 176 165 163 167 174 181 191 189 209 250 255 248 243 212 213 214 216 216 219 218 245 237 222 221 221 227 234 232 229 228 227 229 230 229 235 247 245 260 262 268 271 271 263 250 263 269 268 268 267 267 267 267 266 266 265 264 262 247 250 254 261 262 263 266 270
177 177 177 177 177 177 176 175 174 173 173 172 172 171 170 170 165 164 163 161 159 159 158 156 156 158 158 163 159 161 159 160 163 234 252 248 246 232 229 240 224 234 249 246 235 232 225 223 222 227 237 237 242 238 234 244 246 248 233 228 229 229 233 263 266 256 238 247 268 268 268 267 267 267 266 264 252 245 241 238 241 242 243 243 242 248 259 261
178 178 178 178 177 177 176 175 174 173 172 171 170 168 167 165 163 162 160 158 157 155 154 153 153 153 154 155 155 155 155 157 158 159 251 247 253 251 239 247 251 240 250 233 236 241 241 241 231 222 230 234 243 248 237 234 235 227 233 241 240 240 229 231 230 232 235 249 268 269 268 267 266 266 262 262 247 242 237 251 260 258 247 246 259 236 234 233
179 180 179 179 179 178 177 176 174 173 172 171 169 167 166 164 162 160 158 157 155 154 152 152 151 151 152 151 152 152 153 154 154 156 160 239 251 252 251 242 252 251 224 245 249 241 248 236 232 224 222 222 228 224 234 231 226 230 227 242 235 240 228 228 232 238 236 230 257 263 265 266 265 266 262 260 248 233 239 254 258 264 260 255 254 247 228 225
180 181 181 181 180 179 179 176 175 174 173 171 168 166 164 163 161 159 157 155 154 152 151 151 150 150 150 150 150 150 151 152 152 153 154 181 214 173 218 232 244 233 217 225 225 244 244 249 246 229 222 229 231 246 236 245 245 237 242 229 242 236 236 239 240 236 230 234 229 237 245 237 240 232 232 230 232 230 230 229 229 240 248 251 252 244 234 214
183 183 184 182 181 181 180 179 178 176 173 170 168 166 164 162 160 159 156 155 152 151 150 149 149 149 149 148 148 148 149 149 149 151 152 153 152 153 174 174 192 193 188 219 238 247 249 245 231 250 223 227 234 248 234 235 240 238 229 220 227 219 233 234 226 226 239 221 236 234 235 233 234 217 228 211 220 201 204 209 209 229 232 235 252 243 246 230
186 186 186 186 185 183 181 180 179 177 174 171 168 165 163 161 159 158 156 154 152 150 149 148 148 147 147 147 146 146 147 147 148 149 149 150 151 151 151 151 156 165 172 170 161 220 228 214 197 232 232 235 246 246 248 243 225 220 213 208 211 220 229 222 223 210 208 193 220 211 191 218 198 191 183 180 175 171 168 166 181 224 213 218 219 223 224 235
190 190 189 188 187 185 184 182 180 178 176 173 170 166 163 161 159 158 156 154 151 149 148 147 147 145 145 144 144 144 145 145 146 147 147 148 148 149 149 150 151 159 167 172 161 151 149 168 155 218 166 207 227 236 234 235 233 220 207 211 206 225 219 217 218 195 185 188 187 181 172 169 178 185 179 172 168 163 160 158 166 180 184 211 195 210 217 220
192 192 191 192 189 188 186 184 182 180 177 175 171 168 164 161 159 159 156 153 151 148 147 146 146 145 143 143 142 143 143 144 144 145 145 146 146 147 147 148 148 155 170 170 169 156 148 143 142 171 142 182 186 212 242 250 249 238 204 206 220 217 217 220 223 210 197 169 169 171 163 187 190 191 187 177 175 165 160 155 159 165 198 172 212 221 221 200
196 196 195 194 193 191 189 187 184 182 180 177 175 169 166 163 162 160 158 154 152 149 146 145 145 144 143 142 141 141 141 141 142 143 143 144 144 145 145 146 146 147 147 152 160 161 163 147 141 139 138 140 180 212 203 242 247 250 235 224 230 212 213 214 214 190 179 150 140 137 165 194 186 196 203 219 218 200 185 176 154 165 169 172 202 223 222 192
201 200 199 197 196 194 192 190 188 186 183 180 177 172 168 166 163 161 158 156 153 150 145 145 144 144 143 143 141 140 140 140 140 141 142 142 143 143 144 144 144 144 145 146 148 159 157 158 149 140 137 135 136 141 158 210 223 239 209 216 249 248 236 219 210 185 147 131 130 126 140 163 186 196 206 202 180 199 180 157 144 159 159 174 213 219 216 186
212 212 206 203 200 196 195 193 191 190 188 186 184 183 168 167 165 163 160 158 156 151 146 144 144 146 145 142 142 138 138 138 139 139 140 140 141 141 142 142 143 144 144 145 146 147 153 154 155 152 141 139 133 134 133 155 189 207 209 204 198 245 229 197 180 160 129 127 125 119 118 118 118 149 150 145 154 138 147 135 145 154 155 169 192 213 195 173
215 215 214 210 206 200 197 196 193 193 190 189 187 184 182 173 167 164 162 162 159 156 149 147 145 147 147 147 146 142 137 137 137 138 138 139 140 140 140 140 141 141 149 168 144 145 146 148 152 151 154 150 138 129 127 125 135 127 170 208 173 177 159 154 166 160 144 124 119 117 117 116 116 116 116 118 122 123 131 132 139 146 151 156 170 189 160 205
218 221 219 217 211 209 201 199 196 194 194 192 189 187 182 178 171 166 166 164 166 168 175 155 147 147 148 151 153 157 147 137 137 136 137 137 138 138 139 139 139 140 140 149 166 144 143 143 147 152 152 153 150 132 125 123 122 122 121 127 121 126 133 141 145 140 128 123 116 116 115 115 115 114 115 116 116 118 123 126 133 137 141 146 154 161 164 174
225 225 225 223 223 221 206 201 198 197 195 194 192 189 186 178 172 169 169 171 172 174 171 165 159 152 151 155 158 165 166 165 142 136 135 136 142 139 159 139 137 138 138 139 147 163 156 142 144 146 149 148 147 131 124 122 121 120 119 120 119 124 127 131 132 131 127 120 115 115 114 114 113 113 114 115 115 116 118 123 125 129 132 136 142 146 149 158
232 231 231 227 223 216 209 204 200 198 197 197 193 190 186 180 173 171 173 176 177 175 172 172 182 173 154 166 160 170 172 173 160 159 154 150 144 144 141 140 136 137 137 137 137 171 174 150 145 144 146 146 143 129 122 121 119 118 118 118 118 118 123 126 128 126 121 117 114 113 113 113 112 112 113 114 115 115 116 117 119 119 124 129 134 137 142 145
240 240 239 235 229 223 217 211 205 203 198 198 197 193 190 192 187 188 194 185 181 181 180 178 178 180 177 185 178 184 183 185 192 188 183 156 144 140 139 135 135 135 135 135 136 140 146 147 163 145 143 141 142 134 121 120 118 117 117 116 116 117 120 121 119 119 118 113 113 112 112 111 111 112 112 113 114 115 115 116 117 119 120 126 130 135 135 138
244 248 247 247 240 239 237 227 231 217 199 198 200 209 206 235 211 198 211 195 186 190 187 184 184 193 187 197 187 178 187 197 206 198 180 168 159 160 136 136 134 133 134 134 134 134 136 141 147 154 148 147 140 133 132 120 118 117 116 115 115 115 115 114 114 113 112 112 111 111 111 110 110 111 112 112 113 114 115 116 117 118 119 120 122 127 129 130
262 259 259 261 255 255 253 251 249 226 225 201 203 244 258 258 260 244 239 229 217 202 203 205 209 221 212 214 206 207 211 192 193 186 179 159 153 150 139 136 133 132 133 132 133 133 133 133 135 137 139 139 144 140 127 125 124 118 115 114 113 113 112 112 112 111 111 110 110 110 109 110 110 110 111 112 112 113 114 115 116 117 118 119 120 121 123 124
262 260 260 261 260 261 261 260 261 261 248 213 202 238 254 243 237 238 256 260 247 198 243 248 249 249 243 234 251 259 229 199 184 180 172 155 147 141 140 138 140 132 132 132 132 132 133 133 132 131 131 131 131 132 132 127 125 122 116 114 112 112 111 111 111 110 110 111 111 111 112 110 111 110 111 111 113 114 113 114 115 116 117 118 119 121 122 124
249 248 247 246 247 250 244 248 253 260 259 257 258 232 252 259 259 236 235 235 260 242 260 255 259 251 257 255 252 253 260 250 237 211 200 174 148 153 149 156 150 147 131 131 146 179 211 203 229 206 131 132 133 136 134 141 148 131 123 120 120 119 116 110 109 109 109 108 108 109 109 110 110 110 111 111 112 113 114 114 114 115 116 117 118 119 121 122
