test/testdata/Hispaniola_WorldClim/snv_19.asc
ncols         743
nrows         319
xllcorner     -74.500956448335
yllcorner     17.448920549066
cellsize      0.0083333333333333
NODATA_value  -9999
[rows 160 to 199 of 319, columns 630 to 719 of 743]
186 197 209 201 191 192 193 195 195 197 197 198 197 198 199 201 199 200 199 199 198 198 200 202 199 194 194 192 191 193 194 213 233 263 293 263 208 198 198 196 204 212 198 197 197 205 238 288 264 254 282 245 234 249 227 232 225 227 246 264 215 218 226 211 208 207 205 205 206 216 210 206 206 209 211 211 209 209 210 211 211 211 210 213 213 213 213 213 -9999 -9999
182 195 229 186 187 188 190 190 191 191 193 193 193 194 195 195 195 194 194 196 195 196 198 196 199 193 191 190 198 201 193 206 212 248 255 234 218 200 194 199 197 198 192 203 209 227 230 274 272 232 255 222 222 269 239 220 221 227 258 256 227 248 235 216 222 212 211 211 213 219 216 208 210 211 212 213 209 211 211 212 212 211 211 213 213 213 213 213 213 -9999
179 185 199 184 183 186 189 187 187 188 189 190 190 190 191 191 191 190 190 191 191 192 191 192 194 189 192 191 192 193 197 209 213 287 239 209 212 195 188 193 192 192 191 207 238 278 289 263 252 226 229 217 231 262 227 218 218 238 248 271 269 252 252 256 268 225 217 215 221 229 220 214 215 215 216 214 215 211 211 212 212 212 214 214 213 213 213 214 214 214
182 175 176 178 180 181 185 185 185 185 186 186 187 187 188 188 188 187 187 188 188 188 186 187 188 186 187 187 192 225 222 198 206 212 277 210 195 192 188 186 193 208 196 217 248 236 263 256 233 242 212 223 235 228 220 218 222 240 231 238 274 256 243 227 237 229 226 240 246 221 218 218 217 217 219 218 216 215 212 212 212 214 214 214 214 213 214 214 214 214
172 173 176 177 178 179 181 181 182 183 183 183 183 184 184 184 184 183 183 184 184 185 184 184 184 182 186 187 189 199 209 207 203 208 236 230 198 189 190 186 191 206 199 216 219 223 224 227 215 236 219 224 243 216 222 219 216 231 224 236 268 253 256 238 225 227 249 286 281 244 225 221 217 219 219 219 216 217 212 213 213 214 215 215 215 214 214 214 214 214
172 173 173 175 175 177 178 178 179 180 180 181 180 181 181 181 182 181 181 182 181 181 180 183 184 181 182 184 187 194 196 200 205 199 204 251 206 190 188 185 188 191 269 222 206 212 217 231 214 214 209 240 235 218 227 249 214 218 242 265 256 241 245 241 234 226 270 279 244 234 231 227 221 221 221 220 215 213 219 219 217 215 215 215 215 214 214 214 215 215
172 172 173 174 174 174 176 176 177 178 178 178 179 178 179 178 179 179 179 180 179 181 178 179 179 180 180 181 186 197 203 204 230 201 199 232 195 185 181 183 186 188 190 224 202 209 206 209 209 208 208 238 231 210 217 226 214 220 269 246 233 236 230 279 248 226 241 246 232 255 227 225 221 220 219 214 214 216 220 220 220 220 218 216 216 216 215 215 215 215
170 172 171 173 172 173 174 174 175 175 175 175 175 175 176 176 177 178 175 176 178 175 175 179 178 179 181 180 185 188 204 204 230 254 184 200 207 179 181 186 189 281 283 257 205 209 203 206 208 202 213 248 214 210 213 224 218 218 251 263 238 226 240 273 242 228 227 233 229 256 241 225 222 217 215 215 218 218 220 228 222 219 219 219 217 216 215 215 215 216
170 170 171 171 171 171 171 172 173 173 173 173 172 172 173 173 174 174 172 173 173 173 174 183 198 184 178 181 183 184 200 209 221 237 195 182 187 181 178 183 186 214 284 272 204 202 200 200 206 201 207 210 215 207 211 253 218 215 222 256 252 227 228 238 255 248 247 231 231 262 229 224 219 217 216 221 222 222 222 224 230 225 222 220 218 218 218 216 216 216
169 170 170 170 170 171 171 171 170 171 171 171 171 171 171 172 171 170 170 171 170 172 172 177 189 189 183 179 182 185 197 203 215 215 190 179 178 176 179 183 189 194 254 281 205 201 200 199 197 197 204 205 211 208 213 239 232 219 218 224 237 234 229 232 244 243 260 236 230 231 226 223 221 225 225 226 224 224 224 224 227 230 226 223 220 218 218 218 217 217
168 169 169 170 168 168 169 168 169 169 169 168 168 168 168 169 169 168 168 168 168 170 170 172 176 188 190 179 201 200 195 215 198 200 178 177 174 173 177 183 199 197 198 271 246 245 220 201 204 199 200 204 206 204 213 216 238 245 216 219 229 229 227 233 235 235 244 238 236 234 238 233 227 228 229 229 226 227 226 225 228 228 230 227 223 222 219 219 219 218
169 167 168 168 168 167 167 168 167 167 167 167 167 166 167 166 166 166 167 167 168 165 168 169 170 190 179 190 187 185 189 209 189 177 182 174 174 170 176 184 187 192 195 197 199 198 198 219 228 228 199 199 206 205 208 214 223 230 225 219 225 227 228 231 233 233 236 243 251 249 255 237 234 230 229 227 228 228 228 228 228 228 229 230 227 225 222 219 219 218
168 168 167 166 167 166 165 166 165 165 165 165 164 164 164 164 165 165 165 166 165 167 164 165 165 169 177 177 180 179 188 180 185 180 182 173 174 173 172 178 184 184 190 192 195 192 195 196 231 217 203 203 202 205 208 213 219 225 228 218 222 226 228 230 233 236 234 238 241 239 239 241 233 230 228 228 230 232 231 231 230 230 230 230 231 232 223 221 218 218
167 167 165 164 165 165 164 164 164 164 164 164 164 162 162 162 162 162 163 163 163 166 166 165 166 168 171 173 174 174 173 176 176 176 173 173 173 176 171 173 179 178 180 186 192 189 191 195 202 212 206 203 205 202 211 212 217 226 226 224 222 228 229 228 231 234 235 239 240 241 238 236 234 231 230 229 229 233 232 232 232 232 231 232 229 231 229 226 220 219
167 165 164 164 163 163 163 163 162 162 162 162 161 160 160 160 163 161 161 161 162 162 163 164 164 168 169 170 172 170 172 172 172 173 172 170 171 169 168 169 172 174 179 183 185 189 188 191 197 200 203 202 202 203 209 210 214 223 225 224 223 223 230 232 229 234 237 237 240 239 238 236 234 234 231 231 231 232 234 234 234 234 233 233 233 232 230 229 230 222
166 164 163 163 163 163 162 161 161 161 159 160 159 160 159 158 160 160 159 159 159 161 162 165 166 166 165 165 166 169 166 166 168 169 172 171 169 167 169 170 170 171 173 180 179 186 188 191 196 197 206 204 202 201 204 211 217 223 227 229 226 227 226 232 230 233 235 238 239 239 237 236 235 232 232 230 230 233 234 234 235 235 234 233 233 233 233 232 230 229
165 163 163 162 161 161 161 160 160 158 159 158 157 157 158 157 161 161 161 160 158 162 161 164 162 162 162 162 164 166 165 165 165 167 169 167 167 167 167 167 167 170 172 175 180 185 185 188 190 196 201 202 202 201 205 209 214 220 224 233 232 228 226 228 232 232 236 239 239 237 235 235 235 232 232 231 232 234 237 235 235 238 236 236 234 234 233 233 232 232
163 163 162 160 160 160 160 158 158 158 157 156 155 156 156 157 159 159 160 160 160 161 161 161 162 159 159 161 161 162 162 161 162 164 167 164 166 164 164 166 165 166 170 175 176 181 185 185 190 193 199 203 203 202 202 209 215 218 221 227 233 231 227 229 231 233 235 239 238 237 235 234 233 233 232 232 233 235 235 240 236 237 237 237 236 234 234 234 233 232
162 160 160 160 159 159 158 157 156 155 155 155 155 155 155 155 156 157 157 157 159 160 158 160 160 157 156 158 158 160 160 158 161 163 164 166 163 163 166 164 164 165 169 171 174 179 182 183 190 193 199 199 200 202 202 207 215 219 219 222 226 230 233 233 231 233 237 239 239 238 236 235 233 234 232 233 231 232 236 236 239 236 237 237 237 236 234 233 232 232
160 160 159 159 158 157 157 157 155 155 154 153 153 152 152 155 155 155 155 156 156 156 156 157 156 156 154 157 157 157 156 156 159 160 162 163 163 163 163 163 163 163 166 168 172 180 180 182 185 190 196 197 200 202 201 204 213 218 219 221 225 231 232 233 235 234 235 239 238 237 236 234 233 234 233 233 233 232 239 239 238 234 235 237 236 236 234 233 233 230
159 159 159 157 156 156 156 155 154 154 152 151 151 152 153 152 152 152 152 153 153 153 154 155 153 153 152 154 155 155 156 156 157 158 159 161 161 162 160 160 161 163 163 165 172 178 178 179 184 190 193 195 197 202 199 206 212 215 221 222 223 225 230 233 235 234 236 239 239 237 237 235 235 235 233 233 233 231 231 231 232 234 231 232 235 235 233 233 233 230
159 157 156 156 156 155 154 153 151 151 151 150 150 151 151 151 152 151 151 151 151 150 152 151 152 151 149 152 152 151 152 153 155 155 156 159 161 160 159 162 163 165 166 165 168 175 179 177 185 187 190 191 199 204 200 206 210 215 219 222 223 225 228 233 235 236 236 238 238 238 237 237 236 235 235 233 233 232 232 231 231 235 233 232 232 235 234 233 231 230
157 156 156 155 153 153 153 152 151 150 148 148 149 148 150 150 149 148 148 148 149 149 149 149 148 149 149 148 148 149 151 151 152 153 154 156 157 161 159 162 164 165 167 164 165 170 177 179 182 188 190 189 195 199 203 208 208 212 218 222 224 225 227 230 232 236 236 238 238 238 237 236 236 236 237 234 233 232 232 232 231 230 230 230 231 231 234 234 231 230
156 154 154 153 153 152 151 150 150 148 148 148 148 150 148 148 147 147 147 147 147 147 148 147 147 147 146 145 147 147 147 148 148 148 151 154 154 158 161 162 163 165 168 165 165 168 172 174 183 187 187 189 193 189 193 206 208 212 217 219 221 223 226 229 230 232 234 238 238 238 236 236 237 237 237 234 234 232 232 232 231 230 230 231 231 231 230 234 231 231
154 154 152 151 151 150 150 149 147 146 145 147 147 147 147 147 146 146 146 144 144 145 146 146 144 144 144 145 145 146 145 146 148 148 149 150 153 156 158 160 162 163 167 168 167 166 168 174 180 187 189 184 186 188 196 204 208 212 215 217 219 223 224 227 229 232 234 235 238 236 238 236 237 237 237 237 234 234 232 232 231 231 231 230 229 231 231 231 229 229
153 151 151 151 149 148 147 147 145 145 144 146 147 146 144 144 146 144 145 144 143 145 144 144 144 143 143 144 144 144 144 145 146 146 147 149 152 153 155 158 161 164 166 168 168 170 167 170 180 184 184 182 183 190 196 203 208 211 214 217 218 221 224 227 229 230 232 234 236 236 236 238 237 237 237 239 239 233 234 234 232 231 231 231 231 229 231 230 229 229
150 150 150 148 148 147 146 145 144 144 144 145 144 144 144 144 143 144 144 143 143 143 142 142 140 143 143 142 142 141 142 144 144 144 144 147 150 152 155 158 159 162 165 168 168 169 169 170 176 183 183 184 189 193 196 201 207 209 213 214 217 220 223 227 229 230 233 234 236 236 236 237 238 237 237 239 239 239 232 232 231 231 234 231 231 230 230 230 230 230
149 148 147 147 147 145 145 144 141 141 143 143 144 143 142 143 143 142 142 143 141 142 142 140 141 141 142 141 140 140 141 143 141 144 144 147 147 150 153 155 158 161 164 167 168 170 172 170 171 177 177 184 189 192 199 201 205 208 210 214 217 220 223 225 227 230 232 234 235 236 236 237 238 239 239 236 237 238 237 231 231 231 231 231 231 230 230 230 230 230
147 146 146 144 144 144 144 142 141 142 143 142 142 142 142 142 142 142 141 140 141 139 139 138 140 139 139 139 138 139 140 140 139 141 143 144 147 150 152 154 157 161 164 166 168 171 171 173 172 180 184 190 192 195 199 201 205 207 210 213 216 219 221 225 227 228 230 232 234 235 237 237 237 239 239 239 239 239 238 238 231 231 230 230 230 230 230 230 230 227
145 145 144 143 143 142 142 139 141 141 141 141 141 140 140 140 140 139 140 138 139 139 138 138 139 139 139 137 137 139 139 138 139 140 142 144 146 148 151 154 155 158 161 164 168 170 171 174 170 180 186 190 192 195 199 201 204 207 210 213 216 219 221 224 226 228 230 231 233 234 236 237 239 239 239 239 239 238 238 238 238 234 228 228 229 230 230 230 230 229
142 142 142 141 141 141 141 141 137 140 140 139 139 139 140 138 139 139 138 138 139 138 138 138 139 138 138 135 137 137 138 138 137 139 140 142 145 148 149 151 154 157 161 164 167 169 171 171 172 180 184 188 192 195 199 201 204 208 210 212 215 218 221 224 226 226 228 231 233 234 235 236 238 239 239 241 241 241 238 238 237 236 235 227 226 227 227 228 229 229
140 140 139 139 139 139 138 138 138 137 138 138 139 139 138 138 136 138 138 138 137 138 137 137 137 137 135 136 136 136 136 136 137 137 140 141 145 145 148 149 154 156 159 162 165 168 171 174 171 179 184 189 192 195 197 200 204 206 209 212 215 217 220 222 225 226 228 230 233 234 235 235 236 237 239 240 241 241 241 241 239 239 234 231 226 225 225 224 227 227
137 138 138 139 138 138 138 137 137 136 137 137 136 137 137 137 136 136 135 137 136 136 136 137 135 135 135 135 136 135 134 134 135 124 138 141 144 145 147 149 152 155 159 160 164 166 169 167 176 181 185 189 191 194 197 200 202 206 209 211 215 217 220 222 225 226 228 230 231 233 235 235 235 236 237 238 238 239 239 239 239 238 237 237 237 236 224 223 222 222
135 135 136 136 136 136 136 136 135 135 135 136 136 136 137 136 135 134 135 136 135 135 134 134 134 133 134 134 133 134 134 133 134 135 138 140 141 144 146 149 152 155 158 159 162 165 164 167 174 180 183 186 190 192 195 200 203 205 209 211 214 217 220 222 224 227 228 229 231 232 234 235 235 235 235 235 234 237 237 238 237 236 236 237 236 235 234 234 234 234
132 132 133 133 133 134 134 135 135 133 135 135 135 135 135 135 133 135 134 134 133 133 133 133 133 131 131 132 132 132 133 133 132 134 137 139 141 143 145 149 151 153 155 159 162 165 162 171 175 179 182 186 190 193 195 200 202 205 207 211 213 216 218 221 224 226 227 229 231 233 233 235 236 235 235 235 235 234 236 236 236 236 233 234 234 234 234 234 232 232
128 129 129 130 131 131 131 133 134 135 135 135 134 134 134 133 133 135 134 133 133 132 132 132 132 130 131 132 132 132 133 133 134 133 134 136 139 142 144 147 149 152 153 159 160 157 169 172 177 180 181 185 189 191 195 198 200 204 206 210 212 216 218 221 223 225 227 229 231 233 234 236 236 235 235 235 235 235 236 236 236 235 233 232 232 232 232 231 231 231
125 126 127 127 128 129 128 130 132 132 132 132 133 134 133 133 132 132 131 131 132 131 130 130 130 128 129 131 132 130 130 131 132 129 133 136 139 140 144 147 150 152 155 157 157 157 167 172 175 177 181 185 189 191 195 198 202 205 207 210 214 219 223 227 230 225 228 230 231 233 235 236 236 235 235 235 235 234 234 234 235 233 233 232 231 231 229 229 229 229
124 124 124 125 126 126 126 128 129 130 132 132 132 131 133 133 130 132 131 131 130 130 129 130 128 128 128 129 129 129 129 114 131 133 133 136 138 140 143 146 149 152 153 157 156 163 166 169 173 177 181 185 189 191 194 198 202 205 209 213 216 219 223 225 228 225 228 230 232 235 236 236 239 238 235 238 239 239 239 236 233 232 232 230 229 229 229 226 226 226
122 122 122 124 124 125 125 126 128 128 129 129 131 131 131 130 130 129 130 129 129 128 128 128 127 128 128 128 127 127 128 129 131 132 133 135 137 140 143 146 149 151 153 155 153 160 166 168 172 175 177 182 186 191 194 198 200 205 208 211 214 219 221 224 227 225 228 230 232 235 236 237 238 239 239 239 239 239 239 239 236 235 232 230 229 229 226 226 225 224
119 119 121 -9999 -9999 -9999 123 125 125 127 127 127 129 128 129 130 129 129 127 126 126 126 125 125 126 125 125 125 108 127 127 128 130 131 132 134 136 140 143 145 147 150 153 151 159 162 166 168 171 175 177 180 184 187 191 194 197 201 205 210 214 216 220 223 226 228 228 230 232 234 237 237 238 238 238 239 239 239 239 239 238 235 232 230 229 226 226 223 224 223
