test/testdata/Hispaniola_WorldClim/snv_19.asc
ncols         743
nrows         319
xllcorner     -74.500956448335
yllcorner     17.448920549066
cellsize      0.0083333333333333
NODATA_value  -9999
[rows 160 to 199 of 319, columns 360 to 449 of 743]
69 70 72 78 78 85 80 87 84 84 84 89 91 81 81 86 73 67 67 63 61 61 61 59 58 58 58 57 56 56 55 55 55 54 55 55 55 55 55 56 56 56 56 56 56 56 57 58 58 62 64 61 58 58 62 63 73 73 71 64 62 62 66 69 69 73 81 89 92 92 90 88 82 86 88 91 103 109 109 110 112 113 112 120 124 116 120 143 157 166
70 78 95 95 95 91 82 94 98 98 93 101 101 95 90 92 85 83 77 69 65 62 62 61 59 58 58 58 57 57 56 56 56 54 54 54 54 54 54 55 55 55 55 55 55 55 56 57 57 58 61 61 57 57 60 61 68 67 64 60 60 60 62 62 63 69 79 81 86 78 76 77 80 97 100 91 98 105 107 109 110 111 113 132 133 140 144 146 136 147
72 86 101 109 110 110 107 108 115 111 104 107 111 109 105 109 96 90 86 78 68 67 65 63 61 59 58 58 58 56 56 56 56 56 54 54 53 53 53 53 54 55 55 55 54 55 55 56 56 56 58 61 57 57 57 61 60 62 59 59 59 59 66 63 62 65 71 74 68 73 86 84 97 105 107 105 93 95 103 105 107 111 112 113 117 119 115 127 142 151
81 100 109 121 121 119 113 112 121 113 113 109 114 116 113 110 109 100 92 83 78 73 72 65 62 61 61 61 58 57 57 57 56 54 54 54 54 53 53 53 53 54 54 54 54 54 54 55 56 56 56 58 57 56 57 57 57 59 58 58 58 58 65 65 62 65 61 63 65 83 86 98 97 103 112 122 108 106 98 105 103 104 111 114 113 124 121 138 130 148
89 101 110 112 112 111 110 106 107 103 100 107 116 115 117 117 115 106 99 92 102 115 96 83 72 64 62 61 61 58 57 57 56 54 54 54 53 53 53 53 53 54 53 53 53 53 53 53 53 56 56 57 57 56 56 57 57 57 57 57 58 58 65 58 59 59 60 61 65 75 85 95 104 122 117 132 134 115 119 109 106 106 111 127 139 155 135 130 135 150
74 95 95 99 100 104 108 107 97 92 84 96 107 109 110 113 119 115 101 101 93 90 92 79 68 65 64 62 60 58 57 57 55 55 54 56 53 53 53 53 53 54 53 53 53 53 53 53 53 53 54 54 56 60 55 55 56 56 57 57 57 58 58 58 58 59 59 65 76 85 91 89 100 109 120 132 143 135 136 114 108 110 109 112 122 144 162 153 162 167
69 72 75 80 84 88 88 84 84 77 77 80 93 96 92 99 111 119 109 99 91 85 85 78 72 68 65 62 62 61 58 57 56 56 56 56 56 54 53 54 54 53 53 53 53 53 53 53 53 53 54 54 57 63 54 55 55 56 56 56 56 57 58 62 57 58 59 61 73 83 94 99 98 105 114 119 130 153 131 127 127 121 108 110 122 149 158 167 171 171
68 69 71 72 75 75 74 73 72 72 73 75 77 81 86 92 105 109 107 101 101 92 86 83 80 77 71 68 65 65 64 58 56 56 56 56 54 54 54 54 54 53 53 53 53 53 53 53 53 53 53 54 54 54 54 54 54 55 56 56 56 56 57 57 63 62 59 65 71 79 87 94 100 103 104 110 119 135 146 139 127 114 110 108 122 127 133 148 158 167
72 69 71 74 75 72 71 70 70 69 69 69 69 72 75 78 88 92 104 105 102 101 96 94 93 85 77 65 65 61 60 61 60 60 57 56 54 54 54 54 54 53 53 53 53 53 53 53 53 53 53 53 54 54 54 54 55 55 55 56 56 56 56 56 57 57 74 64 72 73 80 85 95 101 109 108 120 126 148 142 137 131 118 110 108 115 124 132 139 140
69 72 74 80 80 75 80 76 75 72 69 69 66 69 69 71 71 78 94 99 98 101 103 100 90 82 73 61 61 60 58 58 57 56 56 57 55 54 55 54 54 54 53 53 53 53 53 53 52 52 52 52 52 54 53 54 54 54 54 55 56 56 56 56 57 57 58 61 75 87 81 81 96 103 110 117 125 136 146 151 146 127 117 113 111 111 112 115 117 127
69 72 74 78 78 80 84 87 80 75 69 80 66 67 67 66 67 71 74 77 83 88 92 88 85 74 66 62 64 61 60 60 57 56 56 55 55 59 63 62 56 54 56 53 53 53 53 53 52 52 52 52 52 52 53 53 53 53 53 55 55 56 56 56 56 57 57 58 64 69 86 89 99 101 105 111 125 138 149 153 136 124 127 137 117 113 113 114 114 116
78 76 77 77 75 76 75 75 74 86 82 86 80 72 68 66 66 68 68 68 69 71 70 72 70 67 64 64 64 61 64 61 60 60 56 57 61 67 70 68 64 56 70 62 60 53 53 53 53 52 52 52 52 52 52 53 53 53 53 53 54 56 56 56 56 57 57 57 61 81 86 92 92 100 101 104 117 122 139 145 140 152 135 137 124 114 123 116 122 119
85 81 82 79 78 77 75 75 74 74 77 81 82 82 73 69 66 66 65 66 67 66 67 67 68 70 73 70 68 65 65 66 62 56 56 60 69 66 67 64 62 64 70 68 65 53 62 71 63 53 52 52 52 52 53 52 53 53 53 53 53 54 55 56 57 57 57 57 60 79 92 93 99 109 101 107 112 125 130 145 150 146 137 124 114 116 122 116 123 139
99 88 83 85 84 80 78 78 75 76 84 89 82 75 71 69 68 66 66 65 65 65 65 65 67 68 70 68 69 70 66 60 60 57 57 66 66 65 64 62 62 62 62 68 56 63 70 65 57 60 54 52 52 52 53 52 53 53 53 53 53 54 54 55 57 59 57 57 57 75 80 70 86 92 95 110 118 117 132 140 152 139 130 118 129 137 136 141 129 139
114 112 108 94 92 85 83 82 80 78 90 104 96 80 70 68 68 67 67 66 65 65 64 64 64 64 65 64 64 65 64 61 58 57 60 62 65 61 60 60 60 60 63 66 61 74 74 62 65 71 56 52 52 52 52 52 52 53 53 53 53 53 54 55 68 71 57 57 57 61 64 64 76 75 86 95 98 107 122 135 130 130 124 123 133 144 143 140 142 150
118 116 114 109 104 101 94 96 89 90 90 98 85 76 70 71 71 68 67 67 67 65 65 64 64 64 64 63 62 62 63 60 58 57 59 59 59 59 61 62 62 62 63 71 60 74 75 61 65 68 61 53 52 52 52 52 52 52 52 53 53 56 55 59 77 78 69 57 56 60 59 62 74 68 74 87 98 107 125 142 142 127 130 130 145 137 139 134 118 132
126 121 126 119 112 114 108 108 110 99 87 93 80 77 73 82 77 73 71 68 68 66 67 65 64 64 62 62 62 62 63 60 59 59 62 63 61 66 69 66 69 65 68 69 62 69 71 68 74 63 57 59 56 53 52 51 51 51 52 53 53 53 55 57 65 59 62 55 56 60 58 59 64 63 65 75 90 110 128 142 143 132 143 133 133 144 140 132 118 121
135 135 129 128 121 121 122 117 111 96 95 93 80 77 76 85 91 91 79 73 70 69 70 67 66 64 64 62 62 61 60 60 62 64 64 65 62 68 68 68 74 69 77 74 75 71 71 74 71 64 60 55 56 53 53 51 51 51 51 53 53 53 55 59 67 59 55 55 56 58 58 58 66 76 69 69 78 100 110 125 131 133 128 136 147 119 133 135 121 115
122 117 122 118 110 108 118 116 116 110 114 112 103 90 82 77 86 92 92 88 76 70 70 70 70 73 69 66 65 63 62 62 59 65 62 63 59 63 69 74 75 74 71 70 70 66 63 66 68 61 59 56 53 53 53 52 51 51 51 51 53 53 56 71 70 57 55 55 55 55 57 58 61 71 79 80 92 107 107 118 120 105 103 114 122 119 111 125 122 116
101 97 104 91 104 97 103 106 114 118 116 114 116 116 111 92 85 88 95 99 91 79 72 66 66 64 64 64 72 62 59 58 58 58 58 61 59 63 63 66 67 73 67 63 65 58 61 61 62 61 55 59 55 54 53 52 51 51 51 51 51 51 54 61 59 54 54 54 55 55 55 57 65 75 76 83 96 106 108 121 121 103 95 96 116 119 107 123 129 135
87 83 91 83 89 83 83 95 110 118 110 109 122 120 121 112 103 105 98 101 95 93 79 73 68 66 64 62 62 62 62 58 57 56 56 58 56 59 60 61 64 65 63 61 61 61 58 58 59 56 54 53 53 52 51 51 51 51 51 51 51 52 53 53 58 64 53 53 54 55 56 58 65 61 70 70 73 81 106 119 112 114 102 84 96 105 100 108 110 133
81 77 81 75 89 84 75 79 93 96 100 100 121 122 125 119 115 117 104 105 93 88 87 84 77 70 66 66 64 62 61 58 58 56 56 56 56 56 56 57 59 61 61 58 58 58 58 55 54 54 53 53 53 53 54 53 51 51 51 51 51 52 51 51 51 53 53 54 55 55 55 56 56 58 61 61 67 77 97 90 99 121 107 90 89 89 87 89 108 121
90 81 75 77 89 93 77 74 75 89 80 82 101 110 111 111 98 112 107 103 97 87 79 84 87 84 81 74 72 66 62 59 58 56 56 56 56 56 57 58 58 58 64 61 64 65 64 58 58 56 57 54 55 54 58 53 51 54 51 51 51 51 51 53 51 52 54 55 54 55 53 53 56 58 58 61 66 73 78 88 106 106 104 78 84 84 78 79 84 96
95 91 79 76 82 94 92 83 74 74 76 74 91 97 95 91 95 95 91 85 79 73 78 93 96 84 86 86 80 72 69 64 59 57 56 56 56 58 61 59 58 61 64 67 67 66 64 64 68 64 59 60 59 56 54 52 51 54 55 52 51 51 51 51 51 53 53 53 53 53 53 53 53 56 56 61 61 73 66 75 89 92 82 72 73 95 76 72 76 81
80 97 89 77 76 79 100 102 79 74 73 73 76 85 78 77 77 76 76 73 70 72 76 93 99 97 92 89 87 84 79 72 65 59 56 56 57 58 59 58 62 67 67 70 77 74 70 70 80 75 70 70 65 59 57 54 54 54 54 57 51 51 51 51 52 53 53 53 53 53 53 53 53 53 54 55 56 59 69 65 69 84 80 66 65 65 69 86 92 97
80 79 86 77 77 76 82 97 85 79 72 72 72 75 72 72 70 68 68 69 74 84 89 89 94 98 98 93 84 91 81 75 67 60 55 59 58 57 61 57 61 70 68 67 80 86 81 81 76 80 75 73 75 70 65 58 57 55 53 54 56 51 51 51 52 53 53 55 55 53 53 52 53 53 53 54 55 56 62 59 64 78 66 63 68 88 101 107 111 109
81 80 79 79 79 74 77 85 85 79 75 71 72 72 70 71 68 65 62 74 85 79 81 77 84 92 93 88 80 80 77 71 67 62 55 55 57 60 58 60 57 61 61 67 76 81 79 73 74 67 70 67 81 76 74 63 65 59 56 52 53 51 50 51 52 52 53 56 56 55 53 51 51 53 53 53 54 54 55 58 60 62 58 65 88 83 70 94 101 99
81 80 80 80 79 74 74 82 79 79 76 68 75 76 68 65 65 59 59 63 69 72 74 75 80 77 85 84 80 74 77 68 67 60 57 55 55 55 55 56 55 56 58 64 63 68 67 61 63 60 58 60 60 66 70 66 70 66 58 53 51 51 50 51 52 53 55 53 53 53 53 51 51 51 51 51 51 51 55 56 64 59 59 65 67 62 62 68 74 73
80 78 80 80 77 76 66 76 78 76 71 68 74 68 68 64 62 59 59 60 61 61 66 69 72 74 77 77 77 72 70 65 60 59 57 55 55 54 55 55 55 55 55 58 58 57 58 56 57 55 54 55 54 57 57 57 58 61 59 54 52 51 50 52 52 53 53 53 53 53 53 51 51 51 52 51 51 52 55 58 59 56 61 59 58 58 61 62 61 64
76 73 69 73 70 68 65 67 69 71 66 73 74 66 63 61 59 56 55 55 55 56 58 61 64 70 71 70 70 65 63 60 58 58 56 55 55 54 54 55 55 55 55 55 55 55 55 55 54 54 52 54 52 53 51 51 51 54 54 54 52 51 50 52 52 53 53 52 51 51 51 51 51 51 51 51 51 51 54 56 55 54 58 55 53 55 61 58 58 64
69 70 68 69 66 64 63 63 64 64 64 69 69 70 63 58 58 56 54 53 53 53 52 53 56 58 58 60 59 59 61 67 62 58 56 57 55 55 54 54 54 55 55 55 55 55 55 54 55 54 52 52 52 52 51 51 51 51 52 51 51 52 50 52 53 53 52 51 51 51 51 51 50 51 50 49 51 52 55 54 53 51 52 52 51 52 56 58 56 58
67 65 65 65 63 63 62 63 60 63 61 61 58 59 61 56 55 52 52 52 50 50 49 50 52 53 54 55 55 56 55 54 54 55 54 52 55 55 54 54 55 54 54 55 55 55 55 53 53 53 52 52 52 53 53 51 52 52 52 52 52 52 52 52 53 53 52 51 51 51 50 50 49 49 49 51 51 54 51 51 52 51 50 49 49 50 51 51 53 58
66 65 65 65 64 63 63 61 61 60 60 58 56 58 58 57 53 52 52 50 49 49 48 48 48 49 49 50 51 55 52 50 52 52 52 52 56 56 55 54 54 54 54 55 55 55 55 55 53 53 53 53 53 53 53 53 52 52 52 52 52 52 52 53 54 52 51 51 51 50 49 49 49 49 50 51 52 51 50 53 51 51 51 49 48 47 48 51 51 55
71 69 68 68 66 64 63 61 61 60 58 58 55 56 59 58 51 51 49 49 49 49 48 48 48 48 48 49 49 50 50 50 50 50 52 53 58 57 55 54 54 54 55 55 55 56 55 54 53 53 53 53 53 53 53 53 53 53 52 52 52 52 53 55 53 52 52 51 51 51 49 49 49 49 50 51 51 53 50 50 50 49 51 51 47 46 48 48 48 51
64 64 68 70 68 64 64 62 60 59 57 56 52 52 52 51 51 50 49 49 49 49 48 48 48 48 48 47 48 48 48 49 49 50 50 52 60 58 57 55 55 54 55 55 57 55 55 55 55 54 53 53 53 53 53 53 53 53 53 52 54 53 56 55 54 54 54 54 51 51 51 49 49 49 49 49 49 50 49 49 48 48 48 48 46 46 46 47 48 48
62 63 63 64 66 63 61 60 58 58 55 53 51 51 50 51 51 50 49 49 49 48 48 48 48 48 48 48 48 48 48 48 49 49 52 52 54 57 58 57 57 55 55 57 55 55 55 54 54 54 55 53 53 53 53 53 53 53 54 54 54 53 53 52 53 52 52 51 51 50 49 49 49 49 49 49 49 48 49 48 48 47 48 48 45 44 44 46 46 46
62 62 61 61 61 62 59 59 57 55 54 52 51 50 50 51 51 50 49 49 49 48 48 48 48 48 47 48 48 48 48 48 49 49 49 52 53 54 59 60 58 57 55 55 55 55 55 55 54 55 55 55 55 55 55 54 55 55 55 55 55 55 53 52 52 52 51 51 51 50 49 49 49 49 47 48 48 47 47 45 45 45 45 45 44 44 44 45 46 46
61 62 61 61 60 59 59 57 56 55 53 52 51 50 50 51 50 50 50 50 48 48 48 48 48 47 48 48 48 48 48 48 48 49 49 52 53 53 55 56 56 56 56 56 55 56 57 55 55 55 55 56 56 56 56 56 56 57 57 55 55 55 53 53 52 52 51 51 51 50 49 49 49 49 47 47 47 47 47 46 45 45 45 44 44 44 44 45 46 46
61 61 61 60 60 59 58 57 56 55 53 52 51 50 50 50 50 50 50 50 49 48 48 48 48 48 48 48 48 48 48 48 48 49 49 51 52 53 54 54 56 56 56 56 56 55 55 56 56 57 57 57 56 56 58 58 57 57 57 55 55 55 55 54 53 53 53 51 51 50 50 49 49 49 49 47 47 47 47 46 46 45 44 44 44 44 46 46 46 46
60 59 59 59 58 57 57 55 55 54 53 52 52 50 50 51 50 50 50 50 49 49 49 49 47 48 48 48 48 48 48 48 49 49 49 51 51 51 53 53 54 56 54 56 56 56 57 57 57 57 58 58 57 58 57 57 57 58 58 57 55 55 55 55 54 53 53 53 52 52 50 49 49 49 49 48 47 47 47 46 46 46 46 46 46 46 46 46 46 46
