inst/testdata/Hispaniola_WorldClim/snv_18.asc
ncols         743
nrows         319
xllcorner     -74.500956448335
yllcorner     17.448920549066
cellsize      0.0083333333333333
NODATA_value  -9999
[rows 156 to 194 of 319, columns 352 to 439 of 743]
395 388 368 365 376 373 366 352 362 376 453 447 370 351 344 336 335 335 335 333 332 331 331 331 330 331 375 329 328 329 327 371 326 325 325 366 321 321 361 360 360 358 356 356 353 349 346 343 339 336 332 296 295 323 319 326 337 316 310 306 304 301 298 301 302 302 294 291 288 301 288 280 283 280 282 296 296 298 308 314 318 320 318 312 312 323 351 358
377 369 366 361 359 367 364 362 350 366 375 466 465 453 362 359 347 335 333 332 331 331 329 332 330 329 328 327 329 328 371 327 369 325 368 366 321 362 360 360 358 357 355 354 351 346 344 304 338 335 297 329 326 322 320 318 316 316 310 308 302 302 302 310 297 317 314 305 292 284 285 280 287 284 279 290 301 311 316 314 319 321 320 322 320 314 332 318
391 388 380 380 358 353 354 356 348 342 356 379 378 386 454 456 456 426 333 332 331 330 329 329 329 327 328 328 327 326 327 325 368 324 324 365 321 362 359 359 356 356 354 352 349 345 342 339 337 333 331 329 326 321 318 317 289 314 313 306 302 303 310 325 326 316 295 296 288 283 281 281 281 284 298 311 315 319 323 321 322 317 316 318 320 321 319 326
393 472 471 397 463 353 347 346 343 341 339 343 358 363 372 449 445 370 422 346 356 337 330 329 327 327 327 327 326 326 325 368 367 324 323 366 321 361 359 316 355 353 352 349 346 343 340 337 298 331 331 328 324 321 320 317 315 314 314 306 302 302 304 304 298 313 303 291 289 283 288 288 287 293 303 311 316 315 315 313 293 307 306 311 314 317 319 333
369 367 470 374 370 361 354 343 342 354 436 372 370 378 371 377 440 371 369 437 437 360 356 424 341 329 327 326 326 326 325 324 366 365 323 322 320 320 359 355 352 350 350 347 344 341 338 336 333 333 330 327 324 320 319 288 316 314 313 307 302 300 301 299 310 307 303 290 285 283 286 288 285 288 297 308 311 309 302 297 286 289 291 293 309 320 320 322
380 375 368 360 352 347 345 344 364 377 395 461 460 386 376 453 393 453 445 453 390 441 433 433 421 358 404 329 376 325 324 324 367 323 323 363 363 361 359 357 355 349 346 343 342 302 300 333 333 330 328 325 320 320 318 317 314 313 312 308 301 299 299 299 304 282 295 287 284 283 281 279 279 285 296 299 304 288 285 283 286 310 312 295 304 315 319 322
380 373 367 360 350 344 342 352 372 388 472 480 480 478 472 472 479 472 461 405 466 461 455 401 438 369 420 350 328 326 325 324 323 365 363 363 321 320 358 358 355 353 347 341 338 301 335 332 329 329 326 323 319 318 315 315 314 312 311 311 302 297 297 301 296 295 289 286 284 283 290 283 279 280 287 290 279 284 301 299 315 328 329 323 299 301 312 315
371 366 354 356 350 342 339 352 458 473 485 497 496 492 483 479 488 477 475 467 473 473 468 461 455 385 429 416 349 339 334 325 323 323 364 362 321 360 358 356 354 350 347 345 342 334 331 330 327 326 323 319 316 316 312 313 311 311 309 310 303 297 296 295 294 294 289 287 284 283 290 289 281 284 275 276 276 301 305 322 318 326 339 354 333 323 306 317
365 375 367 352 343 338 339 453 463 475 487 488 486 483 479 472 470 463 458 464 477 475 474 472 416 397 439 429 441 406 374 406 334 325 323 321 321 320 358 356 353 350 347 308 340 339 333 327 324 321 318 315 314 309 308 309 309 308 307 308 305 298 295 293 293 291 289 286 285 284 291 280 278 276 275 275 281 293 304 322 333 362 348 380 383 342 346 331
383 363 356 346 345 337 340 444 377 468 399 470 470 473 478 476 458 450 438 452 466 466 467 468 424 468 445 442 374 423 422 347 376 326 325 323 321 320 358 356 353 350 348 347 305 338 335 330 329 326 321 319 311 308 308 305 307 305 305 305 305 307 295 293 291 289 288 286 285 284 282 280 279 277 275 282 298 311 315 312 328 342 357 383 412 386 387 340
379 383 374 371 356 349 341 351 443 372 374 380 455 456 454 379 376 367 365 435 447 450 442 450 467 423 459 442 427 362 414 401 337 375 325 366 323 361 357 318 353 351 350 347 343 340 301 335 330 326 322 322 316 310 304 304 305 304 303 304 307 314 295 292 291 289 288 287 285 284 283 291 278 278 276 278 295 310 325 330 329 340 350 358 379 438 377 369
363 360 361 360 367 367 362 355 354 362 367 366 446 442 437 362 429 359 359 360 363 368 372 441 457 461 458 446 443 373 419 412 351 346 335 330 368 325 324 320 353 314 347 345 342 340 338 336 331 325 325 323 318 307 303 302 303 301 301 299 300 299 295 293 291 290 290 289 287 285 283 282 291 287 279 286 296 305 317 326 333 338 337 346 360 393 418 400
367 365 367 366 449 370 456 451 451 361 366 371 373 437 431 425 420 348 346 345 408 354 357 424 436 440 453 454 447 444 433 375 424 410 344 371 327 363 359 322 356 355 316 344 342 305 336 333 332 327 327 325 315 312 311 307 300 303 300 299 297 296 290 296 296 292 290 287 287 285 284 282 281 280 305 288 299 297 308 314 328 336 348 346 364 373 427 409
373 375 375 464 457 375 379 451 368 370 452 381 380 444 378 370 368 360 346 405 400 405 408 347 349 359 382 445 444 445 391 439 370 356 341 367 364 324 359 357 354 351 348 348 342 338 341 335 331 330 326 325 322 319 314 304 302 298 294 290 295 298 289 294 296 293 288 285 285 283 282 281 282 281 281 285 305 323 312 310 332 343 352 362 376 400 427 438
478 391 473 472 386 385 382 376 369 373 377 455 379 379 453 454 375 364 348 437 341 340 338 392 394 349 350 357 421 427 375 370 365 346 377 328 328 364 361 322 319 352 348 345 342 316 351 348 339 330 332 324 323 319 315 308 306 295 292 290 290 288 291 294 295 292 288 284 284 283 282 283 282 282 281 282 288 296 321 327 341 344 349 356 378 407 435 443
411 491 496 492 484 478 467 463 385 457 379 453 374 375 372 371 366 451 444 446 370 355 343 393 338 396 392 339 342 344 343 344 389 379 332 329 331 366 367 362 323 355 347 348 353 326 362 326 350 336 355 341 336 321 318 313 312 294 298 289 290 289 288 291 289 290 291 282 284 286 283 283 283 282 282 281 286 318 324 332 332 343 343 348 365 374 412 425
452 518 516 512 513 432 500 404 466 385 387 456 378 376 372 370 366 366 371 374 440 440 418 348 339 390 337 387 388 338 338 338 339 341 391 339 336 371 370 370 362 350 348 354 366 360 359 353 349 350 356 323 345 323 335 348 334 311 297 288 286 293 295 287 289 286 291 281 283 283 285 284 287 284 283 284 285 317 338 337 345 358 346 353 360 384 392 427
519 518 518 517 517 516 446 507 486 469 388 390 460 453 449 375 370 440 447 453 442 426 351 404 342 393 339 338 338 338 383 383 384 384 340 382 382 382 373 361 358 352 352 365 363 327 355 320 349 347 345 353 331 342 325 339 325 326 312 294 287 283 296 284 291 291 288 278 280 281 283 285 290 292 286 282 282 311 320 300 326 334 338 361 374 368 398 419
525 523 523 521 520 516 516 514 511 507 499 475 399 389 384 451 379 375 458 477 462 436 352 403 344 343 341 341 340 339 381 337 337 337 377 374 333 373 369 363 357 352 357 360 329 353 351 349 348 346 321 352 341 360 359 336 339 324 319 305 291 282 280 280 286 284 281 283 281 283 285 287 312 317 286 282 281 290 293 291 312 307 326 338 342 355 382 408
515 520 522 525 522 530 520 460 515 453 509 503 490 417 473 470 460 394 457 468 383 430 352 413 408 348 395 344 390 386 339 380 378 377 375 334 371 368 332 361 356 353 358 354 353 322 353 324 350 348 349 363 341 361 363 336 318 322 330 312 300 281 280 279 280 282 278 281 283 296 289 300 330 330 313 285 280 290 285 291 309 296 306 327 344 358 388 425
408 514 503 520 521 537 537 523 517 515 516 512 445 506 498 493 497 474 389 397 440 369 359 377 365 357 353 398 347 387 343 383 339 377 336 373 370 369 334 362 357 359 361 364 356 366 369 331 365 356 332 331 345 356 360 324 334 316 323 327 317 305 289 279 276 274 280 283 285 286 290 298 310 298 299 279 283 291 284 284 294 290 291 310 332 366 398 429
393 475 493 522 519 520 531 525 524 525 518 516 513 513 512 508 500 470 468 462 441 372 368 381 389 448 370 358 350 348 394 344 383 339 376 371 370 367 364 361 367 368 367 367 360 368 367 366 376 336 378 370 370 334 358 360 332 342 332 315 320 306 300 284 276 274 282 289 283 285 296 303 315 298 285 278 283 288 282 283 301 317 302 300 315 353 369 394
390 392 474 503 522 521 519 518 518 517 515 514 444 502 453 509 507 496 501 498 479 456 443 371 385 452 449 384 364 352 396 398 396 357 388 342 378 373 366 366 359 338 333 333 353 332 372 378 380 375 339 337 336 352 321 349 328 337 332 320 307 303 303 292 275 274 272 271 290 282 300 329 324 295 281 279 281 281 281 284 290 309 323 322 343 368 365 382
391 407 513 512 496 521 521 508 496 486 500 402 497 481 491 429 508 509 507 443 504 501 491 456 383 447 455 404 447 372 356 389 345 381 376 375 352 370 361 354 354 352 320 358 351 363 359 365 365 345 362 327 355 340 344 340 340 335 319 329 315 312 305 292 279 276 272 270 273 277 286 309 303 283 278 276 278 280 280 280 301 319 318 330 351 367 371 390
391 389 495 525 525 522 505 488 470 465 403 391 397 459 459 475 503 511 499 495 509 506 507 494 476 477 463 407 454 449 423 360 390 347 378 373 369 337 370 354 346 339 343 347 343 352 354 352 360 360 329 351 347 347 337 334 335 325 316 306 303 292 289 284 287 275 273 270 269 285 285 283 303 313 275 276 278 281 283 289 304 290 308 308 313 326 369 389
447 392 495 466 526 518 511 402 466 455 462 449 397 462 376 450 470 476 479 479 510 510 510 504 498 498 473 474 450 442 437 432 416 398 387 382 374 365 363 351 345 337 333 337 337 340 339 342 349 354 350 343 342 336 332 323 316 314 307 305 302 305 307 298 290 276 270 270 269 283 278 276 275 278 276 280 282 284 282 282 281 287 292 291 302 320 354 341
427 392 500 510 517 487 515 430 402 390 379 453 470 405 381 429 376 397 383 450 481 496 497 494 469 494 481 470 459 441 374 382 383 428 374 404 397 349 370 358 346 336 331 331 339 339 340 346 344 345 333 349 357 356 350 335 332 325 324 315 317 314 324 297 284 295 270 269 268 272 271 280 272 275 286 285 283 281 276 274 279 286 284 291 303 314 322 339
410 394 393 473 431 484 467 473 486 478 387 374 390 479 472 390 369 432 374 370 464 472 403 459 404 461 453 442 376 407 421 395 451 383 384 382 373 398 353 372 355 339 327 324 337 343 326 350 346 354 361 364 365 335 354 353 359 348 332 333 329 318 304 294 292 305 304 287 267 265 272 270 272 278 277 280 280 275 276 274 277 286 280 294 290 315 302 318
444 394 393 392 393 393 392 456 391 490 399 448 378 456 491 492 447 367 411 365 376 391 435 377 428 427 374 414 402 364 371 398 458 452 443 436 432 424 412 361 375 353 331 334 336 340 348 345 358 367 342 346 384 378 368 367 382 373 361 358 346 329 319 310 300 306 304 311 276 266 266 269 277 285 283 285 284 276 274 274 272 275 275 275 282 285 311 298
402 468 396 394 391 391 393 392 440 390 468 445 377 427 390 416 394 383 362 402 365 373 365 366 358 350 387 394 415 388 393 394 451 457 453 395 383 438 378 403 382 355 315 342 341 335 355 333 350 352 371 368 365 374 391 387 376 383 371 367 368 358 343 324 317 309 290 297 306 276 265 272 278 280 283 288 288 284 276 271 271 272 275 275 276 280 296 286
471 403 470 397 392 449 393 390 382 379 452 390 435 398 431 462 395 448 369 388 362 367 391 395 387 366 356 371 390 382 432 422 436 446 447 437 378 416 411 393 381 363 312 314 334 350 336 347 331 347 351 366 383 393 388 375 375 358 365 356 379 370 365 340 340 323 310 285 292 264 265 275 275 279 283 295 292 288 279 269 269 272 272 270 272 273 278 283
445 432 458 454 395 391 433 437 390 374 438 388 389 392 400 393 446 387 422 377 420 422 382 366 369 318 321 355 391 404 413 415 383 378 436 387 422 403 412 384 349 346 327 309 300 313 305 320 318 322 337 356 354 367 363 344 347 339 331 336 333 350 357 348 354 342 318 292 276 264 265 271 275 285 293 289 286 286 280 272 269 269 269 267 270 270 277 283
368 386 388 385 395 400 444 381 372 367 422 379 404 401 343 410 427 374 393 368 363 370 380 343 340 309 315 322 332 335 375 390 403 410 418 415 414 398 394 371 348 337 322 308 295 293 299 303 302 308 315 329 336 326 328 319 319 313 306 314 303 314 319 314 324 331 321 302 276 270 264 272 276 291 289 285 280 279 279 272 267 272 273 268 268 271 279 287
312 327 336 376 404 423 424 414 385 374 345 380 357 345 322 350 365 376 343 394 366 357 332 324 303 283 280 281 278 290 313 335 358 389 396 394 362 364 360 339 324 323 311 303 291 288 289 294 297 301 296 299 298 298 306 303 299 303 280 294 278 281 273 258 259 293 304 295 280 269 266 275 281 291 283 279 274 274 275 269 266 270 268 266 265 271 279 286
273 289 295 306 326 368 353 318 333 340 339 351 322 307 307 306 317 319 331 363 373 378 326 288 296 272 258 245 243 254 242 265 286 315 315 328 322 327 341 375 347 323 303 309 298 284 282 286 284 289 289 291 294 294 300 292 299 298 274 271 266 272 258 258 259 260 274 264 264 266 264 278 292 285 280 277 272 270 269 267 265 271 265 265 269 275 283 277
258 272 284 287 289 305 308 307 306 300 304 303 294 289 287 289 285 301 295 302 276 286 300 267 246 237 239 233 221 224 212 217 248 264 268 285 288 297 281 273 274 278 275 262 288 281 279 279 283 277 282 286 290 293 302 284 280 278 270 267 262 267 265 258 269 261 272 264 268 270 272 283 290 286 279 272 269 267 265 266 263 260 265 271 272 280 272 273
235 250 262 284 285 290 291 292 292 291 290 289 286 283 280 280 273 277 276 264 250 270 277 265 228 222 227 218 212 208 205 206 207 216 224 233 244 272 251 238 260 263 254 260 297 297 279 272 271 271 275 281 286 291 298 287 272 269 267 265 260 256 259 260 266 273 264 268 268 273 276 293 294 281 274 272 269 265 262 262 260 260 269 275 277 274 272 278
230 234 238 248 272 285 285 290 302 299 294 296 286 281 275 267 264 264 258 255 240 251 279 276 207 207 209 208 205 205 204 204 204 205 205 212 222 234 222 226 232 234 241 264 308 299 283 271 270 268 281 286 286 300 289 274 271 268 265 263 265 256 261 266 269 273 273 274 274 281 291 297 289 282 280 273 275 271 265 260 260 266 270 272 274 279 268 270
224 228 234 234 240 247 265 285 262 261 291 297 288 280 269 260 252 248 242 232 210 205 204 202 203 202 202 202 202 201 202 202 202 203 204 205 207 209 215 219 221 232 231 256 320 307 290 280 272 268 271 278 299 290 285 283 271 266 265 262 259 260 256 264 267 271 274 278 286 289 299 294 292 294 286 288 278 274 268 260 258 264 267 268 267 275 267 268
