inst/testdata/Hispaniola_WorldClim/snv_2.asc
ncols         743
nrows         319
xllcorner     -74.500956448335
yllcorner     17.448920549066
cellsize      0.0083333333333333
NODATA_value  -9999
[rows 156 to 194 of 319, columns 352 to 439 of 743]
140 140 142 142 139 139 139 141 142 140 138 139 140 141 141 139 138 137 137 137 137 136 135 134 132 131 130 129 128 127 126 125 124 123 122 121 121 121 120 119 119 119 118 118 118 118 118 117 117 118 118 119 120 118 118 128 131 125 121 120 119 119 119 123 124 124 122 122 121 125 122 119 121 120 121 125 125 126 129 130 131 131 131 130 130 131 131 130
142 143 142 142 142 140 140 139 140 142 140 133 133 135 140 141 140 139 138 137 137 136 136 134 132 132 131 130 128 127 126 125 124 123 122 122 121 120 120 120 119 119 118 118 118 118 117 117 117 117 118 118 118 118 118 122 122 124 122 122 118 120 122 126 128 128 128 126 122 120 121 118 122 122 121 124 126 129 130 129 131 131 131 131 131 130 132 131
143 143 144 143 143 142 141 140 140 141 142 138 138 137 135 134 133 140 139 139 138 138 137 135 134 134 132 131 129 128 127 126 124 123 123 122 121 121 120 120 119 119 118 118 118 117 118 117 117 117 117 118 118 117 117 120 121 123 124 120 118 121 125 129 130 128 128 123 121 119 119 120 121 122 125 128 129 130 131 131 131 131 130 131 131 131 131 131
142 139 137 137 142 142 142 141 142 141 141 141 141 141 139 136 137 138 140 140 139 139 138 135 135 136 134 131 130 129 128 127 126 124 123 122 121 121 120 119 119 119 118 118 118 117 117 117 117 117 117 118 117 117 118 119 120 122 123 119 118 119 123 123 128 127 124 121 121 117 122 126 122 124 126 128 129 129 129 129 128 128 128 129 129 130 131 132
143 143 141 143 143 143 143 142 142 142 142 140 140 138 139 138 138 138 138 137 136 139 139 137 138 136 136 134 130 130 130 128 126 125 124 123 122 121 120 119 119 119 118 118 118 118 118 117 117 117 117 117 117 117 118 119 120 121 123 120 117 118 121 121 125 125 124 121 119 117 121 122 122 122 125 127 128 127 126 125 123 123 124 124 128 131 131 131
141 141 141 141 142 142 142 142 142 140 136 135 135 137 139 136 134 135 136 134 134 136 137 136 138 137 138 136 134 132 131 129 127 126 124 123 123 122 121 120 120 119 118 118 118 117 117 117 117 117 117 117 116 117 118 118 119 120 122 121 117 117 120 121 123 123 122 119 118 117 119 120 120 122 124 125 126 123 122 122 122 127 128 124 126 129 130 130
141 141 141 141 142 142 142 142 142 138 133 130 130 131 132 131 130 131 133 132 131 131 133 132 135 137 137 137 136 135 133 131 128 127 125 125 124 122 121 121 120 119 118 118 118 117 117 117 117 117 117 117 116 117 117 117 118 119 120 122 117 116 118 121 120 121 119 116 116 119 122 121 120 120 122 123 121 122 125 125 128 131 131 130 125 125 128 129
142 142 143 141 141 142 142 142 139 134 130 126 126 127 129 130 127 130 130 131 129 130 130 131 132 135 136 137 137 137 136 133 131 128 128 127 125 124 123 122 120 119 119 118 118 118 117 117 117 117 117 117 116 116 116 117 117 118 119 121 119 116 116 117 119 121 119 116 116 120 122 122 120 121 120 120 120 125 126 129 129 130 132 131 132 130 126 129
143 144 143 142 142 142 142 142 137 133 130 129 130 130 131 132 132 133 134 132 129 130 129 129 130 132 135 136 134 130 135 137 136 132 130 129 127 125 124 122 121 120 119 119 118 118 118 117 117 117 117 116 116 116 116 116 116 117 117 119 119 117 116 116 118 118 117 116 117 120 122 120 119 119 119 120 121 123 125 129 131 131 132 130 130 132 132 131
144 143 143 142 143 142 142 142 141 135 135 134 134 132 131 131 135 136 138 135 132 132 131 130 128 130 134 134 135 136 136 136 134 133 132 130 127 125 124 122 121 120 120 120 119 118 118 117 117 117 117 117 116 116 116 116 116 116 117 117 119 122 116 116 116 116 116 116 118 119 118 118 118 120 119 121 124 126 127 127 130 132 131 130 128 130 130 132
144 144 143 143 143 143 142 142 142 141 141 139 138 137 137 138 138 139 139 139 136 135 136 134 131 128 131 134 136 136 136 136 136 134 132 130 129 128 124 123 122 121 121 121 120 119 118 118 118 117 117 117 116 116 116 116 116 116 116 117 120 123 116 116 116 116 116 116 117 117 117 122 120 119 120 120 123 126 129 130 130 131 132 131 130 127 131 131
142 143 143 143 143 143 143 142 142 142 142 141 141 140 140 140 140 140 139 139 139 138 137 136 133 132 132 133 134 135 136 136 136 136 135 133 131 131 130 125 122 121 121 120 120 119 119 119 118 117 118 118 117 116 116 115 116 116 115 116 117 117 116 116 116 116 116 117 118 118 118 118 121 121 120 121 123 125 127 129 130 131 131 132 131 130 128 129
143 143 143 143 143 143 142 142 142 142 142 141 140 141 140 140 140 139 139 139 138 139 139 138 136 136 133 133 133 133 135 135 135 136 135 131 131 128 126 127 126 125 123 120 120 119 119 118 118 118 118 118 117 116 117 116 115 116 116 116 116 116 115 117 118 117 116 116 117 117 117 117 118 119 124 121 123 123 125 126 129 130 131 131 131 131 128 129
143 143 143 143 143 142 142 142 142 141 141 139 139 140 139 140 139 140 139 139 138 138 138 138 138 138 135 134 134 134 133 134 135 136 135 129 128 127 125 124 123 122 121 122 120 119 120 119 118 118 118 118 118 117 117 116 115 115 115 114 115 116 115 116 118 117 116 115 115 115 115 116 117 118 119 120 124 127 125 125 129 131 131 131 131 130 128 127
142 141 140 138 141 141 141 142 142 141 141 139 139 139 138 137 139 139 139 138 138 137 137 136 136 137 137 137 137 136 135 136 136 135 132 129 129 128 127 126 123 122 121 120 120 124 126 126 121 119 120 118 118 118 117 116 116 115 115 114 115 114 115 116 117 117 115 115 115 115 115 116 116 117 117 119 121 122 127 128 130 131 131 132 131 129 128 127
134 133 132 133 134 135 139 140 139 141 140 140 140 140 140 140 140 137 138 137 138 138 137 136 136 136 135 135 135 136 135 135 134 132 131 130 130 128 129 127 126 124 121 122 126 129 130 129 127 121 129 125 124 118 118 117 117 115 115 114 115 114 114 115 115 116 116 114 115 116 116 116 116 117 117 117 120 126 127 128 128 130 130 131 132 131 129 128
127 126 127 128 127 130 130 135 138 139 139 139 140 140 140 140 139 139 139 138 138 138 138 137 135 134 134 134 134 134 133 133 133 134 134 133 132 130 130 130 127 122 121 125 130 128 128 127 125 126 129 128 126 119 124 128 124 117 115 114 114 115 116 114 115 115 116 114 115 115 116 116 118 117 117 118 119 125 129 129 130 131 130 131 131 131 130 128
122 122 122 124 124 125 128 128 133 136 138 138 138 139 139 139 139 139 137 136 138 138 137 137 135 135 134 133 133 133 132 132 132 133 133 132 133 132 130 126 125 122 123 128 128 128 127 125 125 125 125 128 121 125 127 125 121 122 118 115 114 114 116 114 115 116 115 113 114 114 115 116 119 120 117 116 116 124 125 122 126 128 129 131 131 131 130 129
118 119 119 119 120 122 125 125 126 128 130 134 135 137 138 138 138 139 136 132 134 138 137 136 135 135 134 133 132 132 131 130 130 130 130 129 128 129 128 126 123 122 125 126 127 125 124 124 124 124 125 127 124 129 129 124 125 127 120 117 115 114 113 113 114 114 114 114 114 114 115 117 123 124 117 116 116 119 120 120 124 123 126 128 129 131 131 129
129 123 119 119 119 117 120 123 124 126 127 129 131 132 134 134 136 136 136 134 137 138 137 137 136 135 134 134 133 132 131 130 129 129 128 128 127 127 127 124 123 123 124 124 124 124 125 125 124 124 125 129 123 129 129 123 125 126 123 118 116 113 113 113 113 114 113 114 114 118 116 120 125 126 123 116 115 119 117 119 123 120 122 126 129 131 131 128
135 129 131 123 119 117 117 119 121 123 122 124 128 127 129 130 129 133 137 135 138 138 137 137 137 136 135 134 134 132 132 130 129 129 128 127 126 127 127 125 123 124 125 127 124 128 129 127 128 126 127 127 124 127 128 126 128 124 120 122 120 117 114 113 113 113 113 114 114 115 116 119 122 119 120 114 116 118 116 116 119 118 119 122 127 131 130 128
139 139 133 126 121 120 117 119 119 119 121 121 124 124 124 126 129 134 134 135 138 138 137 137 136 135 137 136 134 133 133 131 130 128 128 127 126 125 125 124 126 127 127 127 125 128 128 127 130 128 130 129 129 128 127 128 127 124 122 118 120 117 116 114 113 112 113 115 114 114 117 120 122 119 115 113 115 117 115 115 120 124 121 120 123 130 131 130
142 141 139 132 125 125 121 126 123 125 123 125 128 129 126 126 127 129 128 128 132 135 137 137 136 135 135 136 135 134 132 133 133 134 131 129 128 127 125 125 123 127 125 126 122 126 129 130 130 129 128 127 127 125 124 125 126 123 122 119 116 116 116 114 112 112 112 112 115 113 118 124 123 118 114 113 114 114 114 115 117 121 124 124 127 131 131 131
141 135 130 130 133 127 126 130 132 133 131 136 131 134 131 131 127 126 127 128 127 127 130 135 136 136 134 133 135 136 134 130 129 128 127 127 132 126 123 122 122 122 122 124 122 125 125 126 127 129 126 124 125 121 123 122 123 122 118 121 118 118 117 114 112 112 112 112 112 112 114 120 119 114 113 113 113 113 113 114 120 123 123 125 129 131 131 131
141 141 133 127 126 127 131 133 137 138 135 138 136 138 137 134 129 126 129 130 125 126 125 129 132 132 133 133 134 134 135 133 130 129 127 126 125 125 125 122 121 119 120 121 120 122 122 122 125 125 124 123 123 123 121 121 121 119 118 116 116 114 114 113 113 112 112 111 111 114 114 113 118 121 112 112 113 113 114 116 120 116 120 120 121 124 130 131
136 139 133 124 125 129 130 136 139 139 139 139 136 137 138 138 135 134 133 133 125 125 124 127 128 128 132 132 134 135 135 135 134 131 129 128 126 124 123 121 120 119 118 119 119 119 119 120 121 123 122 121 121 120 119 118 117 117 115 115 115 115 116 115 114 112 111 111 111 113 112 112 112 112 112 113 113 114 113 114 113 115 117 116 119 122 128 126
133 139 132 131 130 134 129 131 136 138 139 139 136 135 138 136 137 136 137 137 133 130 129 129 133 129 131 132 134 135 135 135 135 134 134 132 130 127 124 122 120 119 118 118 119 119 119 120 120 121 124 122 124 124 123 120 119 118 118 117 117 117 119 114 113 114 111 111 111 111 111 113 111 111 114 114 113 113 112 112 112 114 114 116 119 120 122 125
131 137 140 139 132 135 139 136 134 135 139 137 138 134 135 137 135 136 136 135 135 134 134 135 134 134 135 135 135 132 134 134 134 134 134 134 133 130 128 125 121 119 118 117 119 119 121 121 120 122 124 125 125 124 123 123 125 122 119 120 119 117 115 114 113 116 116 113 110 110 111 111 111 112 112 112 112 112 112 112 112 114 112 116 115 120 118 121
135 135 136 139 139 138 139 138 139 133 136 138 137 138 132 132 137 132 132 132 135 136 136 135 135 134 134 133 130 131 133 134 133 133 134 134 134 133 132 130 125 121 118 118 118 119 120 120 122 124 124 125 128 127 125 125 128 127 125 124 122 119 118 116 115 115 115 117 111 110 110 111 112 113 113 113 113 111 111 111 111 112 111 111 113 113 119 116
138 138 136 136 136 138 139 139 136 138 137 137 135 134 137 133 137 137 130 130 131 134 131 131 129 127 127 128 132 134 134 134 134 133 133 133 133 133 132 130 126 121 117 119 119 118 121 118 120 126 125 124 129 130 129 128 127 128 126 125 126 124 122 118 117 116 113 114 116 111 110 111 111 112 112 113 114 113 111 111 111 111 111 111 111 112 116 113
138 137 138 137 135 136 138 137 133 133 137 138 134 129 134 137 137 136 131 127 129 131 127 128 127 124 123 131 135 134 134 133 134 134 134 134 132 132 131 127 125 122 116 116 118 120 118 119 117 120 120 123 127 129 128 126 126 123 124 123 127 126 125 121 121 118 116 112 113 110 110 111 111 111 112 114 114 113 111 110 110 110 110 110 110 110 111 112
134 133 136 135 135 134 133 134 136 131 134 136 137 128 129 137 136 136 132 126 132 132 126 124 124 120 120 122 127 129 130 131 132 131 133 133 132 129 130 125 124 119 117 116 115 116 115 116 116 116 118 121 121 123 123 120 120 119 118 119 118 122 123 122 123 121 117 113 111 110 109 110 111 112 113 112 112 112 111 110 110 110 110 109 110 110 111 112
127 132 128 132 134 137 134 132 131 130 131 132 129 129 124 130 132 131 128 125 129 125 126 122 121 119 119 120 120 120 124 126 128 129 131 130 130 127 126 122 119 118 117 116 115 114 114 115 114 115 115 117 117 116 116 116 116 115 114 115 113 115 116 115 117 118 117 113 111 110 109 110 110 113 113 111 111 111 111 110 109 110 110 109 109 110 111 112
123 124 125 127 130 131 131 130 128 127 124 127 125 124 122 124 125 126 123 127 128 123 121 120 119 118 117 117 117 117 118 120 122 125 126 125 126 121 121 119 117 117 116 115 114 114 114 114 114 114 113 114 113 113 114 114 113 113 111 112 111 111 110 109 109 112 114 112 111 110 109 110 111 112 111 111 110 110 110 109 109 109 109 109 109 110 110 112
118 120 121 122 123 127 125 122 123 124 124 124 122 121 121 120 121 121 122 124 125 125 121 118 118 117 116 115 115 115 115 115 116 118 117 118 118 118 119 122 119 117 115 115 114 113 113 113 113 113 113 113 113 113 113 112 113 113 111 110 109 110 109 108 108 108 110 109 109 109 108 110 112 111 110 110 109 109 109 109 109 109 109 108 109 110 111 110
117 118 119 119 119 122 121 121 121 120 121 120 120 119 119 119 119 120 119 120 118 118 119 117 116 115 115 115 114 114 113 113 114 115 115 116 115 116 115 114 114 114 113 113 114 113 113 113 113 112 112 112 112 112 113 111 111 111 110 109 109 109 109 108 109 109 109 109 109 109 109 110 111 111 110 109 109 108 109 108 108 108 109 109 109 110 109 109
116 117 117 119 118 119 119 119 119 119 119 118 118 118 118 118 118 118 118 117 117 117 118 117 115 115 115 114 114 113 113 113 112 113 113 113 113 114 113 112 113 113 112 112 114 114 113 112 112 112 112 111 112 112 112 112 110 110 109 109 109 108 108 108 109 109 108 108 109 109 109 111 111 110 109 109 108 108 108 108 107 108 109 109 110 109 109 110
116 116 116 116 117 117 117 117 117 117 117 117 117 117 117 117 117 117 117 117 116 116 118 117 114 114 114 114 113 113 113 112 112 112 112 112 112 112 112 111 112 111 111 112 115 114 113 112 111 111 112 112 112 112 112 110 110 109 109 109 109 108 108 108 108 109 109 109 109 110 111 112 111 110 110 109 109 108 108 107 107 108 109 109 109 109 108 108
115 115 116 116 116 116 116 116 116 116 116 116 116 117 117 116 116 117 116 116 115 115 114 114 114 114 114 113 113 113 113 112 112 112 111 111 111 111 111 111 111 111 111 112 115 114 113 112 111 111 111 111 113 111 111 111 110 109 109 108 108 108 107 108 108 108 109 109 110 110 111 111 110 111 110 110 109 109 108 107 107 108 108 108 108 109 108 108
