inst/testdata/Hispaniola_WorldClim/snv_18.asc
ncols         743
nrows         319
xllcorner     -74.500956448335
yllcorner     17.448920549066
cellsize      0.0083333333333333
NODATA_value  -9999
[rows 78 to 116 of 319, columns 440 to 527 of 743]
228 219 218 217 216 215 215 215 217 218 218 220 220 221 222 222 224 230 232 234 238 242 245 249 252 256 260 263 267 269 273 275 278 280 281 284 285 284 286 289 290 293 294 293 295 294 294 296 297 282 300 303 302 305 289 308 309 310 294 315 320 325 326 331 332 333 336 339 341 338 341 343 346 339 331 342 345 352 355 378 382 376 357 351 355 338 358 369
227 224 221 218 218 217 215 215 217 217 218 219 219 222 220 221 224 229 230 233 238 241 245 249 251 255 258 263 266 269 272 276 278 280 283 284 286 288 290 290 293 295 295 297 297 298 297 298 298 300 284 301 303 305 305 308 309 310 312 304 309 325 327 327 333 336 337 338 343 346 348 351 349 355 344 340 355 359 365 362 360 376 380 358 357 358 360 373
234 230 225 221 219 217 216 216 217 218 219 220 220 221 222 224 225 227 231 233 238 241 245 249 252 255 258 262 266 269 271 275 278 280 282 284 287 289 291 295 295 298 299 299 300 300 304 301 283 303 303 303 289 305 306 308 292 312 317 320 310 326 327 329 331 336 340 332 332 336 339 344 345 337 354 358 358 362 333 344 351 369 383 375 362 362 390 395
242 242 234 223 220 219 218 219 218 218 221 222 221 222 223 224 227 230 233 236 239 241 245 249 252 256 259 262 266 269 273 276 278 281 284 286 288 290 292 294 297 299 301 303 303 304 305 304 304 306 308 306 312 291 315 309 310 315 319 320 323 325 325 328 333 337 338 334 332 335 335 343 339 334 334 340 368 362 355 346 338 356 366 385 398 403 379 403
239 239 238 233 221 220 219 219 218 220 222 228 227 223 224 225 230 233 235 237 241 243 244 248 251 256 259 263 267 270 273 276 279 282 283 286 288 292 294 295 297 300 302 304 306 308 308 307 308 307 311 311 312 314 316 316 319 318 319 320 308 324 326 330 335 333 337 334 336 336 332 333 334 327 344 351 362 357 355 352 347 354 353 351 382 379 391 399
235 236 236 236 225 223 222 222 221 224 226 226 225 226 224 230 232 234 237 239 241 243 245 249 252 256 259 262 267 269 273 276 279 282 284 287 290 293 295 296 300 302 304 306 307 308 309 312 314 315 316 316 315 316 320 321 309 320 299 304 320 324 328 333 333 335 335 337 336 334 336 319 334 337 345 343 331 337 348 342 344 347 343 368 353 368 388 402
235 234 233 232 225 223 221 221 224 225 226 227 227 225 226 237 235 237 237 239 241 244 245 249 253 256 260 263 267 271 273 276 280 282 285 289 291 294 296 298 300 304 304 306 309 311 313 314 316 318 322 321 323 323 326 319 323 329 322 331 310 324 329 328 331 333 333 337 335 333 319 333 335 343 347 350 338 337 322 341 349 352 336 356 351 387 369 385
238 238 238 240 238 236 222 224 228 228 227 226 226 226 228 238 237 238 240 240 242 244 247 250 254 257 261 265 267 272 274 278 280 283 287 289 291 295 296 299 301 304 306 308 310 311 314 315 318 320 322 324 328 330 331 333 336 339 332 333 327 325 327 329 332 342 335 322 336 336 340 336 336 343 345 337 330 339 340 342 344 349 348 351 348 349 349 376
239 239 238 236 240 231 226 230 232 230 229 229 228 227 229 233 238 240 243 243 244 246 247 250 254 257 261 265 268 272 276 279 281 285 289 290 293 296 297 300 303 305 307 310 312 313 314 317 319 321 323 327 329 332 334 338 342 342 343 343 342 338 335 332 345 340 334 337 322 339 348 339 337 342 339 344 343 325 342 346 346 350 341 342 349 348 350 349
238 237 239 239 232 227 232 232 231 232 232 229 231 233 231 236 240 241 246 245 244 246 249 250 254 257 261 265 268 270 274 276 281 285 288 292 294 296 299 301 305 307 308 310 312 314 317 320 321 323 324 328 331 334 339 340 345 349 350 351 354 355 350 348 350 348 349 346 348 347 358 352 341 342 343 341 343 350 346 345 344 328 347 353 353 350 350 354
235 234 235 232 227 232 238 233 232 232 231 236 237 236 233 240 247 246 245 248 248 247 249 253 255 259 262 264 268 270 272 275 279 284 288 292 295 298 299 302 305 307 310 312 314 316 318 322 323 325 329 332 334 337 341 345 348 353 355 354 360 361 364 360 363 364 354 353 346 354 367 347 347 357 347 347 348 352 348 329 348 332 349 335 351 353 339 354
236 236 234 230 232 236 237 238 235 234 233 236 238 236 239 243 248 247 246 248 246 249 251 253 256 259 261 264 268 270 272 276 281 285 290 294 296 299 302 303 307 309 311 314 316 318 319 324 326 327 333 333 338 342 345 349 351 354 357 360 363 366 366 367 367 368 370 374 370 377 369 364 359 370 377 367 357 357 368 347 348 354 350 351 352 352 336 354
236 235 232 236 235 239 240 239 234 234 238 240 239 233 236 241 243 246 246 246 247 250 252 254 256 260 262 265 268 270 273 277 282 286 290 296 297 300 303 306 309 310 313 315 316 322 324 327 328 332 336 338 341 345 348 351 356 360 361 363 367 369 370 372 374 375 376 378 380 384 384 384 382 376 380 373 377 375 367 360 352 333 353 334 354 354 355 357
237 238 235 238 238 238 239 239 237 236 238 236 236 235 236 241 246 248 246 248 249 251 252 254 258 260 263 265 269 271 275 279 284 288 293 296 298 301 304 307 311 313 316 317 321 323 328 330 331 334 339 338 344 348 352 354 358 364 366 369 372 373 376 377 380 380 383 384 384 387 390 390 394 395 395 394 385 383 389 376 369 359 349 362 349 364 362 344
238 237 237 238 239 238 237 239 239 238 236 236 237 236 238 243 246 248 250 249 250 252 254 256 258 261 265 267 270 273 276 281 285 289 293 296 300 304 306 310 311 315 318 320 324 326 330 333 333 337 342 342 347 350 355 358 363 367 370 373 376 378 382 383 384 386 387 389 390 393 388 393 396 397 396 395 397 397 400 397 387 381 379 375 386 378 379 361
236 236 236 238 236 236 236 236 236 234 233 235 236 238 238 241 246 249 248 250 251 252 254 257 259 263 267 269 272 274 278 282 285 289 293 296 300 304 308 312 314 317 320 322 327 328 331 335 337 340 343 346 350 353 357 361 364 369 373 376 380 382 386 387 389 391 392 392 394 396 393 396 397 396 394 391 396 400 407 402 401 393 397 397 403 399 400 396
236 235 235 237 236 237 237 236 236 234 235 238 239 241 240 242 245 248 250 251 252 253 255 257 260 263 266 270 274 276 278 283 285 289 293 297 301 306 308 312 315 318 321 325 327 331 334 337 340 343 346 351 354 357 362 364 368 373 376 379 382 386 388 392 393 395 396 396 401 401 401 404 403 395 396 393 397 406 409 403 406 405 397 379 396 411 414 416
237 237 237 235 234 236 237 236 237 238 238 241 241 241 242 245 247 248 250 251 253 255 257 259 261 263 266 270 274 278 281 283 287 291 295 299 303 307 311 313 317 320 324 326 330 333 335 339 342 346 349 354 357 360 365 368 371 375 379 383 386 389 393 396 398 399 399 399 404 405 404 403 403 403 402 396 394 405 419 415 402 417 402 383 378 392 410 422
243 238 236 235 237 236 235 236 238 239 240 241 242 241 243 245 247 248 250 252 254 255 257 259 262 264 266 270 274 278 282 278 283 293 297 301 304 307 311 316 318 321 324 328 331 335 337 342 345 349 352 356 360 363 366 371 374 378 381 386 389 393 396 400 402 403 404 404 408 408 404 408 407 409 402 409 401 398 413 420 424 414 409 407 407 407 404 408
237 237 237 236 237 238 236 238 238 239 241 242 242 243 245 246 248 249 251 252 253 256 258 260 262 265 267 271 274 278 283 285 281 288 296 301 305 308 312 317 319 323 327 330 334 336 340 343 348 351 355 358 362 366 370 373 378 381 384 387 392 395 399 402 404 407 408 408 409 412 412 411 413 412 411 416 413 400 402 419 425 416 415 426 427 421 418 425
248 239 239 239 236 238 238 240 240 240 241 242 243 244 245 247 248 250 251 253 254 256 259 261 263 265 267 271 275 279 282 285 282 288 297 302 307 310 314 318 321 325 327 331 335 339 342 346 349 354 357 361 364 369 373 377 380 384 387 390 394 398 400 404 407 408 410 412 412 413 415 416 418 416 415 420 421 421 428 428 431 424 435 433 434 432 428 431
240 237 239 251 249 252 243 240 241 241 242 243 243 245 246 248 249 250 251 253 254 256 260 262 263 266 269 271 276 280 284 287 286 288 294 304 308 311 315 319 322 326 330 333 337 340 345 348 352 355 360 363 367 371 374 379 383 385 388 393 397 400 403 406 409 411 412 413 414 417 418 419 422 421 419 426 429 430 432 437 437 437 425 428 428 433 433 439
243 237 243 254 250 239 242 255 247 242 242 243 244 245 248 248 250 251 252 254 254 257 259 262 264 266 269 271 275 280 285 289 288 293 295 303 310 314 318 320 324 327 332 336 339 343 346 351 354 358 361 366 369 373 377 380 384 389 391 394 398 401 405 408 410 412 414 416 417 419 421 423 426 427 427 431 435 439 439 440 443 446 445 444 444 442 450 442
239 240 250 256 255 245 240 255 260 254 250 245 246 246 247 248 250 253 254 255 254 257 259 261 266 267 272 276 278 280 285 291 291 296 304 308 312 314 318 323 326 329 332 336 341 344 349 352 357 360 364 367 372 375 379 383 386 390 394 397 401 404 407 410 412 415 417 418 420 423 425 428 431 432 434 436 440 442 443 446 448 452 453 454 454 454 458 458
240 250 257 260 258 252 246 243 259 257 253 244 244 249 247 248 249 254 254 254 255 257 261 264 269 271 277 279 282 285 289 294 297 302 306 310 314 317 320 324 327 331 335 339 342 347 350 354 359 363 367 370 375 378 381 385 389 392 396 400 403 407 410 411 414 417 420 421 424 426 428 431 433 436 439 441 443 446 449 451 453 458 459 461 464 462 465 465
242 257 265 269 259 253 249 244 252 264 256 252 249 247 253 256 253 251 255 256 256 257 258 264 267 270 277 282 283 287 291 297 300 305 307 311 315 318 323 326 329 333 336 341 345 348 353 357 360 365 369 373 376 381 384 387 392 395 398 402 405 408 412 414 417 420 423 424 427 430 432 435 438 440 444 446 447 450 453 454 457 460 465 467 469 469 471 472
253 247 263 276 276 260 252 246 249 264 261 255 249 247 255 257 259 251 255 254 257 255 258 260 265 270 278 280 284 290 294 300 303 305 309 313 317 321 323 327 332 335 339 343 347 351 355 359 363 366 371 375 379 383 387 390 393 398 401 404 408 411 413 417 420 422 426 427 430 433 435 439 441 444 446 449 451 454 456 459 462 465 468 471 475 476 478 480
271 262 263 275 276 266 261 261 252 250 265 256 248 248 256 263 256 253 252 259 255 258 261 264 262 264 272 277 279 295 293 301 305 308 312 315 318 322 325 328 332 337 340 345 350 354 357 361 365 369 373 378 382 385 389 393 396 400 404 407 411 414 416 419 423 425 428 431 434 435 438 440 444 447 449 452 455 458 461 464 467 470 473 476 479 483 484 486
275 280 276 276 277 279 273 267 256 251 250 259 259 252 258 263 259 252 255 257 259 261 259 265 264 263 266 274 286 285 299 294 295 309 314 317 320 323 326 331 334 338 343 347 350 356 360 363 368 372 375 380 384 388 392 396 399 402 406 410 413 416 419 422 425 428 431 434 436 439 442 444 448 450 453 456 458 461 464 467 470 473 477 481 482 486 488 492
273 280 293 284 274 271 267 260 260 248 262 258 254 255 261 266 264 258 253 255 263 268 262 264 266 267 265 273 284 280 287 301 300 297 316 318 323 325 329 331 336 341 345 349 353 359 362 366 371 374 378 383 386 391 394 398 402 404 409 413 415 419 422 425 427 431 434 436 439 442 445 447 451 453 456 458 462 465 468 472 474 477 480 483 487 490 493 496
288 283 299 304 282 277 269 269 261 258 264 258 249 254 260 268 264 259 258 257 264 261 264 267 263 264 281 274 271 276 278 293 304 304 317 321 324 328 331 335 340 344 347 352 356 361 365 369 373 377 381 384 389 392 397 401 405 408 411 414 418 421 425 428 430 434 436 439 442 445 449 451 453 457 460 462 465 469 471 475 478 481 484 488 491 495 499 502
294 294 303 306 294 284 270 263 264 266 272 264 256 258 257 257 262 257 255 260 258 257 260 263 263 266 269 270 272 272 279 295 303 296 308 321 327 330 332 338 342 346 350 355 360 363 368 372 375 380 384 387 392 396 399 403 407 410 414 417 421 424 428 430 433 437 439 443 446 449 451 454 456 460 462 465 469 472 475 478 481 485 489 492 496 499 503 507
271 290 290 299 290 281 274 272 286 281 271 259 254 262 266 255 253 253 254 256 256 259 262 263 263 266 269 269 272 275 276 294 303 305 303 318 328 331 333 341 344 349 353 358 362 366 371 374 378 383 386 390 395 398 403 407 409 413 417 420 424 427 430 433 436 441 443 445 448 451 454 457 459 464 466 469 472 475 478 482 484 488 491 497 500 504 507 479
279 284 290 284 280 274 273 280 289 289 274 257 258 262 270 268 254 253 258 260 259 263 263 264 263 267 267 270 276 275 284 291 294 305 302 309 329 332 336 338 347 352 356 360 365 369 374 377 381 386 389 393 397 401 406 410 413 416 420 423 427 430 433 436 440 442 446 448 451 454 456 460 463 466 469 472 475 479 481 484 488 492 496 499 504 508 512 517
290 291 289 280 277 276 276 274 274 281 270 260 271 269 266 268 271 262 256 257 261 258 261 261 264 265 267 269 273 280 280 306 307 306 299 317 318 320 329 343 346 355 359 363 368 372 377 380 385 389 392 398 401 404 410 413 415 419 423 427 430 433 436 440 442 445 449 451 454 458 460 463 466 468 473 475 478 481 484 488 492 495 500 504 507 512 517 520
310 325 298 287 281 280 277 274 273 266 262 261 263 264 269 265 270 268 258 259 262 259 261 262 264 265 267 270 273 274 279 308 304 310 307 301 305 319 332 345 351 356 361 366 370 374 380 383 388 392 396 401 404 408 413 416 419 422 426 430 433 436 440 443 445 448 451 455 457 460 463 465 470 472 474 477 481 484 487 490 493 498 501 505 511 514 518 523
297 323 324 324 300 287 279 270 266 264 266 270 266 265 262 261 261 270 262 258 257 261 263 262 264 266 268 271 273 274 281 290 305 309 308 306 299 330 345 351 351 361 365 369 373 378 382 386 391 395 399 404 408 411 416 419 423 426 429 433 436 439 443 446 448 451 455 458 460 462 466 469 471 474 477 481 483 487 489 493 497 500 504 508 512 515 521 524
316 329 305 295 286 279 275 268 270 268 266 269 269 269 265 260 258 258 259 263 265 261 262 264 263 267 268 269 272 275 281 293 304 301 304 295 296 313 312 347 331 348 367 371 376 381 386 390 394 399 403 407 411 415 419 422 427 429 433 436 439 443 446 449 452 455 458 460 463 466 469 471 474 477 480 482 486 488 492 496 499 502 506 509 515 519 522 525
327 306 296 290 283 275 273 273 273 270 271 269 269 267 265 259 262 258 260 263 271 261 263 263 266 266 269 271 274 275 280 286 290 293 293 298 300 301 304 309 330 356 359 374 380 383 386 394 397 403 406 410 415 418 422 427 430 432 436 439 444 446 449 453 455 458 461 464 467 469 471 474 477 479 482 484 489 492 495 497 501 505 508 512 516 519 524 527
