inst/testdata/Hispaniola_WorldClim/snv_18.asc
ncols         743
nrows         319
xllcorner     -74.500956448335
yllcorner     17.448920549066
cellsize      0.0083333333333333
NODATA_value  -9999
[rows 117 to 155 of 319, columns 264 to 351 of 743]
539 559 551 538 523 525 522 540 528 534 534 538 540 567 571 587 594 597 594 594 601 607 610 612 614 613 609 610 612 614 610 604 600 594 596 588 587 590 592 592 602 599 600 609 614 618 625 630 632 634 637 638 639 639 640 640 640 640 640 639 639 637 633 633 632 624 602 597 626 606 605 600 595 595 558 591 548 582 580 546 567 564 515 480 477 421 421 425
542 561 548 536 532 537 540 539 552 546 543 541 544 546 557 573 592 591 594 588 597 600 607 613 616 616 616 618 618 617 612 608 615 613 605 597 593 599 604 607 602 610 613 606 608 618 623 629 630 632 635 634 636 638 640 639 640 640 641 641 640 638 636 634 603 634 599 628 627 620 611 605 602 592 562 596 593 550 588 581 571 551 469 438 464 414 457 456
546 558 559 561 543 555 554 548 566 567 563 541 546 537 549 558 589 570 580 579 586 599 607 616 616 619 619 621 620 619 617 613 616 611 608 607 608 611 611 610 613 611 614 607 609 616 618 627 632 634 636 633 635 637 637 639 638 639 639 640 639 638 635 604 634 601 634 596 626 614 627 574 606 608 563 603 556 553 591 579 567 513 462 432 464 463 410 417
568 546 562 558 571 577 575 563 564 563 558 552 549 549 554 562 581 571 557 559 567 575 578 609 616 620 620 622 623 621 620 622 618 618 617 623 623 613 616 617 615 619 623 619 609 612 620 625 628 636 637 636 633 635 636 635 638 640 640 638 608 632 630 635 636 632 635 636 630 628 587 630 623 574 616 601 556 550 544 534 518 530 481 451 470 468 428 464
570 577 576 583 591 591 592 589 570 570 551 550 551 545 555 547 568 563 564 565 559 582 575 596 610 615 621 623 624 625 625 626 627 626 625 621 622 621 622 620 617 624 624 618 619 613 619 622 626 632 632 635 633 633 634 639 639 638 636 608 636 631 630 631 634 636 635 635 585 586 629 583 616 575 607 593 595 584 533 524 550 477 464 483 476 432 440 467
584 591 598 591 597 596 595 592 591 575 562 563 561 562 558 556 566 566 568 566 574 560 546 572 590 599 621 613 625 611 621 628 629 627 626 624 623 624 621 620 619 620 625 627 623 617 616 621 628 630 627 627 630 634 638 639 639 638 638 610 636 635 632 632 595 633 635 636 631 627 583 628 620 616 607 547 588 524 488 491 537 497 531 528 508 509 496 483
591 598 600 598 591 593 587 595 593 587 582 591 582 567 547 561 561 563 563 568 568 560 560 561 579 593 591 591 604 600 594 612 626 631 630 629 626 625 626 625 623 622 623 626 626 619 617 623 627 627 624 628 633 635 638 637 639 638 637 638 635 636 634 635 632 630 635 634 589 581 629 626 621 613 562 596 537 555 543 506 502 541 497 447 522 513 506 500
560 558 593 600 597 591 586 588 595 594 589 591 587 585 582 561 561 548 543 561 561 561 559 568 565 571 579 577 585 597 576 566 582 627 633 633 632 630 630 627 625 624 624 625 625 622 620 622 628 625 624 630 631 631 636 636 637 637 637 635 634 603 601 598 597 630 592 632 588 621 629 627 621 613 557 546 537 521 562 556 514 505 518 419 414 416 410 409
549 570 598 602 600 601 599 594 594 594 593 592 590 587 580 568 567 563 563 562 561 566 538 563 561 574 573 550 572 575 529 558 572 586 619 635 634 633 630 629 627 626 623 622 626 628 618 622 623 630 625 626 630 633 633 634 636 637 636 636 634 634 634 634 633 592 631 631 627 627 626 625 621 562 596 587 535 527 572 519 508 499 483 447 467 463 460 457
551 574 591 581 593 600 593 597 598 596 595 594 591 590 588 580 576 570 564 564 568 567 565 538 563 569 564 540 563 562 560 560 559 561 591 633 637 637 636 633 632 632 632 625 625 626 627 620 623 628 626 622 622 630 631 633 635 636 606 604 602 634 633 632 593 591 587 584 628 581 572 571 618 563 555 594 587 531 522 558 508 541 525 458 450 450 430 412
568 577 570 575 585 601 591 590 579 591 595 595 592 591 590 588 586 580 567 565 566 567 564 564 565 563 543 566 569 570 581 578 553 572 612 630 637 639 639 638 635 636 634 633 632 624 622 620 624 631 624 620 626 630 630 634 633 635 635 632 632 633 594 629 591 624 624 624 625 622 618 569 565 559 601 546 541 534 574 509 534 500 493 474 466 460 452 445
580 561 559 600 598 591 592 576 572 582 593 595 591 584 581 586 588 585 577 568 568 573 568 565 564 566 565 565 570 574 585 591 602 606 609 630 637 639 640 640 639 640 637 637 636 630 622 624 620 622 619 617 617 628 628 629 632 631 633 632 631 596 629 626 622 624 624 624 621 619 570 565 607 602 600 544 537 577 524 565 508 547 492 481 471 459 452 447
579 565 592 593 594 586 579 556 568 569 582 584 586 579 579 586 585 586 582 575 573 577 571 566 566 567 547 565 573 576 593 595 601 603 628 637 640 642 642 641 640 640 640 638 636 635 636 636 631 634 629 629 619 622 626 632 633 632 631 630 629 628 624 618 619 580 621 620 616 611 609 603 598 546 541 587 529 523 563 562 503 498 538 530 473 461 454 446
562 574 569 559 579 571 582 559 575 572 561 582 576 572 551 579 580 577 581 578 544 581 554 570 567 568 551 566 587 594 580 603 605 615 633 637 644 644 644 642 641 639 639 639 640 639 635 633 632 630 630 629 619 623 625 627 630 629 629 597 628 625 617 582 622 621 618 613 609 602 549 544 588 582 579 579 574 518 513 504 500 539 532 481 473 466 457 446
566 590 584 577 559 563 580 576 558 573 580 580 575 574 575 573 575 576 577 577 574 560 584 557 581 567 565 565 575 602 606 619 622 618 630 645 645 646 644 644 641 642 639 638 636 640 636 633 629 627 631 622 621 622 621 623 622 623 623 593 622 618 614 619 580 617 615 562 554 546 533 577 564 558 513 513 515 512 552 548 542 535 480 470 466 459 453 448
591 592 600 586 564 573 567 577 575 559 559 578 590 570 579 580 588 576 548 574 576 566 558 595 589 579 569 570 558 602 620 638 646 640 639 645 648 647 647 646 645 642 640 642 636 640 639 635 632 625 628 616 615 622 622 612 608 615 614 613 612 614 617 581 578 614 611 607 597 543 581 532 569 558 515 505 550 498 485 489 485 482 471 463 510 456 447 441
591 571 590 586 586 589 578 585 582 579 577 599 576 555 584 576 554 582 582 564 589 609 587 551 592 586 606 602 606 619 629 645 628 643 647 649 650 649 638 645 646 644 644 642 641 638 636 635 631 626 624 612 620 620 610 613 611 607 611 609 608 607 581 578 613 611 606 556 594 595 542 532 525 519 513 503 497 496 489 486 481 476 519 466 466 459 451 444
575 577 576 582 568 569 568 592 604 566 581 599 579 555 583 582 577 577 617 599 612 632 605 582 580 594 572 555 588 607 594 618 632 632 629 636 640 643 644 645 645 646 645 641 640 638 633 634 634 630 626 611 621 613 610 617 621 623 621 587 617 616 578 612 568 608 562 558 600 550 593 538 531 528 567 556 551 498 494 487 480 478 473 470 466 509 451 446
609 596 575 582 586 590 593 623 650 614 593 614 578 586 594 589 595 603 609 652 627 599 591 579 579 577 577 589 589 599 602 610 614 636 643 650 651 652 651 650 648 647 644 640 639 636 630 632 631 628 622 608 610 609 618 618 620 620 590 617 616 613 612 609 607 607 603 602 553 596 592 587 530 525 518 564 554 497 539 484 532 479 474 471 463 454 448 444
618 623 597 587 611 625 614 640 639 652 628 646 636 633 635 644 659 662 663 630 591 584 578 575 582 555 584 592 595 599 611 618 619 633 635 655 655 654 653 651 648 643 642 639 638 635 632 633 627 619 616 612 617 615 616 616 615 608 610 609 613 612 610 568 605 598 555 598 597 592 537 582 524 569 567 557 555 493 491 486 533 479 476 465 458 453 447 442
620 624 610 592 610 626 622 637 662 642 621 628 661 655 634 654 664 649 640 645 646 581 565 583 579 586 593 593 572 570 597 597 602 640 630 640 635 642 647 652 650 647 645 643 639 633 634 632 622 611 611 617 604 617 602 603 604 600 602 574 603 602 603 600 596 554 592 594 546 591 587 583 526 520 515 509 559 498 493 542 484 480 471 515 456 450 444 440
636 642 624 621 611 633 622 635 661 647 665 644 641 656 665 666 664 673 658 660 641 642 627 609 592 596 615 597 590 567 597 601 610 618 642 630 636 638 638 643 644 647 643 642 637 633 630 630 619 607 605 614 607 607 611 614 610 612 607 568 564 593 592 557 594 593 595 544 589 588 533 582 525 520 515 566 504 554 547 487 538 477 519 513 508 501 442 439
636 641 644 643 642 630 622 652 661 653 649 657 665 659 669 668 666 679 677 681 666 663 667 647 660 640 613 582 591 559 593 594 596 605 620 631 636 641 647 646 649 646 643 640 634 628 628 629 622 607 601 600 598 618 615 613 612 610 609 607 600 596 596 594 595 589 591 590 536 532 576 576 574 572 568 563 503 553 492 486 534 472 467 512 455 499 441 436
593 639 635 636 637 629 606 614 642 655 668 656 651 658 667 674 680 681 681 683 688 681 684 688 688 684 648 618 607 589 587 591 592 598 609 628 639 642 650 650 650 646 643 638 631 631 624 623 617 608 608 599 611 610 610 610 610 608 573 569 601 561 558 595 594 590 588 587 580 582 579 576 568 513 563 559 499 493 545 539 533 472 464 458 506 498 491 484
578 606 592 638 648 633 641 628 647 662 667 652 665 666 665 680 669 682 678 673 691 692 682 686 688 691 682 643 631 580 590 591 595 568 607 624 653 635 653 650 650 647 640 637 629 632 628 620 617 600 607 606 604 604 604 607 601 604 603 602 560 560 595 548 592 590 584 531 530 577 580 520 517 569 506 559 496 548 484 478 474 468 517 456 451 444 438 431
610 576 580 584 589 592 596 655 647 661 665 662 667 667 662 667 668 679 688 690 680 695 693 696 697 696 695 682 652 648 608 604 604 602 622 663 658 640 651 652 640 645 638 640 622 623 622 621 610 598 597 603 601 603 605 602 600 600 598 597 595 593 593 590 589 538 583 577 571 522 572 574 512 509 562 557 551 487 481 475 470 464 514 504 500 439 435 479
601 625 584 603 583 601 592 608 617 660 652 667 670 669 671 665 652 669 685 694 696 696 698 701 700 697 687 694 679 659 637 614 613 645 664 654 650 652 648 649 642 645 633 628 624 626 619 613 602 594 599 599 603 601 599 590 583 588 589 581 550 586 584 586 585 537 581 576 574 567 567 570 570 566 501 495 548 483 533 472 465 517 511 447 440 433 429 425
605 604 593 633 620 617 590 595 608 626 631 657 667 672 653 625 656 678 684 690 693 701 701 691 702 696 685 688 680 691 680 679 678 671 666 666 662 656 649 641 641 639 626 631 631 617 609 601 597 603 606 601 594 598 588 580 580 586 585 587 583 543 582 585 538 534 530 574 572 572 567 511 509 563 557 548 486 480 527 465 518 507 507 446 491 430 477 420
604 609 621 608 615 635 632 631 592 603 616 643 652 661 670 661 656 684 688 694 693 700 705 700 697 694 682 683 674 675 660 683 677 671 670 646 640 654 655 629 645 629 630 630 626 608 603 598 606 600 596 590 596 591 580 576 576 582 579 581 583 578 581 573 579 531 524 525 520 570 569 509 506 501 496 487 479 529 465 462 512 455 504 496 433 428 422 416
614 614 615 619 622 632 632 635 630 596 602 613 633 647 657 672 677 677 684 688 702 694 703 695 697 678 698 683 669 624 611 588 674 670 661 644 651 653 646 631 645 625 628 624 619 606 600 601 599 586 595 592 585 576 570 566 568 571 575 578 574 579 580 535 532 528 522 514 518 569 568 566 563 558 556 484 475 519 462 459 456 450 445 439 430 424 418 412
604 603 617 616 621 613 628 634 641 602 602 624 606 636 629 650 663 669 694 681 691 694 710 691 704 699 702 700 697 604 563 588 641 673 669 642 637 651 642 634 628 622 627 619 615 603 597 592 583 580 583 572 571 565 563 565 562 564 567 576 568 572 535 575 573 521 518 565 513 565 506 560 497 494 490 484 533 467 461 458 453 502 495 488 431 423 414 409
579 595 598 593 612 603 604 613 624 641 639 639 611 612 635 633 660 666 676 661 687 694 696 709 680 705 708 704 694 634 591 585 613 656 660 646 651 648 647 639 633 626 622 609 603 598 586 584 586 589 575 578 568 567 561 556 553 553 534 561 559 572 527 556 523 519 566 563 510 506 558 495 493 489 484 539 474 523 461 455 449 443 437 431 425 420 414 406
604 608 580 576 583 584 585 590 602 620 639 638 637 624 630 609 619 644 655 644 651 685 695 715 678 685 709 704 697 650 592 578 582 601 617 612 637 644 644 640 636 624 611 600 601 586 581 583 588 586 581 572 565 566 564 553 546 528 550 548 553 547 537 540 549 563 514 508 505 501 549 490 540 539 536 530 527 520 458 451 446 440 434 428 423 418 411 404
579 578 581 602 602 600 578 578 588 616 623 636 642 633 634 622 614 655 643 643 675 680 680 718 695 671 709 702 696 673 640 539 572 572 534 589 614 618 616 636 632 627 623 602 598 599 600 590 588 579 582 564 558 568 563 542 554 555 555 521 519 522 535 506 517 513 508 546 545 484 488 488 485 481 475 526 522 461 455 450 444 438 432 427 420 415 409 403
595 578 578 604 619 619 613 574 576 586 608 611 636 634 641 664 607 638 622 684 663 656 667 709 670 667 700 691 693 668 643 603 584 570 569 524 585 604 606 618 626 616 604 609 601 597 593 589 582 577 579 563 572 567 565 559 558 555 553 545 543 554 521 554 548 552 489 474 477 465 465 467 528 478 474 469 463 459 452 447 442 437 432 425 419 413 407 450
596 597 581 598 611 606 609 607 600 601 584 617 627 631 625 621 615 645 656 658 656 663 677 700 713 685 704 689 682 654 637 616 611 581 568 566 565 573 548 602 623 617 602 610 605 596 591 593 590 586 584 581 570 571 572 563 552 562 549 552 559 521 517 516 558 508 497 454 446 521 442 445 519 512 524 519 461 456 451 445 440 434 429 422 417 411 406 400
578 581 582 583 583 574 575 583 587 589 613 610 621 622 625 648 636 645 652 681 662 654 679 687 671 695 689 691 676 672 636 622 624 614 572 567 564 561 569 545 607 614 598 603 599 595 590 586 583 580 579 577 570 572 563 564 563 564 553 545 551 545 515 558 510 507 550 482 460 483 440 440 515 434 443 470 462 507 449 444 440 433 427 421 417 411 404 399
578 581 582 583 585 602 591 595 595 599 606 611 615 619 621 644 627 635 637 672 653 658 698 693 650 649 660 654 673 635 638 607 621 604 586 599 585 563 559 527 590 608 604 597 594 589 588 588 587 588 553 546 533 534 539 576 527 527 524 565 522 518 478 496 478 452 471 461 524 529 522 520 438 450 448 447 512 506 500 446 490 432 428 421 416 410 455 400
581 602 597 581 582 585 591 595 596 599 601 605 607 611 632 637 623 626 631 636 637 646 645 652 648 648 643 668 663 630 620 645 611 634 582 596 583 542 570 593 601 604 600 567 591 593 592 581 526 557 529 576 509 508 531 547 537 450 466 483 481 452 452 531 448 438 513 440 508 428 439 441 437 441 516 471 459 454 449 445 438 430 427 409 416 412 406 401
