inst/testdata/Hispaniola_WorldClim/snv_20.asc
ncols         743
nrows         319
xllcorner     -74.500956448335
yllcorner     17.448920549066
cellsize      0.0083333333333333
NODATA_value  -9999
[rows 117 to 155 of 319, columns 352 to 439 of 743]
753 502 504 713 570 577 802 808 931 1180 1368 1367 1357 1472 1563 1582 1479 1444 1161 1010 1070 1237 1524 1478 1337 1424 1549 1795 1512 1378 1160 1122 1137 1083 1247 1386 1506 1562 1469 1436 1538 1550 1574 1555 1636 1790 1833 1842 2114 2409 2572 2352 2501 2385 2090 2002 1833 1942 1761 1533 1429 1408 1217 1193 1161 1120 1384 1565 1720 1830 1844 1924 1758 1631 1614 1579 1394 1414 1508 1674 1385 1195 1163 1134 1197 1215 1409 1516
999 913 977 835 725 634 649 808 987 1159 1198 1275 1316 1218 1320 1479 1473 1379 1392 1207 1288 1606 1532 1512 1393 1615 1622 1548 1483 1310 1270 1262 1112 1188 1253 1611 1625 1797 1679 1517 1665 1744 1753 1647 1622 1628 1712 1883 2117 2362 2284 2478 2698 2421 2288 2483 2179 1859 1554 1583 1607 1499 1558 1415 1258 1427 1289 1218 1379 1506 1605 1587 1689 1880 1887 1634 1667 1643 1761 1482 1320 1232 1357 1331 1203 1288 1433 1675
897 850 937 976 986 879 880 889 869 1033 1058 1107 1165 1142 1182 1285 1240 1418 1377 1397 1587 1421 1473 1630 1602 1705 1624 1543 1419 1436 1363 1145 1097 1313 1506 1686 1772 1704 1721 1855 1704 1909 1818 1669 1751 1825 1793 1724 1858 2004 2112 2273 2426 2281 2168 2133 2010 1757 1631 1930 1997 1851 1750 1372 1260 1516 1434 1337 1358 1461 1646 1700 1730 1636 1872 1961 1797 1567 1459 1405 1423 1528 1564 1489 1438 1442 1397 1643
748 742 819 785 856 912 816 767 798 935 992 1063 1028 1066 1092 1149 1091 1150 1232 1211 1405 1225 1462 1534 1693 1579 1583 1405 1658 1549 1483 1249 977 1150 1309 1260 1576 1347 1764 2044 1944 1993 1815 1710 1884 1847 1979 1881 1874 1897 2021 2193 2322 2232 2080 1975 1881 1811 1950 1999 1990 1735 1662 1484 1349 1642 1549 1554 1342 1614 1810 2052 2034 1869 1869 2108 1976 1841 1642 1684 1596 1582 1835 1655 1619 1594 1617 1446
681 693 716 708 750 680 735 700 797 1060 1027 980 967 954 974 1014 1122 1110 969 1142 1069 1192 1091 1428 1529 1401 1501 1174 1471 1453 1293 1163 997 1100 1073 1289 1388 1431 1461 1642 2021 2099 1858 1786 1963 1961 2225 2020 2051 2043 2111 2251 2573 2289 2218 2106 2007 1876 2223 2177 1824 1651 1599 1360 1523 1566 1876 1681 1558 1494 1644 1768 2036 2100 2122 2027 2018 2107 1905 1953 1951 1908 1898 1668 1722 1546 1684 1564
573 590 568 595 694 832 770 988 1087 1248 1223 1046 932 1167 1227 1298 1165 1141 1167 1007 972 920 895 1081 1111 1454 1340 1075 1183 1559 1368 1248 1062 954 1176 1198 1291 1416 1773 1941 2162 2221 1968 1992 1924 2002 2091 2199 2230 2329 2261 2491 2664 2347 2244 2124 2067 2120 2219 2315 1925 1878 1598 1696 1450 1509 1631 1888 1740 1782 1807 1871 2029 2122 1910 1777 1760 1704 1677 1621 1704 1742 1734 1617 1388 1331 1412 1252
654 855 832 963 1055 1143 950 1224 1331 1615 1488 1195 1154 1489 1561 1524 1635 1326 1148 1374 1392 1211 1094 975 878 1040 1264 1039 1331 1482 1365 1246 1084 936 940 1107 1430 1627 1871 2115 2044 2117 1888 2019 1886 1907 1953 2012 2194 2203 2269 2458 2524 2599 2441 2234 2125 2136 2459 2293 1991 1778 1872 1916 1682 1753 1544 1752 1935 1929 1927 1838 2060 2117 2014 1751 1626 1607 1479 1377 1299 1476 1432 1449 1370 1336 1171 991
1089 825 905 1146 1300 1409 1224 1154 1269 1268 1139 949 941 1327 1093 1300 1731 1515 1319 1228 1517 1382 1435 1226 981 833 917 922 1416 1535 1322 1264 1130 955 821 1000 1294 1664 1646 1728 1680 1741 1901 2114 1910 1903 1998 2035 2028 2039 2139 2227 2368 2581 2461 2276 2297 2335 2383 2252 2013 2100 1879 1844 1868 1913 1724 1683 1925 2289 2307 2055 2230 2110 1960 1764 1723 1741 1616 1587 1407 1325 1190 1201 1160 1130 1087 1062
744 703 903 945 997 1018 1252 1160 1091 1039 906 917 851 868 928 1192 1359 1179 1198 1136 1510 1600 1588 1476 1340 1171 898 768 962 1371 1306 1263 1022 832 1097 1263 1485 1359 1560 1626 1545 1612 1798 1979 1951 1888 1978 1970 1917 1992 2061 2197 2247 2408 2363 2436 2499 2482 2343 2308 2333 2226 2146 1878 1858 2183 2092 1939 1845 2037 2498 2529 2301 2345 2173 1862 1857 1934 1919 1791 1613 1467 1418 1252 1133 1189 1224 1111
692 651 682 775 839 946 890 942 818 757 733 905 1006 1194 1272 1273 1159 1077 1072 1176 1145 1180 1281 1510 1604 1289 1260 1082 913 795 1127 1023 799 942 1218 1283 1271 1261 1585 1446 1430 1567 1783 2051 1832 1709 1815 1901 1894 1983 2154 2030 2194 2443 2314 2266 2361 2302 2240 2269 2563 2533 2221 2010 1862 2116 2496 2291 2127 2086 2479 2772 2739 2697 2321 2140 1957 2053 1731 1581 1396 1290 1350 1252 1256 1357 1366 1317
548 563 560 578 703 722 710 755 765 682 839 770 838 1000 1207 1580 1349 1258 1051 1056 1225 1293 1370 1375 1511 1636 1443 1415 1327 1053 755 769 851 828 1107 1099 1087 1236 1204 1322 1449 1611 1662 1692 1899 1681 1732 1766 1876 2026 2106 1939 2071 2232 2346 2225 2167 2176 2117 2119 2244 2450 2400 2031 1979 2206 2309 2551 2362 2311 2326 2598 2821 2929 2489 2376 2181 2261 1999 1605 1522 1406 1524 1348 1273 1407 1426 1426
519 524 536 549 588 573 627 792 739 676 736 911 1118 1256 1523 1710 1577 1473 1251 1046 1103 1378 1475 1754 1883 1749 1736 1542 1435 1327 1132 779 834 1039 1109 1266 1255 1382 1526 1613 1626 1722 1551 1545 1727 1594 1590 1733 1779 1994 2006 1800 2029 2217 2276 2195 2165 2035 2019 2028 2158 2336 2472 2150 2211 2416 2728 2905 2685 2723 2489 2482 2433 2638 2608 2732 2553 2302 1924 1751 1522 1471 1540 1556 1507 1331 1545 1502
500 510 519 532 586 538 588 687 797 743 721 946 1179 1506 1439 1485 1680 1596 1346 972 1224 1100 1126 1259 1397 1575 1530 1399 1230 1332 1190 958 664 861 915 1288 1352 1282 1341 1304 1114 1197 1610 1431 1604 1554 1708 1914 1860 1993 1896 1737 1904 2055 2334 2214 2108 2105 2014 2029 2133 2386 2605 2549 2366 2626 2766 2930 3014 2803 2514 2332 2295 2151 2271 2499 2511 2424 2071 1772 1672 1558 1700 1657 1482 1478 1568 1583
484 495 497 537 546 510 551 617 701 623 563 812 914 992 995 1125 1142 1116 1170 981 808 1076 951 980 1282 1354 1373 1432 1164 1200 1427 1049 756 810 1112 979 1212 1322 1149 1030 1165 1295 1216 1396 1536 1495 1582 1828 2109 1872 1763 1706 1799 1988 2167 2293 2122 2014 1992 1999 2062 2190 2487 2402 2532 2301 2337 2548 2992 2835 2626 2317 2191 2023 2216 2242 2308 1981 1929 1896 1831 1714 1802 1687 1550 1482 1600 1674
482 472 482 500 488 487 504 537 546 620 533 564 652 727 754 775 847 934 848 759 963 1368 1255 1131 1128 1054 1056 1079 1166 1057 1071 1016 819 639 717 818 917 990 1115 1181 1365 1609 1507 1368 1404 1502 1489 1640 1768 1777 1651 1678 1784 1840 2017 2221 2162 2140 1939 1905 2098 2024 2198 2473 2218 2126 2257 2680 2758 2376 2279 2091 2361 1938 2076 2101 1937 1943 1745 1930 2049 1921 1774 1698 1678 1661 1738 1761
473 482 492 466 472 471 513 511 534 511 515 539 645 626 637 641 801 824 710 676 865 1054 1066 1051 1070 1074 899 904 848 1134 830 801 663 639 735 982 954 1112 1372 1424 1389 1699 1527 1583 1708 1655 1790 1674 1791 1752 1753 1608 1706 1839 1881 2043 2119 2057 1966 1841 1923 1997 2212 2160 2139 1961 2184 2370 2464 2578 2283 2026 1841 1752 1939 1847 1720 1694 1751 2033 2247 2180 1887 1908 1771 1683 1751 1719
455 457 467 462 476 487 494 488 489 489 531 579 576 587 580 610 620 623 616 667 816 901 899 1061 1202 1325 1251 1106 929 890 958 791 642 646 731 868 1228 1410 1417 1664 1600 1723 1757 1799 1805 1752 2074 1904 1732 1710 1600 1620 1797 1779 1838 2128 2142 2041 1975 1882 1781 1979 2130 2359 2264 1898 1903 2116 2430 2693 2424 2422 2311 1942 1651 1575 1566 1536 1699 1904 2189 2295 2052 1866 1872 1752 1634 1626
441 436 430 438 441 465 466 466 497 707 660 579 554 557 550 573 639 571 648 846 762 740 738 851 981 1054 1050 1012 934 830 894 921 730 639 786 839 958 1320 1630 1496 1587 1659 1718 1627 1771 1917 2078 2159 1723 1591 1545 1766 2121 2096 2003 2205 2275 2131 1896 1816 1688 1921 1837 2033 1941 1749 1765 1920 2258 2454 2466 2351 2255 2091 1929 1773 1496 1739 1644 1895 2198 2196 2015 1842 1883 1851 1840 1652
421 419 418 433 452 457 459 464 583 575 522 594 550 529 529 539 533 544 602 697 693 674 660 907 867 892 779 784 841 659 847 916 728 589 669 723 889 1256 1447 1200 1470 1386 1582 1432 1522 1725 1825 1979 1986 2012 1698 1575 2013 1853 2032 2246 2360 2146 2086 2096 1732 1584 1645 1821 1622 1575 1747 2086 2235 2068 1888 1845 1830 1695 1573 1459 1516 1636 1733 1820 2051 2286 2061 2212 1950 1736 1597 1765
403 417 412 432 424 445 445 455 474 487 563 515 513 505 505 521 522 527 551 559 565 563 595 700 802 794 833 729 660 629 764 727 761 580 639 642 884 959 1139 1268 1140 1218 1512 1397 1224 1410 1570 1963 2243 2006 1719 1415 1656 1721 2017 2287 2244 2177 2408 2164 1803 1550 1619 1608 1600 1407 1466 1801 2254 2205 1826 1425 1391 1335 1628 1813 1644 1683 1784 1939 2232 2294 2281 2179 1900 1554 1346 1576
398 405 411 410 436 432 437 454 456 466 489 556 499 490 489 499 511 509 511 521 539 546 585 691 884 671 677 661 620 614 612 628 606 580 593 610 703 857 879 908 869 936 1346 1356 1056 1364 1538 1804 2071 2098 1918 1567 1242 1698 1809 1791 1909 2208 2383 1926 1773 1623 1362 1272 1206 1389 1312 1753 2010 2049 1871 1522 1375 1717 1712 1957 2003 1899 1950 2133 2090 2199 2005 1879 1871 1592 1363 1449
392 393 422 424 427 425 431 438 449 464 473 491 477 481 479 483 494 508 526 548 553 553 607 635 799 700 684 692 663 600 601 591 572 558 564 607 610 667 653 699 900 997 952 1086 1175 1243 1354 1651 1671 1648 1880 1691 1264 1442 1530 1481 1695 2174 2150 1713 1625 1591 1508 1429 1117 1068 1386 1784 2030 1824 1768 1491 1186 1515 1958 1915 1945 1775 1812 1834 1820 1938 1773 1552 1525 1658 1337 1235
383 394 412 415 413 414 436 429 439 443 455 461 460 461 469 474 481 498 515 552 565 585 629 725 746 701 650 649 657 644 628 619 554 545 561 575 566 584 636 1015 904 818 1120 1017 1117 1284 1271 1641 1418 1396 1395 1637 1364 1179 1053 1540 1964 2050 2193 1756 1510 1313 1576 1460 1313 1101 1176 1460 1604 1650 1352 1200 1561 1672 1540 1712 1813 1851 1599 1666 1503 1500 1571 1422 1360 1288 1332 1281
394 392 392 396 411 435 413 422 422 443 441 448 449 456 464 467 476 483 499 543 533 568 623 697 731 736 724 648 633 634 632 624 675 557 533 557 567 554 734 765 974 1211 1013 1152 1122 1115 1215 1440 1507 1396 1198 1298 1330 1076 1076 1321 1731 1666 2033 2111 1622 1365 1354 1424 1276 1145 936 1217 1186 1335 1418 1056 1301 1415 1607 1741 1710 2030 1851 1609 1714 1456 1340 1296 1163 1157 1110 1134
379 384 393 399 405 407 405 413 425 427 431 437 440 447 455 462 472 482 496 520 619 659 661 681 722 722 642 594 579 620 650 691 667 641 610 527 543 579 611 643 891 928 1027 1173 1196 1135 1334 1390 1508 1335 1200 1026 1130 943 932 1237 1337 1512 1767 1919 1738 1190 1074 1440 1249 1049 788 1056 970 881 1045 1392 1588 1823 1962 1954 1988 2051 1831 1525 1429 1489 1456 1459 1366 1289 1123 1005
372 382 382 384 385 392 404 416 417 421 425 433 437 454 456 461 491 487 510 554 601 625 719 701 707 606 632 590 578 699 688 681 666 572 556 512 519 545 551 603 769 814 772 1069 1257 985 1019 1038 1171 1489 1277 988 832 778 996 1200 1264 1365 1522 1458 1320 1356 947 1088 1449 1100 790 869 1159 1186 1367 1495 1694 1900 1757 1786 1765 1862 1736 1582 1306 1192 1234 1324 1245 1388 1169 978
380 386 388 387 390 398 406 406 416 420 425 438 441 442 466 470 480 486 528 537 596 626 653 643 666 590 598 582 594 747 673 619 622 611 590 536 509 524 530 545 579 695 723 889 1027 1107 830 958 1107 1195 1302 1146 906 743 1107 1083 1404 1428 1530 1391 1293 1017 981 918 1095 799 751 1132 1161 1574 1624 1698 1964 1973 1715 1406 1757 1833 1766 1568 1495 1246 1160 1103 1131 1262 1178 938
389 390 395 407 400 395 404 408 417 424 422 425 428 432 438 447 459 496 507 536 588 610 629 611 639 543 556 531 589 672 684 597 583 583 564 529 493 503 514 523 613 717 869 739 906 966 980 845 1112 998 1168 960 833 741 1081 1299 1382 1373 1443 1369 1420 1335 993 851 863 717 1047 1056 1401 1516 1813 1703 1477 1490 1387 1372 1397 1590 1500 1613 1493 1407 1264 1011 1063 1091 1016 861
397 399 408 409 414 411 412 415 419 420 424 429 436 435 439 447 479 472 510 530 507 578 602 607 557 536 507 540 655 740 610 530 550 572 521 509 486 489 502 514 631 680 779 764 772 878 691 821 907 1088 896 854 799 675 779 1054 1177 1307 1258 1193 1196 1344 1032 893 781 813 1032 1100 1352 1347 1458 1676 1659 1354 1210 1149 1262 1379 1269 1504 1495 1322 1207 1201 929 978 854 945
415 415 411 415 418 422 430 424 432 437 436 441 444 441 441 449 464 458 469 487 494 568 583 560 522 515 497 529 704 680 524 535 561 544 538 496 485 479 489 500 585 614 716 688 655 606 784 908 816 789 1054 1001 994 819 633 913 1023 1030 991 1179 1140 1376 1370 979 809 648 845 955 1088 1053 1199 1325 1432 1326 1344 1122 1075 1150 1271 1288 1308 1240 1022 1115 937 802 1069 1354
436 434 435 428 423 432 451 442 450 452 451 450 451 451 451 448 454 459 462 468 526 558 546 550 517 503 489 501 516 579 507 516 512 518 514 507 513 469 476 482 502 525 584 779 555 775 783 715 797 923 870 849 891 936 596 773 769 883 1205 1052 904 947 1278 1260 1074 757 708 755 867 940 1299 1213 1107 1228 1239 970 841 1063 1251 1409 1478 1296 1186 1036 1029 800 1079 1363
451 440 474 453 447 439 457 460 479 479 465 465 466 466 462 456 463 468 469 476 516 527 511 532 486 487 481 476 495 495 519 490 484 507 483 498 476 463 462 472 477 485 572 588 499 721 743 785 788 757 768 827 807 854 597 575 648 788 818 903 817 1082 1104 1107 940 641 770 1034 1047 1059 1293 1152 998 889 1012 765 997 1016 1116 1266 1471 1393 1282 1142 866 917 987 1190
468 460 467 456 474 456 449 472 471 490 484 502 488 483 474 472 473 479 479 484 505 509 505 484 478 477 490 468 463 465 476 483 463 483 474 466 470 459 453 458 460 465 478 507 486 531 561 747 817 734 636 740 763 705 704 544 735 695 705 753 731 835 839 832 778 608 903 875 1202 1042 1143 1203 1276 988 902 720 964 1078 1095 1284 1367 1368 1194 1128 944 867 1203 1385
445 453 470 493 463 463 463 475 507 499 496 511 495 498 488 486 496 489 492 497 498 495 494 486 475 470 465 460 457 453 458 473 452 461 469 454 468 446 446 455 450 449 460 471 479 497 527 689 634 566 629 602 587 646 581 547 681 656 657 662 643 717 686 608 563 834 963 1063 1028 915 1110 1011 1088 1198 910 711 945 919 958 1043 1310 1369 1291 941 719 1140 1462 1580
438 453 472 517 478 488 485 485 490 513 512 525 512 518 527 510 508 505 504 510 509 507 496 488 482 473 466 459 454 450 442 443 448 444 455 443 443 441 440 448 444 441 448 456 464 473 490 560 549 507 508 514 535 557 533 601 616 638 578 600 662 756 693 569 661 852 1040 1002 777 801 923 951 939 990 995 852 638 732 958 1010 1163 1077 1124 961 729 958 1425 1895
446 460 497 500 493 499 492 516 507 520 531 565 532 539 541 563 531 527 528 528 524 518 504 499 487 477 473 468 458 453 444 436 438 433 435 443 438 437 432 440 438 432 440 447 453 457 460 470 505 483 472 469 476 490 538 611 569 531 585 631 697 653 642 553 635 744 826 954 792 726 769 663 960 885 837 1031 779 680 805 835 733 641 649 671 870 1275 1627 1584
458 477 538 558 535 509 519 521 545 542 560 570 558 567 575 567 558 580 564 548 538 532 519 515 501 486 484 478 467 455 446 440 432 430 425 430 432 433 423 434 431 430 431 435 438 442 443 453 472 482 461 458 539 470 505 529 537 554 562 640 636 626 626 529 748 830 697 878 931 733 605 793 667 806 784 604 622 644 671 652 712 941 913 956 1162 1490 1547 1365
485 511 510 577 592 528 539 599 588 589 633 642 595 632 603 610 579 589 609 573 572 552 540 536 529 509 499 491 472 460 451 444 439 429 426 427 428 432 421 424 421 424 424 425 427 426 429 436 447 445 443 455 558 476 471 512 541 570 608 665 593 553 535 489 753 702 683 666 799 739 655 541 684 579 584 657 730 927 781 843 715 682 902 1166 1217 1335 1293 1347
524 537 575 692 674 602 589 646 711 755 817 775 802 754 645 631 633 631 624 627 601 590 574 585 551 528 516 498 483 472 459 449 439 430 420 421 422 421 424 412 420 416 414 415 418 421 413 420 430 455 428 473 480 463 450 615 793 714 565 540 535 509 472 542 636 607 619 558 601 715 708 613 518 507 534 688 812 827 808 837 972 890 767 916 1019 953 1158 1376
