inst/testdata/Hispaniola_WorldClim/snv_6.asc
ncols         743
nrows         319
xllcorner     -74.500956448335
yllcorner     17.448920549066
cellsize      0.0083333333333333
NODATA_value  -9999
[rows 117 to 155 of 319, columns 616 to 703 of 743]
-9999 -9999 -9999 -9999 -9999 -9999 -9999 -9999 -9999 -9999 -9999 -9999 -9999 -9999 -9999 -9999 -9999 -9999 -9999 -9999 -9999 -9999 -9999 -9999 -9999 -9999 -9999 -9999 -9999 -9999 -9999 -9999 -9999 -9999 -9999 -9999 -9999 -9999 -9999 -9999 -9999 -9999 -9999 -9999 -9999 -9999 -9999 -9999 -9999 -9999 -9999 -9999 -9999 -9999 -9999 -9999 -9999 -9999 -9999 -9999 -9999 -9999 -9999 -9999 -9999 -9999 -9999 -9999 -9999 -9999 -9999 -9999 -9999 -9999 -9999 -9999 -9999 -9999 -9999 -9999 -9999 -9999 -9999 -9999 -9999 -9999 -9999 -9999
-9999 -9999 -9999 -9999 -9999 -9999 -9999 -9999 -9999 -9999 -9999 -9999 -9999 -9999 -9999 -9999 -9999 -9999 -9999 -9999 -9999 -9999 -9999 -9999 -9999 -9999 -9999 -9999 -9999 -9999 -9999 -9999 -9999 -9999 -9999 -9999 -9999 -9999 -9999 -9999 -9999 -9999 -9999 -9999 -9999 -9999 -9999 -9999 -9999 -9999 -9999 -9999 -9999 -9999 -9999 -9999 -9999 -9999 -9999 -9999 -9999 -9999 -9999 -9999 -9999 -9999 -9999 -9999 -9999 -9999 -9999 -9999 -9999 -9999 -9999 -9999 -9999 -9999 -9999 -9999 -9999 -9999 -9999 -9999 -9999 -9999 -9999 -9999
-9999 -9999 -9999 -9999 -9999 -9999 -9999 -9999 -9999 -9999 -9999 -9999 -9999 -9999 -9999 -9999 -9999 -9999 -9999 -9999 -9999 -9999 -9999 -9999 -9999 -9999 -9999 -9999 -9999 -9999 -9999 -9999 -9999 -9999 -9999 -9999 -9999 -9999 -9999 -9999 -9999 -9999 -9999 -9999 -9999 -9999 -9999 -9999 -9999 -9999 -9999 -9999 -9999 -9999 -9999 -9999 -9999 -9999 -9999 -9999 -9999 -9999 -9999 -9999 -9999 -9999 -9999 -9999 -9999 -9999 -9999 -9999 -9999 -9999 -9999 -9999 -9999 -9999 -9999 -9999 -9999 -9999 -9999 -9999 -9999 -9999 -9999 -9999
-9999 -9999 -9999 -9999 -9999 -9999 -9999 -9999 -9999 -9999 -9999 -9999 -9999 -9999 -9999 -9999 -9999 -9999 -9999 -9999 -9999 -9999 -9999 -9999 -9999 -9999 -9999 -9999 -9999 -9999 -9999 -9999 -9999 -9999 -9999 -9999 -9999 -9999 -9999 -9999 -9999 -9999 -9999 -9999 -9999 -9999 -9999 -9999 -9999 -9999 -9999 -9999 -9999 -9999 -9999 -9999 -9999 -9999 -9999 -9999 -9999 -9999 -9999 -9999 -9999 -9999 -9999 -9999 -9999 -9999 -9999 -9999 -9999 -9999 -9999 -9999 -9999 -9999 -9999 -9999 -9999 -9999 -9999 -9999 -9999 -9999 -9999 -9999
-9999 -9999 -9999 -9999 -9999 -9999 -9999 -9999 -9999 -9999 -9999 -9999 -9999 -9999 -9999 -9999 -9999 -9999 -9999 -9999 -9999 -9999 -9999 -9999 -9999 -9999 -9999 -9999 -9999 -9999 -9999 -9999 -9999 -9999 -9999 -9999 -9999 -9999 -9999 -9999 -9999 -9999 -9999 -9999 -9999 -9999 -9999 -9999 -9999 -9999 -9999 -9999 -9999 -9999 -9999 -9999 -9999 -9999 -9999 -9999 -9999 -9999 -9999 -9999 -9999 -9999 -9999 -9999 -9999 -9999 -9999 -9999 -9999 -9999 -9999 -9999 -9999 -9999 -9999 -9999 -9999 -9999 -9999 -9999 -9999 -9999 -9999 -9999
-9999 -9999 -9999 -9999 -9999 -9999 -9999 -9999 -9999 -9999 -9999 -9999 -9999 -9999 -9999 -9999 -9999 -9999 -9999 -9999 -9999 -9999 -9999 -9999 -9999 -9999 -9999 -9999 -9999 -9999 -9999 -9999 -9999 -9999 -9999 -9999 -9999 -9999 -9999 -9999 -9999 -9999 -9999 -9999 -9999 -9999 -9999 -9999 -9999 -9999 -9999 -9999 -9999 -9999 -9999 -9999 -9999 -9999 -9999 -9999 -9999 -9999 -9999 -9999 -9999 -9999 -9999 -9999 -9999 -9999 -9999 -9999 -9999 -9999 -9999 -9999 -9999 -9999 -9999 -9999 -9999 -9999 -9999 -9999 -9999 -9999 -9999 -9999
-9999 -9999 -9999 -9999 -9999 -9999 -9999 -9999 -9999 -9999 -9999 -9999 -9999 -9999 -9999 -9999 -9999 -9999 -9999 -9999 -9999 -9999 -9999 -9999 -9999 -9999 -9999 -9999 -9999 -9999 -9999 -9999 -9999 -9999 -9999 -9999 -9999 -9999 -9999 -9999 -9999 -9999 -9999 -9999 -9999 -9999 -9999 -9999 -9999 -9999 -9999 -9999 -9999 -9999 -9999 -9999 -9999 -9999 -9999 -9999 -9999 -9999 -9999 -9999 -9999 -9999 -9999 -9999 -9999 -9999 -9999 -9999 -9999 -9999 -9999 -9999 -9999 -9999 -9999 -9999 -9999 -9999 -9999 -9999 -9999 -9999 -9999 -9999
-9999 -9999 -9999 -9999 -9999 -9999 -9999 -9999 -9999 -9999 -9999 -9999 -9999 -9999 -9999 -9999 -9999 -9999 -9999 -9999 -9999 -9999 -9999 -9999 -9999 -9999 -9999 -9999 -9999 -9999 -9999 -9999 -9999 -9999 -9999 -9999 -9999 -9999 -9999 -9999 -9999 -9999 -9999 -9999 -9999 -9999 -9999 -9999 -9999 -9999 -9999 -9999 -9999 -9999 -9999 -9999 -9999 -9999 -9999 -9999 -9999 -9999 -9999 -9999 -9999 -9999 -9999 -9999 -9999 -9999 -9999 -9999 -9999 -9999 -9999 -9999 -9999 -9999 -9999 -9999 -9999 -9999 -9999 -9999 -9999 -9999 -9999 -9999
-9999 -9999 -9999 -9999 -9999 -9999 -9999 -9999 -9999 -9999 -9999 -9999 -9999 -9999 -9999 -9999 -9999 -9999 -9999 -9999 -9999 -9999 -9999 -9999 -9999 -9999 -9999 -9999 -9999 -9999 -9999 -9999 -9999 -9999 -9999 -9999 -9999 -9999 -9999 -9999 -9999 -9999 -9999 -9999 -9999 -9999 -9999 -9999 -9999 -9999 -9999 -9999 -9999 -9999 -9999 -9999 -9999 -9999 -9999 -9999 -9999 -9999 -9999 -9999 -9999 -9999 -9999 -9999 -9999 -9999 -9999 -9999 -9999 -9999 -9999 -9999 -9999 -9999 -9999 -9999 -9999 -9999 -9999 -9999 -9999 -9999 -9999 -9999
193 194 -9999 -9999 -9999 -9999 -9999 -9999 -9999 -9999 -9999 -9999 -9999 -9999 -9999 -9999 -9999 -9999 -9999 -9999 -9999 -9999 -9999 -9999 -9999 -9999 -9999 -9999 -9999 -9999 -9999 -9999 -9999 -9999 -9999 -9999 -9999 -9999 -9999 -9999 -9999 -9999 -9999 -9999 -9999 -9999 -9999 -9999 -9999 -9999 -9999 -9999 -9999 -9999 -9999 -9999 -9999 -9999 -9999 -9999 -9999 -9999 -9999 -9999 -9999 -9999 -9999 -9999 -9999 -9999 -9999 -9999 -9999 -9999 -9999 -9999 -9999 -9999 -9999 -9999 -9999 -9999 -9999 -9999 -9999 -9999 -9999 -9999
193 193 193 194 194 194 194 193 -9999 -9999 -9999 -9999 -9999 -9999 -9999 -9999 -9999 -9999 -9999 -9999 -9999 -9999 -9999 -9999 -9999 -9999 -9999 -9999 -9999 -9999 -9999 -9999 -9999 -9999 -9999 -9999 -9999 -9999 -9999 -9999 -9999 -9999 -9999 -9999 -9999 -9999 -9999 -9999 -9999 -9999 -9999 -9999 -9999 -9999 -9999 -9999 -9999 -9999 -9999 -9999 -9999 -9999 -9999 -9999 -9999 -9999 -9999 -9999 -9999 -9999 -9999 -9999 -9999 -9999 -9999 -9999 -9999 -9999 -9999 -9999 -9999 -9999 -9999 -9999 -9999 -9999 -9999 -9999
193 193 193 193 194 194 194 193 194 -9999 -9999 -9999 -9999 -9999 -9999 -9999 -9999 -9999 -9999 -9999 -9999 -9999 -9999 -9999 -9999 -9999 -9999 195 195 -9999 -9999 -9999 -9999 -9999 -9999 -9999 -9999 -9999 -9999 -9999 -9999 -9999 -9999 -9999 -9999 -9999 -9999 -9999 -9999 -9999 -9999 -9999 -9999 -9999 -9999 -9999 -9999 -9999 -9999 -9999 -9999 -9999 -9999 -9999 -9999 -9999 -9999 -9999 -9999 -9999 -9999 -9999 -9999 -9999 -9999 -9999 -9999 -9999 -9999 -9999 -9999 -9999 -9999 -9999 -9999 -9999 -9999 -9999
192 190 192 192 192 192 192 190 192 193 193 -9999 -9999 -9999 -9999 -9999 -9999 -9999 -9999 -9999 -9999 -9999 -9999 -9999 -9999 -9999 -9999 -9999 195 -9999 -9999 -9999 -9999 -9999 -9999 -9999 -9999 -9999 -9999 -9999 -9999 -9999 -9999 -9999 -9999 -9999 -9999 200 200 200 199 199 200 200 -9999 -9999 -9999 -9999 -9999 -9999 -9999 -9999 -9999 -9999 -9999 -9999 -9999 -9999 -9999 -9999 -9999 -9999 -9999 -9999 -9999 -9999 -9999 -9999 -9999 -9999 -9999 -9999 -9999 -9999 -9999 -9999 -9999 -9999
191 188 187 189 191 192 191 186 188 192 192 194 194 -9999 194 194 193 193 194 -9999 -9999 -9999 -9999 -9999 -9999 -9999 -9999 -9999 195 196 -9999 -9999 -9999 -9999 -9999 -9999 -9999 -9999 -9999 -9999 -9999 -9999 -9999 -9999 -9999 -9999 -9999 199 199 200 199 200 200 200 200 -9999 -9999 -9999 -9999 -9999 -9999 -9999 -9999 -9999 -9999 -9999 -9999 -9999 -9999 -9999 -9999 -9999 -9999 -9999 -9999 -9999 -9999 -9999 -9999 -9999 -9999 -9999 -9999 -9999 -9999 -9999 -9999 -9999
187 190 185 183 190 190 191 187 185 188 190 186 192 193 194 194 194 194 194 194 -9999 194 194 194 195 195 -9999 -9999 196 196 196 -9999 -9999 -9999 -9999 -9999 -9999 -9999 -9999 -9999 -9999 -9999 198 198 198 198 198 199 199 200 200 200 200 200 201 201 201 -9999 -9999 -9999 -9999 -9999 -9999 -9999 -9999 -9999 -9999 -9999 -9999 -9999 -9999 -9999 -9999 -9999 -9999 -9999 -9999 -9999 -9999 -9999 -9999 -9999 -9999 -9999 -9999 -9999 -9999 -9999
189 182 179 175 176 188 186 181 177 181 185 189 192 192 193 193 193 194 194 194 193 194 194 194 194 195 -9999 -9999 196 195 195 195 197 -9999 -9999 -9999 -9999 -9999 -9999 -9999 -9999 -9999 -9999 198 198 198 199 199 198 197 200 200 200 200 200 201 201 201 -9999 -9999 -9999 -9999 -9999 -9999 -9999 -9999 -9999 -9999 -9999 -9999 -9999 -9999 -9999 -9999 -9999 -9999 -9999 -9999 -9999 -9999 -9999 -9999 -9999 -9999 -9999 -9999 -9999 -9999
189 187 180 171 175 183 185 183 177 175 188 190 187 182 182 192 193 193 193 193 193 193 193 194 194 194 194 195 196 195 195 196 195 197 -9999 -9999 -9999 -9999 -9999 -9999 -9999 -9999 -9999 198 198 198 199 199 198 195 197 197 200 199 200 200 201 201 202 -9999 -9999 -9999 -9999 -9999 -9999 -9999 -9999 -9999 -9999 -9999 -9999 -9999 -9999 -9999 -9999 -9999 -9999 -9999 -9999 -9999 -9999 -9999 -9999 -9999 -9999 -9999 -9999 -9999
189 189 189 184 173 183 179 182 171 170 185 189 184 178 173 182 187 192 192 192 188 192 193 189 192 194 191 193 194 195 194 195 195 194 195 -9999 -9999 -9999 -9999 -9999 -9999 -9999 198 198 199 199 199 199 197 195 193 197 194 192 196 200 201 201 202 202 202 202 202 202 202 -9999 -9999 -9999 -9999 -9999 -9999 -9999 -9999 -9999 -9999 -9999 -9999 -9999 -9999 -9999 -9999 -9999 -9999 -9999 -9999 -9999 -9999 -9999
188 188 188 188 179 177 175 178 172 173 180 182 185 180 168 173 190 192 191 188 190 189 190 184 193 193 180 191 193 193 193 190 189 192 195 194 196 194 196 197 198 197 198 198 198 198 199 198 196 196 196 197 193 187 189 198 200 200 201 202 202 202 202 202 202 202 202 203 203 -9999 -9999 -9999 -9999 -9999 -9999 -9999 -9999 -9999 -9999 -9999 -9999 -9999 -9999 -9999 -9999 -9999 -9999 -9999
188 188 185 189 188 185 173 174 173 172 176 173 168 177 171 168 181 191 191 183 190 183 184 174 190 191 184 186 192 192 187 182 185 194 194 194 191 196 196 196 196 197 197 197 197 198 198 197 197 195 197 198 198 197 199 200 200 200 200 201 202 202 202 202 202 202 202 202 203 203 203 -9999 -9999 -9999 -9999 -9999 -9999 -9999 -9999 -9999 -9999 -9999 -9999 -9999 -9999 -9999 -9999 -9999
186 187 186 185 187 187 183 174 173 172 172 173 169 167 179 185 189 189 189 190 179 179 177 174 184 177 180 175 184 189 186 174 190 192 193 190 191 194 194 194 194 196 197 197 196 196 197 196 195 195 196 195 196 198 198 198 196 198 200 199 200 201 201 201 201 202 201 201 201 203 203 203 203 -9999 -9999 -9999 -9999 -9999 -9999 -9999 -9999 -9999 -9999 -9999 -9999 -9999 -9999 -9999
186 186 186 185 185 184 187 183 172 172 170 170 168 168 167 183 181 172 186 185 189 189 171 176 174 170 165 163 170 184 188 172 189 185 186 187 190 194 193 193 191 194 196 196 196 196 196 196 196 195 195 196 197 196 194 196 197 199 199 198 199 199 199 200 200 201 201 201 201 203 203 203 203 203 203 204 -9999 -9999 -9999 -9999 -9999 -9999 -9999 -9999 -9999 -9999 -9999 -9999
186 185 183 184 183 181 185 185 183 172 172 170 170 169 164 175 174 165 174 177 174 187 186 166 164 165 163 160 166 178 180 170 177 174 183 188 192 192 192 194 190 188 191 194 195 195 195 195 193 194 195 196 195 190 183 189 198 199 198 195 198 198 199 200 199 199 201 202 202 203 201 201 202 203 203 203 204 -9999 -9999 -9999 -9999 -9999 -9999 -9999 -9999 -9999 -9999 -9999
184 184 183 183 182 178 179 180 184 185 179 170 170 166 165 165 164 163 164 170 164 162 184 176 171 163 161 158 161 167 169 170 170 170 184 187 190 190 191 192 190 190 189 193 195 194 193 192 190 193 195 194 191 185 186 193 197 198 192 187 192 197 197 197 198 199 201 200 201 201 201 200 200 201 202 203 203 204 204 -9999 -9999 -9999 -9999 -9999 -9999 -9999 -9999 -9999
182 182 182 179 174 171 172 181 181 179 179 180 173 169 169 166 165 163 162 164 163 163 161 161 162 161 162 154 156 154 157 156 161 167 184 190 186 178 189 189 184 181 190 193 189 192 193 189 193 194 194 192 189 184 194 196 196 192 190 187 192 194 195 197 198 198 198 199 199 200 200 198 198 200 201 202 202 203 204 204 -9999 -9999 -9999 -9999 -9999 -9999 -9999 -9999
179 181 182 173 171 166 171 179 181 178 176 179 181 177 173 167 164 163 159 161 163 160 160 163 162 161 161 160 153 152 153 154 158 175 178 183 179 183 189 183 181 187 190 191 184 189 188 190 193 192 191 187 190 190 194 194 195 189 179 177 167 185 191 197 196 198 197 197 197 198 198 198 195 198 200 202 202 203 204 205 204 -9999 -9999 -9999 -9999 -9999 -9999 -9999
176 179 178 175 170 168 175 177 179 177 175 177 180 182 182 180 179 180 173 171 165 168 160 160 160 157 157 155 154 154 155 155 154 172 176 168 161 174 185 174 174 188 190 189 182 178 188 189 189 188 185 178 183 186 180 180 188 192 182 173 165 173 182 193 197 197 196 192 192 196 195 196 196 195 195 200 202 203 203 204 205 205 -9999 -9999 -9999 -9999 -9999 -9999
173 177 176 174 170 163 169 176 176 177 174 176 177 177 179 178 177 177 177 175 176 173 169 162 156 156 156 155 156 156 155 154 152 152 156 157 171 185 184 170 164 179 189 188 183 171 185 184 183 179 179 180 178 174 173 165 166 179 188 181 163 167 182 192 195 196 192 191 194 193 195 195 195 196 194 196 201 203 203 203 204 206 206 -9999 -9999 -9999 -9999 -9999
168 170 167 168 169 163 169 175 174 174 173 174 174 176 179 177 174 173 175 173 172 174 170 167 161 156 155 162 154 158 156 154 154 152 152 162 167 174 176 174 173 168 178 184 185 178 179 174 174 180 180 182 181 173 181 178 167 156 164 175 154 166 183 189 187 193 190 192 196 195 195 196 196 197 196 196 199 201 203 203 205 205 205 206 206 -9999 -9999 -9999
164 163 162 163 163 168 171 172 172 173 172 172 173 173 172 177 176 173 177 174 171 170 166 167 165 165 169 169 174 178 169 168 153 153 168 174 176 164 165 162 158 159 176 173 172 166 155 163 169 165 180 184 182 178 182 181 178 173 164 157 164 162 173 178 179 190 190 194 194 193 196 197 196 198 197 196 196 200 202 203 203 205 205 206 206 206 -9999 -9999
164 165 164 164 167 168 171 171 170 171 171 172 172 170 171 175 174 177 178 177 172 174 169 166 168 166 162 174 176 178 180 176 169 165 172 177 176 166 175 173 168 153 160 158 163 169 158 161 172 164 173 178 185 183 185 180 182 179 168 163 172 176 176 180 174 191 192 190 191 190 196 197 196 198 198 197 198 197 201 202 203 203 205 205 206 206 206 -9999
166 170 171 164 170 170 172 170 170 170 170 171 171 168 171 170 171 168 178 177 176 176 176 169 167 171 166 163 178 179 179 178 170 171 178 179 177 171 181 179 173 162 167 160 166 176 168 160 172 174 168 181 182 184 181 178 171 173 168 175 176 179 185 180 170 179 188 188 191 193 195 197 197 197 198 198 199 197 199 200 202 203 204 205 206 206 206 -9999
169 172 168 165 171 172 172 172 170 164 169 170 170 169 169 168 173 175 177 179 178 175 172 168 164 164 173 163 162 179 180 180 179 179 181 179 174 178 182 179 165 162 173 162 169 179 173 175 181 178 165 174 186 184 184 182 177 178 181 179 183 182 187 181 173 171 188 190 190 196 197 198 199 199 198 199 199 199 198 199 201 203 203 203 206 206 206 206
172 173 171 171 172 172 174 174 171 162 167 167 166 164 166 169 172 178 176 180 179 178 165 173 171 161 177 179 168 177 179 181 181 181 181 180 179 181 183 177 171 174 175 170 176 182 176 178 182 172 179 180 185 182 170 179 183 182 178 183 186 185 187 188 180 164 175 185 179 193 194 196 197 196 199 199 199 200 199 199 198 202 203 203 206 206 206 206
172 173 173 173 173 173 173 173 171 164 162 162 167 166 170 174 175 175 179 180 180 179 169 172 176 169 178 180 172 168 174 181 181 181 180 177 178 181 180 176 167 177 179 177 180 183 174 176 181 176 184 185 186 183 174 183 184 185 180 185 188 189 189 184 176 164 165 181 174 182 193 196 197 199 195 194 198 200 197 198 198 201 201 203 202 206 206 206
168 174 172 174 171 172 174 174 170 161 162 161 171 174 174 170 176 178 178 180 181 180 170 172 177 167 179 180 180 180 180 180 177 182 183 182 181 181 181 180 170 175 180 182 183 177 176 180 183 180 178 185 186 179 176 185 185 183 184 187 188 189 187 186 180 176 164 169 185 182 191 195 197 195 187 197 199 201 200 199 199 199 200 203 202 206 206 206
166 172 174 170 165 167 175 173 170 165 163 167 173 175 175 176 174 179 179 181 181 181 171 176 178 170 178 180 180 182 181 180 181 180 183 182 182 183 174 179 178 180 180 176 181 183 168 179 184 181 186 186 184 177 175 185 185 181 186 188 189 187 184 186 182 184 171 174 186 173 187 194 196 195 180 186 197 198 201 200 200 202 200 203 202 202 206 206
174 174 176 172 165 158 172 174 170 167 171 171 174 175 177 177 177 177 179 181 181 180 181 172 177 179 180 181 181 182 182 182 183 181 178 183 183 183 182 179 168 178 182 181 183 184 178 176 185 186 184 180 183 169 176 184 185 183 185 188 188 187 184 188 188 185 174 187 188 189 193 195 196 192 182 191 194 193 201 201 201 202 203 205 205 206 206 206
172 175 177 175 169 172 169 175 170 172 175 172 174 177 177 178 177 179 175 179 179 182 182 178 178 180 181 181 181 182 182 182 182 182 182 181 182 184 183 183 180 179 182 181 184 185 184 183 183 186 185 179 179 182 182 186 186 182 181 189 188 186 186 189 188 184 175 172 185 187 190 196 197 188 175 179 192 196 198 200 202 202 205 204 206 206 206 206
