inst/testdata/Hispaniola_WorldClim/snv_2.asc
ncols         743
nrows         319
xllcorner     -74.500956448335
yllcorner     17.448920549066
cellsize      0.0083333333333333
NODATA_value  -9999
[rows 117 to 155 of 319, columns 616 to 703 of 743]
-9999 -9999 -9999 -9999 -9999 -9999 -9999 -9999 -9999 -9999 -9999 -9999 -9999 -9999 -9999 -9999 -9999 -9999 -9999 -9999 -9999 -9999 -9999 -9999 -9999 -9999 -9999 -9999 -9999 -9999 -9999 -9999 -9999 -9999 -9999 -9999 -9999 -9999 -9999 -9999 -9999 -9999 -9999 -9999 -9999 -9999 -9999 -9999 -9999 -9999 -9999 -9999 -9999 -9999 -9999 -9999 -9999 -9999 -9999 -9999 -9999 -9999 -9999 -9999 -9999 -9999 -9999 -9999 -9999 -9999 -9999 -9999 -9999 -9999 -9999 -9999 -9999 -9999 -9999 -9999 -9999 -9999 -9999 -9999 -9999 -9999 -9999 -9999
-9999 -9999 -9999 -9999 -9999 -9999 -9999 -9999 -9999 -9999 -9999 -9999 -9999 -9999 -9999 -9999 -9999 -9999 -9999 -9999 -9999 -9999 -9999 -9999 -9999 -9999 -9999 -9999 -9999 -9999 -9999 -9999 -9999 -9999 -9999 -9999 -9999 -9999 -9999 -9999 -9999 -9999 -9999 -9999 -9999 -9999 -9999 -9999 -9999 -9999 -9999 -9999 -9999 -9999 -9999 -9999 -9999 -9999 -9999 -9999 -9999 -9999 -9999 -9999 -9999 -9999 -9999 -9999 -9999 -9999 -9999 -9999 -9999 -9999 -9999 -9999 -9999 -9999 -9999 -9999 -9999 -9999 -9999 -9999 -9999 -9999 -9999 -9999
-9999 -9999 -9999 -9999 -9999 -9999 -9999 -9999 -9999 -9999 -9999 -9999 -9999 -9999 -9999 -9999 -9999 -9999 -9999 -9999 -9999 -9999 -9999 -9999 -9999 -9999 -9999 -9999 -9999 -9999 -9999 -9999 -9999 -9999 -9999 -9999 -9999 -9999 -9999 -9999 -9999 -9999 -9999 -9999 -9999 -9999 -9999 -9999 -9999 -9999 -9999 -9999 -9999 -9999 -9999 -9999 -9999 -9999 -9999 -9999 -9999 -9999 -9999 -9999 -9999 -9999 -9999 -9999 -9999 -9999 -9999 -9999 -9999 -9999 -9999 -9999 -9999 -9999 -9999 -9999 -9999 -9999 -9999 -9999 -9999 -9999 -9999 -9999
-9999 -9999 -9999 -9999 -9999 -9999 -9999 -9999 -9999 -9999 -9999 -9999 -9999 -9999 -9999 -9999 -9999 -9999 -9999 -9999 -9999 -9999 -9999 -9999 -9999 -9999 -9999 -9999 -9999 -9999 -9999 -9999 -9999 -9999 -9999 -9999 -9999 -9999 -9999 -9999 -9999 -9999 -9999 -9999 -9999 -9999 -9999 -9999 -9999 -9999 -9999 -9999 -9999 -9999 -9999 -9999 -9999 -9999 -9999 -9999 -9999 -9999 -9999 -9999 -9999 -9999 -9999 -9999 -9999 -9999 -9999 -9999 -9999 -9999 -9999 -9999 -9999 -9999 -9999 -9999 -9999 -9999 -9999 -9999 -9999 -9999 -9999 -9999
-9999 -9999 -9999 -9999 -9999 -9999 -9999 -9999 -9999 -9999 -9999 -9999 -9999 -9999 -9999 -9999 -9999 -9999 -9999 -9999 -9999 -9999 -9999 -9999 -9999 -9999 -9999 -9999 -9999 -9999 -9999 -9999 -9999 -9999 -9999 -9999 -9999 -9999 -9999 -9999 -9999 -9999 -9999 -9999 -9999 -9999 -9999 -9999 -9999 -9999 -9999 -9999 -9999 -9999 -9999 -9999 -9999 -9999 -9999 -9999 -9999 -9999 -9999 -9999 -9999 -9999 -9999 -9999 -9999 -9999 -9999 -9999 -9999 -9999 -9999 -9999 -9999 -9999 -9999 -9999 -9999 -9999 -9999 -9999 -9999 -9999 -9999 -9999
-9999 -9999 -9999 -9999 -9999 -9999 -9999 -9999 -9999 -9999 -9999 -9999 -9999 -9999 -9999 -9999 -9999 -9999 -9999 -9999 -9999 -9999 -9999 -9999 -9999 -9999 -9999 -9999 -9999 -9999 -9999 -9999 -9999 -9999 -9999 -9999 -9999 -9999 -9999 -9999 -9999 -9999 -9999 -9999 -9999 -9999 -9999 -9999 -9999 -9999 -9999 -9999 -9999 -9999 -9999 -9999 -9999 -9999 -9999 -9999 -9999 -9999 -9999 -9999 -9999 -9999 -9999 -9999 -9999 -9999 -9999 -9999 -9999 -9999 -9999 -9999 -9999 -9999 -9999 -9999 -9999 -9999 -9999 -9999 -9999 -9999 -9999 -9999
-9999 -9999 -9999 -9999 -9999 -9999 -9999 -9999 -9999 -9999 -9999 -9999 -9999 -9999 -9999 -9999 -9999 -9999 -9999 -9999 -9999 -9999 -9999 -9999 -9999 -9999 -9999 -9999 -9999 -9999 -9999 -9999 -9999 -9999 -9999 -9999 -9999 -9999 -9999 -9999 -9999 -9999 -9999 -9999 -9999 -9999 -9999 -9999 -9999 -9999 -9999 -9999 -9999 -9999 -9999 -9999 -9999 -9999 -9999 -9999 -9999 -9999 -9999 -9999 -9999 -9999 -9999 -9999 -9999 -9999 -9999 -9999 -9999 -9999 -9999 -9999 -9999 -9999 -9999 -9999 -9999 -9999 -9999 -9999 -9999 -9999 -9999 -9999
-9999 -9999 -9999 -9999 -9999 -9999 -9999 -9999 -9999 -9999 -9999 -9999 -9999 -9999 -9999 -9999 -9999 -9999 -9999 -9999 -9999 -9999 -9999 -9999 -9999 -9999 -9999 -9999 -9999 -9999 -9999 -9999 -9999 -9999 -9999 -9999 -9999 -9999 -9999 -9999 -9999 -9999 -9999 -9999 -9999 -9999 -9999 -9999 -9999 -9999 -9999 -9999 -9999 -9999 -9999 -9999 -9999 -9999 -9999 -9999 -9999 -9999 -9999 -9999 -9999 -9999 -9999 -9999 -9999 -9999 -9999 -9999 -9999 -9999 -9999 -9999 -9999 -9999 -9999 -9999 -9999 -9999 -9999 -9999 -9999 -9999 -9999 -9999
-9999 -9999 -9999 -9999 -9999 -9999 -9999 -9999 -9999 -9999 -9999 -9999 -9999 -9999 -9999 -9999 -9999 -9999 -9999 -9999 -9999 -9999 -9999 -9999 -9999 -9999 -9999 -9999 -9999 -9999 -9999 -9999 -9999 -9999 -9999 -9999 -9999 -9999 -9999 -9999 -9999 -9999 -9999 -9999 -9999 -9999 -9999 -9999 -9999 -9999 -9999 -9999 -9999 -9999 -9999 -9999 -9999 -9999 -9999 -9999 -9999 -9999 -9999 -9999 -9999 -9999 -9999 -9999 -9999 -9999 -9999 -9999 -9999 -9999 -9999 -9999 -9999 -9999 -9999 -9999 -9999 -9999 -9999 -9999 -9999 -9999 -9999 -9999
94 94 -9999 -9999 -9999 -9999 -9999 -9999 -9999 -9999 -9999 -9999 -9999 -9999 -9999 -9999 -9999 -9999 -9999 -9999 -9999 -9999 -9999 -9999 -9999 -9999 -9999 -9999 -9999 -9999 -9999 -9999 -9999 -9999 -9999 -9999 -9999 -9999 -9999 -9999 -9999 -9999 -9999 -9999 -9999 -9999 -9999 -9999 -9999 -9999 -9999 -9999 -9999 -9999 -9999 -9999 -9999 -9999 -9999 -9999 -9999 -9999 -9999 -9999 -9999 -9999 -9999 -9999 -9999 -9999 -9999 -9999 -9999 -9999 -9999 -9999 -9999 -9999 -9999 -9999 -9999 -9999 -9999 -9999 -9999 -9999 -9999 -9999
94 94 94 94 94 94 95 95 -9999 -9999 -9999 -9999 -9999 -9999 -9999 -9999 -9999 -9999 -9999 -9999 -9999 -9999 -9999 -9999 -9999 -9999 -9999 -9999 -9999 -9999 -9999 -9999 -9999 -9999 -9999 -9999 -9999 -9999 -9999 -9999 -9999 -9999 -9999 -9999 -9999 -9999 -9999 -9999 -9999 -9999 -9999 -9999 -9999 -9999 -9999 -9999 -9999 -9999 -9999 -9999 -9999 -9999 -9999 -9999 -9999 -9999 -9999 -9999 -9999 -9999 -9999 -9999 -9999 -9999 -9999 -9999 -9999 -9999 -9999 -9999 -9999 -9999 -9999 -9999 -9999 -9999 -9999 -9999
94 94 94 95 95 95 95 95 95 -9999 -9999 -9999 -9999 -9999 -9999 -9999 -9999 -9999 -9999 -9999 -9999 -9999 -9999 -9999 -9999 -9999 -9999 94 94 -9999 -9999 -9999 -9999 -9999 -9999 -9999 -9999 -9999 -9999 -9999 -9999 -9999 -9999 -9999 -9999 -9999 -9999 -9999 -9999 -9999 -9999 -9999 -9999 -9999 -9999 -9999 -9999 -9999 -9999 -9999 -9999 -9999 -9999 -9999 -9999 -9999 -9999 -9999 -9999 -9999 -9999 -9999 -9999 -9999 -9999 -9999 -9999 -9999 -9999 -9999 -9999 -9999 -9999 -9999 -9999 -9999 -9999 -9999
95 96 95 95 95 95 96 96 96 96 96 -9999 -9999 -9999 -9999 -9999 -9999 -9999 -9999 -9999 -9999 -9999 -9999 -9999 -9999 -9999 -9999 -9999 94 -9999 -9999 -9999 -9999 -9999 -9999 -9999 -9999 -9999 -9999 -9999 -9999 -9999 -9999 -9999 -9999 -9999 -9999 91 91 91 91 91 90 90 -9999 -9999 -9999 -9999 -9999 -9999 -9999 -9999 -9999 -9999 -9999 -9999 -9999 -9999 -9999 -9999 -9999 -9999 -9999 -9999 -9999 -9999 -9999 -9999 -9999 -9999 -9999 -9999 -9999 -9999 -9999 -9999 -9999 -9999
95 97 97 97 96 96 96 98 98 96 97 96 96 -9999 96 96 96 96 96 -9999 -9999 -9999 -9999 -9999 -9999 -9999 -9999 -9999 94 94 -9999 -9999 -9999 -9999 -9999 -9999 -9999 -9999 -9999 -9999 -9999 -9999 -9999 -9999 -9999 -9999 -9999 91 91 91 91 91 91 90 90 -9999 -9999 -9999 -9999 -9999 -9999 -9999 -9999 -9999 -9999 -9999 -9999 -9999 -9999 -9999 -9999 -9999 -9999 -9999 -9999 -9999 -9999 -9999 -9999 -9999 -9999 -9999 -9999 -9999 -9999 -9999 -9999 -9999
98 97 99 100 97 97 97 98 99 98 97 99 97 97 96 96 96 96 96 96 -9999 96 96 96 95 95 -9999 -9999 95 94 94 -9999 -9999 -9999 -9999 -9999 -9999 -9999 -9999 -9999 -9999 -9999 92 92 92 92 92 92 91 91 91 91 91 90 90 90 90 -9999 -9999 -9999 -9999 -9999 -9999 -9999 -9999 -9999 -9999 -9999 -9999 -9999 -9999 -9999 -9999 -9999 -9999 -9999 -9999 -9999 -9999 -9999 -9999 -9999 -9999 -9999 -9999 -9999 -9999 -9999
97 101 102 103 103 98 99 101 102 101 100 98 97 97 97 97 97 97 96 96 96 96 96 96 96 96 -9999 -9999 95 95 95 95 94 -9999 -9999 -9999 -9999 -9999 -9999 -9999 -9999 -9999 -9999 92 92 92 92 92 92 92 91 91 91 91 91 90 90 90 -9999 -9999 -9999 -9999 -9999 -9999 -9999 -9999 -9999 -9999 -9999 -9999 -9999 -9999 -9999 -9999 -9999 -9999 -9999 -9999 -9999 -9999 -9999 -9999 -9999 -9999 -9999 -9999 -9999 -9999
97 99 101 104 103 101 99 101 103 103 99 98 99 101 101 97 97 97 97 97 97 97 97 96 96 96 96 96 95 95 95 94 94 94 -9999 -9999 -9999 -9999 -9999 -9999 -9999 -9999 -9999 93 92 92 92 92 92 94 93 92 91 91 91 91 90 90 90 -9999 -9999 -9999 -9999 -9999 -9999 -9999 -9999 -9999 -9999 -9999 -9999 -9999 -9999 -9999 -9999 -9999 -9999 -9999 -9999 -9999 -9999 -9999 -9999 -9999 -9999 -9999 -9999 -9999
97 98 98 100 104 101 102 101 105 105 100 99 101 103 104 102 99 98 98 97 100 98 97 99 98 96 98 97 96 96 96 95 95 95 95 -9999 -9999 -9999 -9999 -9999 -9999 -9999 93 93 93 92 92 92 93 94 94 93 94 94 92 91 91 91 90 90 90 89 89 89 89 -9999 -9999 -9999 -9999 -9999 -9999 -9999 -9999 -9999 -9999 -9999 -9999 -9999 -9999 -9999 -9999 -9999 -9999 -9999 -9999 -9999 -9999 -9999
99 99 99 99 102 103 104 103 105 104 102 102 100 103 105 104 99 98 98 99 99 99 99 101 97 97 102 98 97 97 97 98 98 96 95 95 94 95 94 94 93 93 93 93 93 93 93 93 93 94 93 93 94 96 95 92 91 91 91 90 90 90 89 89 89 89 88 88 88 -9999 -9999 -9999 -9999 -9999 -9999 -9999 -9999 -9999 -9999 -9999 -9999 -9999 -9999 -9999 -9999 -9999 -9999 -9999
99 99 100 99 100 100 105 105 105 105 104 105 106 104 105 106 102 99 99 102 99 102 101 104 99 98 101 100 98 98 100 101 101 96 96 96 97 95 95 94 94 94 94 94 94 94 93 93 94 94 93 93 93 93 92 92 91 91 91 91 90 90 90 90 89 89 88 88 88 88 87 -9999 -9999 -9999 -9999 -9999 -9999 -9999 -9999 -9999 -9999 -9999 -9999 -9999 -9999 -9999 -9999 -9999
100 100 100 101 100 100 102 105 105 105 105 105 106 106 103 101 100 100 100 100 104 104 104 104 102 104 103 104 101 99 100 103 99 97 97 99 98 96 95 96 96 95 94 94 94 94 94 94 94 94 94 94 93 93 92 92 93 92 91 91 91 90 90 90 90 89 89 89 89 88 88 87 87 -9999 -9999 -9999 -9999 -9999 -9999 -9999 -9999 -9999 -9999 -9999 -9999 -9999 -9999 -9999
100 100 100 101 101 101 100 102 106 106 106 106 106 106 106 102 103 105 101 102 100 100 105 104 105 105 105 105 105 102 100 104 99 101 101 100 99 96 97 97 98 96 95 95 95 95 95 94 94 95 95 94 93 94 94 93 93 92 92 92 91 91 91 91 90 90 90 89 89 88 88 87 87 87 87 86 -9999 -9999 -9999 -9999 -9999 -9999 -9999 -9999 -9999 -9999 -9999 -9999
101 101 102 102 102 103 102 102 103 106 106 106 106 106 107 105 105 107 105 104 105 101 102 106 106 106 106 106 105 103 103 105 103 104 102 100 98 98 97 97 98 99 98 96 96 95 95 95 96 96 95 95 95 96 98 96 93 92 93 93 92 92 91 91 91 90 90 89 89 88 88 88 88 87 87 87 86 -9999 -9999 -9999 -9999 -9999 -9999 -9999 -9999 -9999 -9999 -9999
102 102 102 102 103 104 104 103 103 102 104 107 106 107 107 107 107 107 107 106 107 107 103 105 106 106 106 106 106 105 105 105 105 104 102 101 99 100 99 98 99 99 99 97 96 96 97 97 97 96 95 96 97 98 97 95 93 93 95 95 94 93 92 92 91 90 90 90 89 89 89 88 88 88 87 87 87 86 86 -9999 -9999 -9999 -9999 -9999 -9999 -9999 -9999 -9999
103 103 103 104 106 107 106 104 104 105 105 104 106 107 107 107 107 107 107 107 107 107 107 107 106 106 106 106 106 106 106 106 105 105 102 100 101 103 100 99 102 102 99 98 99 97 97 98 97 96 96 97 97 98 95 94 94 95 95 96 94 93 93 92 91 91 91 90 90 89 89 89 89 88 87 87 87 86 86 85 -9999 -9999 -9999 -9999 -9999 -9999 -9999 -9999
104 103 103 106 107 107 107 104 104 106 106 105 105 105 107 107 107 107 107 107 107 107 107 107 107 107 107 106 106 106 106 106 105 104 104 103 104 103 101 102 102 101 100 99 101 99 100 98 97 97 97 98 98 97 96 95 95 96 98 98 99 95 94 92 92 91 91 91 91 90 90 90 90 89 88 87 87 87 86 86 85 -9999 -9999 -9999 -9999 -9999 -9999 -9999
105 105 105 106 107 108 106 106 105 106 106 106 105 105 104 105 105 105 107 107 107 107 107 107 107 107 107 107 107 106 106 106 106 105 105 105 105 104 102 103 103 101 100 100 102 102 100 99 99 99 99 100 99 98 99 99 97 96 97 98 99 98 96 94 92 92 92 92 92 91 90 90 90 90 89 88 87 87 86 86 85 85 -9999 -9999 -9999 -9999 -9999 -9999
107 106 106 107 108 108 108 106 106 106 107 107 106 106 106 106 106 106 106 107 107 107 107 107 107 107 107 107 107 107 106 106 106 106 106 105 105 103 103 104 104 103 100 101 102 103 101 101 101 101 101 100 100 100 100 101 100 98 97 98 99 99 96 94 93 92 93 93 92 92 91 90 90 89 90 89 87 87 87 86 85 85 85 -9999 -9999 -9999 -9999 -9999
108 108 108 108 108 109 108 107 107 107 108 107 107 107 106 107 107 107 107 107 107 107 108 107 107 107 107 107 107 107 106 106 106 106 106 105 105 105 104 104 104 104 103 102 102 102 102 102 102 101 101 100 100 101 99 99 100 101 100 98 100 99 96 95 95 93 94 93 91 91 91 90 90 90 89 89 88 87 87 86 85 85 85 84 84 -9999 -9999 -9999
109 109 109 109 109 108 108 108 108 108 108 108 108 108 108 107 107 108 107 108 108 108 108 108 107 107 107 107 107 106 107 106 106 106 106 106 105 105 105 105 105 104 104 104 104 103 103 103 102 103 101 100 100 100 99 99 99 99 100 100 99 99 98 97 97 94 94 92 92 92 91 90 90 89 89 89 89 88 87 86 86 85 85 84 84 84 -9999 -9999
109 109 109 109 109 109 108 108 108 108 108 108 108 109 108 108 108 108 107 107 108 108 108 108 108 108 108 107 107 107 106 106 107 106 106 106 105 105 105 105 105 105 104 104 104 103 104 103 102 103 102 101 100 100 99 100 99 99 100 100 99 98 98 97 97 94 93 94 93 93 91 91 90 90 89 89 88 88 87 87 86 86 85 84 84 84 84 -9999
109 108 108 109 108 108 108 109 109 109 109 109 109 109 109 109 109 109 108 108 108 108 108 108 108 108 108 108 107 107 107 107 107 106 106 106 106 106 105 105 105 105 104 104 104 103 103 103 103 102 102 101 101 100 100 100 100 100 100 99 99 98 97 97 98 96 94 94 93 92 91 91 90 90 89 89 89 88 88 87 86 86 85 85 84 84 84 -9999
109 109 109 109 109 109 109 109 109 110 109 109 109 109 109 109 109 108 108 108 108 108 109 108 108 108 108 108 108 107 107 107 107 107 106 106 106 106 105 106 105 105 105 105 104 104 103 103 102 102 103 102 100 100 100 100 100 100 99 99 98 98 97 97 98 98 95 94 93 92 91 90 90 90 89 89 89 88 88 88 87 86 86 85 84 84 84 84
108 108 109 109 109 109 109 109 109 110 110 109 110 110 109 109 109 108 109 108 108 108 109 109 109 108 108 108 108 108 108 107 107 107 107 107 107 106 106 106 105 105 105 104 104 104 104 103 103 103 102 102 101 101 101 100 99 99 99 98 97 97 97 96 97 99 97 95 96 93 92 91 90 90 89 89 89 88 88 87 87 86 86 86 85 84 84 84
109 108 109 109 109 109 109 109 109 110 110 110 110 110 110 109 109 110 109 109 108 109 109 109 109 109 108 108 109 108 108 107 107 107 107 107 107 107 106 106 106 106 105 105 104 104 104 104 103 103 102 102 101 101 101 100 99 99 99 98 97 97 96 97 98 99 98 96 97 95 92 91 91 90 90 90 89 88 88 88 88 87 86 86 85 84 84 83
109 108 109 109 109 109 109 109 110 110 110 110 110 110 110 110 109 109 109 109 109 109 110 109 109 109 109 108 108 108 108 108 108 107 107 107 107 107 107 107 106 106 105 105 105 105 104 104 103 103 103 102 101 101 101 100 100 99 99 98 97 97 97 96 97 98 99 98 95 95 93 92 91 91 92 89 89 88 88 88 87 87 87 86 85 84 84 83
110 109 109 110 110 110 109 110 110 110 110 110 110 110 110 110 110 109 109 109 109 109 110 109 109 109 109 109 108 108 108 108 108 108 108 107 107 107 107 107 107 106 106 105 105 105 104 104 103 103 102 102 102 102 102 100 100 100 99 98 98 97 98 97 97 96 98 97 95 97 94 92 91 91 94 92 89 89 88 88 87 87 86 86 85 85 84 84
109 109 109 110 110 110 110 110 110 110 111 110 110 110 110 110 110 110 110 109 109 109 109 110 110 109 109 109 109 108 108 108 108 109 108 108 108 108 107 107 106 106 106 106 106 105 105 104 104 103 103 103 102 102 102 101 100 100 99 98 98 98 97 97 96 96 98 95 94 94 93 92 91 92 93 91 90 90 88 88 87 87 86 85 85 85 84 84
109 109 109 109 110 110 110 110 110 111 110 111 111 110 110 110 110 110 111 110 110 109 109 110 110 110 109 109 109 109 109 109 109 108 109 108 108 108 108 108 107 107 107 106 106 105 105 105 104 103 103 103 103 102 101 101 100 100 100 98 98 98 98 96 96 97 98 98 95 94 94 92 91 93 95 94 91 89 89 88 87 87 86 86 85 85 84 84
