inst/testdata/Hispaniola_WorldClim/snv_2.asc
ncols         743
nrows         319
xllcorner     -74.500956448335
yllcorner     17.448920549066
cellsize      0.0083333333333333
NODATA_value  -9999
[rows 39 to 77 of 319, columns 264 to 351 of 743]
-9999 -9999 -9999 -9999 -9999 -9999 -9999 96 96 96 96 96 95 -9999 -9999 -9999 -9999 -9999 -9999 -9999 -9999 -9999 -9999 -9999 -9999 -9999 -9999 -9999 -9999 -9999 -9999 -9999 -9999 -9999 -9999 -9999 -9999 -9999 -9999 -9999 -9999 -9999 -9999 -9999 -9999 -9999 -9999 -9999 -9999 -9999 -9999 -9999 -9999 -9999 -9999 -9999 -9999 -9999 -9999 -9999 -9999 -9999 -9999 100 101 -9999 101 101 102 102 102 103 103 104 104 104 105 105 105 106 106 106 107 107 108 108 108 108
-9999 -9999 -9999 -9999 -9999 97 97 96 96 96 96 96 96 -9999 -9999 -9999 -9999 -9999 -9999 -9999 -9999 -9999 -9999 -9999 -9999 -9999 -9999 -9999 -9999 -9999 -9999 -9999 -9999 -9999 -9999 -9999 -9999 -9999 -9999 -9999 -9999 -9999 -9999 -9999 -9999 -9999 -9999 -9999 -9999 -9999 -9999 -9999 -9999 -9999 -9999 -9999 -9999 -9999 -9999 -9999 -9999 -9999 -9999 100 -9999 -9999 101 102 102 102 103 103 104 104 104 105 105 105 106 106 106 107 107 107 108 108 109 109
98 98 98 97 97 96 96 96 95 95 96 96 95 -9999 -9999 -9999 -9999 -9999 -9999 -9999 -9999 -9999 -9999 -9999 -9999 -9999 -9999 -9999 -9999 -9999 -9999 -9999 -9999 -9999 -9999 -9999 -9999 -9999 -9999 -9999 -9999 -9999 -9999 -9999 -9999 -9999 -9999 -9999 -9999 -9999 -9999 -9999 -9999 -9999 -9999 -9999 -9999 -9999 -9999 -9999 -9999 -9999 -9999 -9999 -9999 -9999 -9999 102 102 103 103 103 104 104 104 105 105 106 106 106 107 107 107 108 108 108 109 109
97 97 95 96 96 96 95 95 95 96 96 96 -9999 -9999 -9999 -9999 -9999 -9999 -9999 -9999 -9999 -9999 -9999 -9999 -9999 -9999 -9999 -9999 -9999 -9999 -9999 -9999 -9999 -9999 -9999 -9999 -9999 -9999 -9999 -9999 -9999 -9999 -9999 -9999 -9999 -9999 -9999 -9999 -9999 -9999 -9999 -9999 -9999 -9999 -9999 -9999 -9999 -9999 -9999 -9999 -9999 -9999 -9999 -9999 -9999 -9999 -9999 102 102 103 103 104 104 104 105 105 105 106 106 106 107 107 108 108 108 109 109 109
97 96 94 94 94 94 94 95 96 96 96 96 -9999 -9999 -9999 95 94 -9999 93 93 92 -9999 -9999 -9999 -9999 -9999 -9999 -9999 -9999 -9999 -9999 -9999 -9999 -9999 -9999 -9999 -9999 -9999 -9999 -9999 -9999 -9999 -9999 -9999 -9999 -9999 -9999 -9999 -9999 -9999 -9999 -9999 -9999 -9999 -9999 -9999 -9999 -9999 -9999 -9999 -9999 -9999 -9999 -9999 -9999 -9999 -9999 -9999 103 103 103 104 104 104 105 105 105 106 106 107 107 107 108 108 108 109 109 110
99 97 96 95 94 94 95 96 96 96 96 96 96 95 95 94 94 93 93 92 92 -9999 -9999 -9999 -9999 -9999 -9999 -9999 -9999 -9999 -9999 -9999 -9999 -9999 -9999 -9999 -9999 -9999 -9999 -9999 -9999 -9999 -9999 -9999 -9999 -9999 -9999 -9999 -9999 -9999 -9999 -9999 -9999 -9999 -9999 -9999 -9999 -9999 -9999 -9999 -9999 -9999 -9999 -9999 -9999 -9999 -9999 -9999 103 103 104 104 104 105 105 105 105 106 107 107 107 108 108 108 109 109 110 110
98 98 98 97 97 97 97 97 96 96 96 96 95 95 95 94 94 93 93 92 92 92 91 -9999 -9999 -9999 90 90 90 91 91 91 -9999 -9999 -9999 -9999 -9999 -9999 94 94 94 94 95 95 95 -9999 -9999 -9999 -9999 -9999 -9999 -9999 -9999 -9999 -9999 -9999 -9999 -9999 -9999 -9999 -9999 -9999 -9999 -9999 -9999 -9999 -9999 -9999 -9999 104 104 104 104 105 105 106 106 107 107 107 108 108 108 109 109 109 110 110
99 98 98 98 98 97 97 97 96 96 96 96 95 95 95 94 94 93 93 93 92 92 91 91 90 90 90 90 91 91 91 91 -9999 -9999 -9999 -9999 -9999 93 94 94 94 95 95 95 95 96 96 96 97 97 98 -9999 -9999 -9999 -9999 -9999 -9999 -9999 -9999 -9999 -9999 -9999 -9999 -9999 -9999 -9999 -9999 -9999 -9999 104 104 105 105 105 106 106 106 107 107 107 108 108 109 109 109 110 110 111
99 99 98 98 98 97 97 97 96 96 96 96 95 95 94 94 94 93 93 92 92 92 91 91 90 90 90 90 91 91 91 92 -9999 -9999 -9999 -9999 -9999 -9999 94 94 94 95 95 95 96 96 96 97 97 97 98 98 98 99 99 100 99 100 100 101 101 -9999 -9999 -9999 -9999 -9999 -9999 -9999 -9999 104 104 105 105 106 106 106 107 107 107 108 108 108 109 109 110 110 110 111
99 99 98 98 98 97 97 97 97 96 96 95 95 95 94 94 93 93 93 92 92 92 91 91 91 90 90 -9999 91 91 91 92 -9999 -9999 -9999 -9999 -9999 93 94 94 94 95 95 95 96 96 96 97 97 97 98 98 98 99 99 100 100 100 101 101 101 101 102 102 102 103 103 103 104 -9999 104 105 105 106 106 106 107 107 108 108 108 109 109 110 110 110 111 111
99 99 98 98 98 97 97 97 96 96 96 95 95 95 94 94 93 93 93 92 92 92 91 91 91 91 91 91 91 -9999 -9999 92 92 92 93 93 93 94 94 94 95 95 95 96 96 96 97 97 97 98 98 98 99 99 -9999 100 100 100 101 101 102 102 102 103 103 103 104 104 104 105 105 105 106 106 106 106 107 107 108 108 109 109 109 110 110 111 111 111
99 99 98 98 98 97 97 97 96 96 96 95 95 95 94 94 93 93 93 92 92 92 91 91 91 91 91 91 91 91 92 92 92 92 93 93 93 94 94 94 95 95 95 96 96 97 97 97 97 98 98 99 -9999 -9999 -9999 -9999 -9999 101 101 101 102 102 103 103 103 103 104 104 104 105 105 105 106 106 106 107 107 108 108 109 109 109 110 110 110 111 111 112
99 99 98 98 98 98 97 97 96 96 96 95 95 95 94 94 94 93 93 93 92 92 92 91 91 91 92 91 92 92 92 92 93 93 93 93 94 94 94 95 95 96 96 96 97 97 97 97 98 98 -9999 -9999 -9999 -9999 -9999 -9999 -9999 -9999 -9999 102 102 102 102 103 104 103 104 105 105 105 105 106 106 107 107 107 108 108 108 109 109 110 110 110 111 111 111 112
99 99 99 98 98 98 97 97 97 96 96 95 95 95 94 94 93 93 93 93 92 92 92 92 92 92 92 92 92 92 92 93 93 93 93 94 94 94 94 95 95 96 96 96 97 97 98 98 98 98 -9999 -9999 99 100 100 100 -9999 -9999 102 102 102 102 103 104 104 104 105 105 105 105 106 106 107 107 107 108 108 108 108 109 109 110 110 111 111 111 112 112
99 99 99 98 98 98 97 97 97 96 96 96 95 95 94 94 94 93 93 93 92 92 92 92 92 92 92 92 92 92 93 93 93 93 94 94 94 95 95 95 96 96 96 96 97 97 98 98 98 99 99 99 100 100 100 101 101 -9999 102 102 103 103 103 104 104 104 105 105 105 105 106 106 107 108 108 108 108 108 109 109 110 110 111 111 111 112 112 112
99 99 99 98 98 98 97 97 97 96 96 96 95 95 94 94 93 93 93 93 93 93 93 93 93 92 92 93 93 93 93 93 93 94 94 94 95 95 95 96 96 96 97 97 97 98 98 98 99 99 99 100 100 100 100 101 101 102 102 103 103 103 103 104 104 104 105 105 105 106 106 107 107 108 108 109 109 109 110 110 110 111 111 112 112 112 113 113
100 99 99 99 98 98 98 97 97 97 96 96 95 95 94 94 93 93 93 93 96 96 95 95 95 93 93 93 93 93 93 94 94 94 94 95 95 95 96 96 96 97 97 97 98 98 98 99 99 99 100 100 100 101 101 101 102 102 102 103 103 103 104 104 104 105 105 105 106 106 106 107 108 108 108 109 109 110 110 111 111 111 111 112 112 113 113 114
100 99 99 99 98 98 98 98 97 97 97 96 95 95 94 94 94 94 94 93 93 98 97 97 96 94 93 94 94 94 94 94 94 95 95 95 96 96 96 96 96 97 97 98 98 98 99 99 100 100 100 100 101 101 101 102 102 102 103 103 103 104 104 104 105 105 105 105 106 106 106 107 107 108 108 109 110 110 110 111 112 112 112 112 113 114 115 115
100 100 99 99 99 99 98 98 98 98 98 97 96 96 95 94 94 94 94 94 96 98 98 99 98 95 95 94 94 94 94 95 95 95 95 96 96 98 97 97 97 97 97 98 98 99 99 100 100 101 101 101 101 101 101 102 102 103 103 103 103 104 104 105 105 105 106 106 106 107 107 107 108 108 109 110 110 110 110 111 112 112 113 113 114 114 114 115
100 100 99 99 99 99 99 99 99 98 98 98 98 97 96 95 95 94 94 94 95 95 95 98 100 97 96 95 95 95 94 95 95 95 96 96 97 98 97 97 97 98 98 98 99 99 101 102 103 101 101 101 101 101 102 102 102 103 103 104 104 104 105 105 105 105 106 106 107 107 108 107 108 108 109 110 110 111 111 112 112 113 113 113 113 114 115 115
100 100 99 99 99 99 99 98 98 98 99 98 98 98 98 95 97 96 95 95 95 96 98 99 99 99 97 96 96 95 95 95 95 96 96 97 97 100 99 98 98 98 98 99 100 101 102 104 106 103 102 102 102 102 102 102 103 103 104 104 105 105 105 105 106 106 106 106 107 107 108 108 108 109 109 110 110 111 111 112 112 113 113 113 113 114 116 116
100 99 100 99 99 99 98 97 98 98 98 98 98 98 97 96 97 98 98 98 97 98 100 100 100 101 99 98 96 97 96 96 96 96 96 96 97 98 101 99 98 99 99 99 104 105 101 102 102 102 102 102 102 102 102 103 103 104 104 105 105 105 105 105 106 106 106 107 107 108 108 108 109 109 110 110 111 111 112 112 113 113 114 113 114 114 115 116
99 99 99 99 99 99 97 97 97 98 98 98 98 98 97 98 99 98 100 99 99 99 100 100 100 101 101 100 98 97 97 96 97 96 97 97 98 98 101 100 99 99 99 100 101 102 102 102 102 102 102 102 102 103 103 103 104 104 105 105 105 105 105 106 106 107 107 107 108 108 108 109 109 109 110 110 111 112 114 113 113 114 114 114 114 115 115 116
99 97 97 98 99 98 98 96 97 98 98 98 98 98 98 97 98 98 99 100 99 99 100 101 100 100 101 101 102 98 97 97 97 97 97 97 98 98 102 103 100 100 100 100 101 101 102 102 102 102 102 102 103 103 103 104 104 105 105 105 105 105 106 106 107 107 107 107 108 108 109 109 110 110 110 111 111 112 112 113 114 114 114 114 114 115 116 115
98 96 95 97 97 98 97 96 97 98 98 98 99 98 98 98 97 98 99 99 98 99 100 100 100 100 101 102 103 99 99 98 98 97 98 98 98 99 100 101 100 100 100 101 101 102 102 103 103 102 102 102 103 103 104 104 105 105 106 105 105 106 106 106 107 107 107 108 108 109 109 109 110 110 111 111 111 112 112 113 114 114 114 114 115 115 116 116
96 95 95 97 97 97 95 97 98 98 98 99 99 99 98 98 97 98 98 100 99 98 99 101 101 101 102 104 104 104 101 99 99 98 98 98 99 99 99 100 101 101 101 101 101 103 102 102 104 103 103 103 103 104 104 105 105 105 106 106 106 106 106 106 107 107 108 108 108 109 109 110 110 110 111 111 112 112 113 113 114 114 115 115 115 116 116 116
95 96 96 97 97 98 96 98 98 98 98 99 98 99 99 99 98 98 99 99 98 99 99 100 101 101 103 104 105 105 105 102 99 99 99 99 99 100 100 100 101 103 106 103 102 102 103 102 103 104 103 103 104 105 105 105 105 106 105 106 106 106 107 107 107 108 108 108 109 109 109 110 110 111 111 112 112 113 113 114 114 115 115 115 116 116 116 117
95 96 95 95 95 97 97 98 98 99 99 99 99 99 99 99 98 99 99 98 99 98 99 100 100 101 103 104 103 104 105 101 99 99 99 99 100 100 100 101 102 103 106 106 103 103 103 103 103 103 104 104 105 105 105 105 106 106 106 106 107 107 107 108 108 108 108 109 109 110 110 110 111 111 112 113 114 114 115 115 115 115 115 116 116 117 117 117
94 95 96 95 95 98 99 99 98 97 99 99 99 99 99 99 99 99 98 98 99 99 100 100 101 101 101 102 102 103 105 105 104 103 101 100 102 101 102 102 102 104 104 106 105 104 104 103 104 104 105 105 106 106 106 106 106 106 106 107 107 107 108 108 108 109 109 109 110 110 110 111 111 111 112 113 113 114 115 116 116 116 116 116 117 117 117 117
94 96 97 96 95 96 97 99 99 97 98 99 99 99 99 99 100 100 99 99 99 101 101 102 100 101 101 102 103 105 106 106 107 104 102 103 104 106 104 103 105 103 103 104 104 105 105 104 104 104 105 106 106 106 106 106 107 107 107 107 108 108 108 108 109 109 109 109 110 110 111 111 111 112 112 113 113 114 115 117 117 117 117 117 117 117 117 118
96 96 98 96 98 96 98 99 99 99 99 99 99 99 99 99 100 99 99 99 99 103 103 103 103 103 103 104 105 105 106 107 107 107 107 108 109 109 105 104 106 105 104 104 104 104 104 105 104 105 105 106 106 106 106 107 107 107 107 108 109 108 109 109 109 109 110 110 110 111 111 111 112 112 113 113 114 114 116 117 117 117 117 117 117 117 118 118
96 95 98 98 98 99 99 99 100 98 99 100 100 100 100 100 100 101 99 99 101 103 104 104 104 104 105 105 105 105 106 107 108 108 108 109 109 110 108 109 109 110 107 104 104 105 105 105 105 105 106 106 107 107 107 107 108 108 108 109 109 109 110 109 110 110 110 110 111 111 111 112 112 113 113 114 115 116 116 116 118 118 118 118 118 118 118 119
97 97 98 97 99 99 99 100 99 100 98 100 100 100 100 100 100 100 100 100 100 102 103 104 104 105 105 106 105 105 106 107 107 108 109 109 109 110 109 110 111 111 108 106 105 105 105 105 105 106 106 107 107 108 108 108 108 109 109 109 109 111 110 110 110 110 111 111 111 112 112 113 112 112 113 114 115 116 118 117 118 118 120 120 119 119 119 119
95 95 96 97 99 99 99 99 100 100 99 100 100 100 100 101 101 101 100 100 100 100 102 104 105 105 105 106 105 105 106 107 108 108 109 109 110 110 110 110 111 112 110 109 105 105 105 106 106 107 107 108 108 108 109 110 109 109 110 111 110 110 110 110 111 111 111 111 111 112 113 113 113 113 114 114 116 117 118 118 120 121 120 120 120 120 120 120
95 95 95 97 99 99 99 100 100 100 100 101 100 100 101 102 101 101 100 100 100 100 101 103 105 105 104 105 105 105 107 108 108 109 109 109 110 111 111 111 111 112 113 110 107 106 106 106 107 107 108 108 111 109 114 115 111 110 111 110 110 111 111 111 112 111 112 112 112 113 114 114 114 114 114 115 116 117 118 119 120 121 121 120 121 120 120 120
95 95 97 98 99 97 97 98 99 100 100 101 101 101 101 102 102 102 100 101 101 101 100 103 104 105 105 105 105 105 108 108 109 109 109 110 110 111 111 112 111 112 113 113 108 107 107 107 108 108 108 109 110 117 118 118 113 111 111 110 110 114 112 112 112 112 113 113 113 115 115 114 114 115 115 116 116 117 118 119 120 122 121 121 121 121 122 121
95 96 96 97 97 100 99 98 99 100 101 101 101 101 103 103 102 103 101 101 101 101 101 101 103 104 106 105 104 106 107 109 109 110 109 110 110 111 112 112 111 112 114 114 115 109 107 108 110 108 109 111 110 111 118 115 112 112 111 111 113 116 117 113 113 113 113 114 114 115 115 115 115 115 115 116 117 118 119 120 120 121 122 123 122 123 123 122
95 97 99 99 100 100 101 98 100 100 101 101 102 101 102 103 103 103 103 101 101 101 101 101 102 104 104 104 103 106 108 109 109 110 111 111 111 111 112 113 113 113 114 114 114 116 111 110 113 114 112 112 112 116 116 118 112 112 112 111 113 120 118 117 114 114 114 114 115 115 115 115 115 115 116 117 117 118 119 120 121 121 122 123 125 124 123 123
96 96 97 98 100 100 101 101 100 101 102 102 102 101 103 102 103 103 104 103 101 101 102 102 102 103 104 102 104 108 109 109 110 110 110 111 111 112 112 113 114 114 114 114 115 115 116 116 117 117 118 115 117 119 119 116 113 113 112 112 115 116 119 119 118 116 115 115 115 115 115 115 115 116 117 117 117 118 119 119 121 122 124 123 125 125 124 124
