inst/testdata/Hispaniola_WorldClim/snv_2.asc
ncols         743
nrows         319
xllcorner     -74.500956448335
yllcorner     17.448920549066
cellsize      0.0083333333333333
NODATA_value  -9999
[rows 117 to 155 of 319, columns 352 to 439 of 743]
135 135 134 134 134 135 135 135 133 129 131 129 129 128 126 125 126 127 131 133 131 129 124 126 127 125 124 122 126 129 130 130 130 131 130 127 127 126 127 127 126 126 125 125 123 121 120 120 116 114 113 116 116 118 118 120 120 121 124 126 127 128 128 128 128 129 128 125 123 122 121 122 123 125 126 126 127 127 127 124 127 127 127 128 127 127 126 126
135 133 135 135 135 135 135 135 134 131 129 127 128 128 127 125 126 127 129 130 129 125 125 125 126 125 124 123 126 130 129 132 131 130 129 125 125 122 125 125 123 124 123 124 124 124 124 121 116 114 114 113 112 114 115 115 118 122 125 126 125 126 126 128 128 128 128 128 126 124 124 124 121 122 123 124 125 124 124 126 127 128 127 127 127 127 126 124
135 133 133 134 135 135 135 135 134 132 133 131 131 132 131 128 129 127 127 126 125 126 126 123 125 124 124 126 128 128 128 132 132 129 127 123 122 121 122 124 123 122 122 124 123 123 122 122 120 117 117 115 113 116 117 118 119 122 124 122 120 122 126 128 128 125 128 128 127 127 126 125 124 124 121 122 123 123 125 127 127 126 125 126 126 126 126 125
136 136 136 136 135 135 135 135 135 134 134 133 133 133 132 131 132 131 130 128 127 128 126 125 124 124 126 125 126 125 127 131 131 131 128 127 125 127 122 119 119 122 123 123 122 121 120 122 121 120 119 117 115 117 119 120 121 123 122 120 120 122 124 127 127 125 126 126 127 124 122 121 121 122 121 118 122 122 124 123 125 125 122 124 125 125 125 127
136 136 136 136 136 136 136 136 136 134 133 134 135 134 134 133 132 133 134 131 132 131 131 127 125 126 128 129 125 128 129 131 132 132 132 129 128 128 125 124 121 118 121 122 120 120 118 119 119 119 118 116 114 117 118 119 120 122 118 118 123 125 126 128 127 125 123 124 127 127 124 121 119 118 119 118 119 120 121 121 122 122 122 123 123 125 124 126
136 136 136 136 136 136 136 136 134 132 133 134 135 134 132 131 132 133 133 134 134 134 133 132 133 128 128 132 129 127 129 131 132 132 131 131 130 126 123 121 117 118 120 121 119 119 117 117 117 115 116 112 112 115 117 118 120 119 116 117 120 124 124 126 126 125 124 122 124 124 124 122 120 119 120 122 122 123 124 124 122 122 123 125 126 127 127 127
136 136 137 136 135 133 135 132 128 126 127 133 134 127 127 124 126 129 131 130 131 132 133 134 134 131 130 133 128 126 129 130 133 133 132 130 128 125 120 118 117 119 119 120 121 120 120 118 117 117 115 113 113 115 115 118 119 117 115 116 120 122 123 123 124 126 125 123 122 122 122 122 119 119 120 123 125 126 127 127 128 125 126 126 128 128 128 128
134 137 136 132 130 128 132 131 128 128 132 134 134 128 131 124 123 128 131 127 126 129 129 132 134 134 133 133 128 127 129 131 132 133 133 132 129 124 122 122 123 122 120 119 121 121 120 119 119 119 117 116 114 113 114 117 117 117 115 118 120 121 122 122 122 122 125 125 121 117 118 120 119 119 121 124 124 125 126 126 127 128 128 128 128 128 128 128
137 137 136 136 134 131 130 132 133 134 135 136 135 135 135 130 128 130 132 131 125 124 124 131 132 134 134 134 132 128 130 131 133 133 133 131 128 128 125 125 125 125 122 119 121 121 119 119 120 120 119 117 115 113 115 114 114 114 116 117 117 118 119 123 122 120 121 124 121 118 115 115 116 117 120 122 122 122 123 124 127 127 128 129 129 129 128 128
138 137 137 137 137 136 136 136 136 137 137 136 135 134 132 131 134 134 134 133 131 130 129 125 128 130 133 134 134 134 131 133 133 133 131 130 130 130 126 127 127 125 122 120 122 124 121 121 121 120 119 118 117 114 116 116 115 116 116 116 115 115 119 121 121 118 115 118 120 119 114 111 113 113 117 120 121 121 123 125 127 128 129 129 129 128 128 129
136 137 137 137 137 137 137 137 137 137 137 137 136 134 130 128 132 134 134 134 133 131 130 129 124 126 127 129 133 134 133 133 133 133 133 133 132 131 130 129 127 125 124 123 121 124 125 122 121 119 119 120 118 116 116 117 117 118 118 118 117 114 116 120 121 118 115 115 118 117 115 112 110 111 115 117 119 119 122 125 127 128 127 128 129 127 127 128
136 136 136 137 137 137 137 137 137 136 137 137 134 131 126 124 125 128 133 134 132 128 126 124 123 124 125 127 129 132 134 133 134 133 130 132 129 130 128 127 126 124 126 126 124 126 125 123 121 120 121 122 120 117 117 118 118 119 120 119 118 117 115 119 118 116 113 111 112 114 114 114 114 112 113 112 115 119 121 125 127 128 127 127 128 128 127 127
136 136 136 137 137 137 137 137 138 137 137 136 132 127 126 123 124 125 130 134 132 134 132 129 126 125 125 127 130 129 132 134 133 133 133 131 130 128 129 127 130 129 126 128 126 127 125 123 122 120 122 123 121 118 116 117 119 120 120 120 118 115 113 115 115 113 111 109 109 112 115 116 116 117 116 114 113 117 119 124 126 126 125 125 128 128 126 126
136 136 136 136 137 136 137 137 137 137 136 138 136 134 134 132 131 131 132 136 132 135 135 134 130 128 129 131 131 129 129 134 132 134 133 133 131 131 130 132 132 131 131 128 127 127 125 120 119 122 123 124 123 120 117 118 119 120 120 121 119 116 114 115 114 116 115 112 109 112 114 117 117 120 117 117 117 118 121 123 123 124 124 125 127 127 125 125
136 136 136 137 136 136 136 137 136 136 136 136 137 137 137 137 137 136 136 136 130 131 133 134 133 133 133 129 131 133 133 134 133 131 133 134 134 133 133 132 129 127 128 129 129 128 126 124 122 123 125 125 123 121 120 117 118 120 121 121 120 119 117 115 117 118 117 113 112 115 116 118 117 120 118 119 120 121 124 121 120 123 124 125 125 125 124 124
137 137 136 136 136 136 136 136 136 136 136 136 137 136 136 137 137 137 136 136 136 134 133 134 135 135 135 135 135 135 135 134 132 131 133 132 134 133 129 130 128 125 127 127 126 125 125 125 123 124 125 125 125 121 121 118 119 120 121 122 121 120 117 118 119 120 116 115 112 115 118 121 121 122 121 122 124 125 124 120 118 120 122 123 124 125 124 125
137 136 137 136 136 136 136 136 136 136 136 136 137 136 136 136 136 136 135 136 137 136 136 135 133 132 133 134 135 135 135 134 131 132 133 134 133 132 129 127 127 125 124 124 124 123 120 123 124 125 126 125 124 124 123 119 119 120 121 123 123 121 119 117 120 122 121 118 116 113 116 117 119 123 125 126 126 127 125 121 118 117 120 123 123 125 125 126
136 136 136 136 136 136 136 136 136 138 138 136 136 136 135 136 135 135 137 136 136 136 136 136 132 133 134 135 135 135 135 135 132 132 133 133 133 129 125 127 125 124 124 125 123 122 120 121 125 126 127 124 120 121 121 119 119 120 122 123 123 122 121 119 121 124 123 120 117 114 115 116 118 120 123 125 127 126 125 124 118 118 121 123 124 124 124 126
136 136 136 136 136 136 136 136 137 137 137 137 136 136 135 135 135 135 135 137 136 136 135 136 136 136 135 135 135 134 135 135 132 130 132 133 134 132 129 131 129 129 127 128 126 125 122 119 121 122 126 125 121 121 120 116 117 120 120 120 125 127 124 124 126 126 125 119 118 118 121 122 122 125 127 127 127 127 124 122 119 119 121 119 121 125 126 124
136 136 136 136 136 136 136 136 136 136 138 136 136 135 135 135 134 134 134 134 135 133 134 136 136 136 135 135 133 133 134 134 134 130 132 132 134 134 132 133 133 131 128 130 131 129 126 120 117 122 124 128 126 122 120 117 117 118 116 119 124 127 127 127 127 129 126 122 117 120 124 127 128 129 127 123 126 126 124 122 118 118 118 119 123 127 129 125
135 135 136 136 136 136 136 136 136 136 136 136 136 135 135 135 134 134 134 134 134 133 134 135 136 135 135 134 133 132 132 132 131 129 130 130 133 134 134 134 133 134 130 131 133 130 127 122 118 123 123 128 130 126 122 122 121 117 117 120 124 127 129 130 130 131 128 123 118 120 123 128 129 127 125 122 123 124 122 120 119 118 121 122 124 127 129 128
135 135 136 136 136 136 136 136 136 136 136 136 135 135 135 134 134 134 134 134 134 133 133 135 136 135 134 133 132 132 131 130 130 129 129 130 130 132 131 130 132 134 134 133 132 130 129 125 124 123 124 127 131 128 127 127 123 118 120 125 125 127 129 130 131 131 130 124 121 122 124 127 130 126 123 122 122 123 124 123 123 122 124 127 126 127 128 130
135 135 136 136 136 136 136 136 136 136 136 136 135 135 135 134 134 134 134 134 134 134 135 136 136 135 134 133 133 133 131 130 130 129 129 129 129 129 128 134 133 133 134 134 133 132 130 127 129 129 126 127 131 132 130 127 123 119 120 124 129 129 127 129 131 131 131 127 124 126 129 131 129 126 126 124 124 124 126 126 126 125 126 128 129 129 129 130
135 136 136 136 136 136 136 136 135 136 135 135 135 135 134 134 134 134 134 134 134 136 135 136 136 136 134 133 133 132 132 132 132 128 128 128 128 128 132 134 134 133 133 133 133 133 131 128 129 131 132 131 130 132 132 129 124 124 120 123 129 130 129 129 130 131 130 131 131 128 130 131 130 128 127 126 124 124 125 127 128 129 130 130 130 130 130 130
135 136 136 136 136 136 136 136 136 135 135 135 135 135 135 134 134 134 134 133 135 135 136 136 136 135 134 133 132 133 132 132 132 131 128 127 128 128 129 132 134 134 134 133 132 132 131 128 128 131 133 133 132 132 132 131 130 128 123 121 127 131 131 130 131 131 129 131 131 131 131 131 128 125 123 123 122 121 124 126 126 127 129 130 130 131 130 130
135 135 136 136 135 136 136 136 136 136 135 135 135 135 135 134 134 134 134 134 135 135 137 136 136 134 134 132 132 134 133 134 133 129 128 127 127 127 127 130 133 134 133 133 133 133 133 133 130 129 132 133 132 131 132 132 131 129 127 126 129 131 132 131 130 132 129 130 131 131 130 128 126 123 123 125 123 122 126 129 130 131 128 130 130 130 131 131
136 136 136 136 136 136 136 136 136 136 135 135 135 135 135 135 135 134 134 134 135 135 135 135 135 133 133 132 133 133 133 132 131 130 129 126 126 126 126 127 133 131 131 133 134 133 133 133 133 132 132 133 132 130 133 132 131 129 128 131 132 132 131 132 132 130 127 132 131 128 128 127 122 123 127 128 125 124 126 127 129 130 131 131 131 130 131 130
136 136 136 136 136 136 136 136 136 136 136 135 135 135 134 134 134 134 134 134 135 135 135 134 135 133 132 131 132 133 133 130 131 130 128 128 125 126 126 126 128 133 133 132 134 133 132 133 133 133 133 133 131 130 132 131 130 130 129 130 129 131 132 131 128 127 131 132 130 127 124 125 127 127 129 129 128 126 127 127 128 130 131 131 131 131 131 130
137 137 137 137 137 137 137 137 137 136 136 136 135 135 134 134 134 134 134 134 135 134 135 134 133 132 131 131 133 134 130 130 130 130 128 127 125 125 125 125 129 131 133 130 131 132 131 130 133 133 133 132 130 129 131 133 132 130 131 132 131 131 132 129 127 129 132 132 130 129 128 126 128 130 131 131 130 129 130 128 129 130 131 131 131 130 129 129
137 137 137 137 137 138 137 137 137 137 136 136 135 135 134 134 134 134 133 134 133 134 134 133 132 131 131 130 134 132 130 128 129 128 127 125 125 124 124 124 127 129 132 130 129 129 130 132 133 132 133 133 133 129 126 132 132 132 133 132 132 130 130 132 128 127 131 131 132 131 131 129 129 130 131 131 131 131 131 130 130 131 131 131 130 129 131 131
138 138 138 138 138 138 138 138 137 137 136 136 136 135 135 134 134 133 133 133 133 134 134 132 131 131 130 129 131 131 129 128 128 127 127 126 125 124 124 123 126 125 126 130 127 130 131 132 131 133 132 131 132 132 127 131 130 131 132 133 132 132 131 132 131 128 127 129 131 132 131 131 131 131 131 131 130 131 131 129 130 131 131 131 131 130 131 129
138 138 139 138 138 138 138 138 138 137 137 136 136 136 135 134 134 133 133 133 133 133 132 132 131 130 129 129 129 128 128 127 127 126 126 125 125 123 123 123 123 124 126 127 125 130 129 131 132 132 129 131 131 131 126 125 127 130 132 132 129 132 132 132 131 126 130 131 132 132 131 132 132 131 131 129 131 131 131 129 129 129 131 131 127 129 131 131
139 139 139 139 139 139 138 138 138 138 137 137 136 136 135 135 134 134 133 133 133 132 132 131 130 129 129 128 127 127 127 126 126 126 125 124 124 123 122 122 122 122 122 122 123 125 126 130 132 130 127 130 129 127 127 124 127 129 128 129 128 130 131 130 127 124 130 132 132 132 131 131 131 131 129 126 131 131 131 131 130 130 131 131 130 128 131 130
139 139 139 139 139 139 138 138 138 138 137 137 136 136 136 135 134 134 133 133 133 132 131 131 130 129 128 128 127 126 126 126 125 125 124 123 123 122 122 122 121 121 121 121 121 122 125 130 128 123 126 126 126 126 124 124 127 126 127 127 128 129 128 125 123 128 130 131 132 131 132 132 132 132 129 127 131 131 131 131 131 130 131 129 128 131 130 128
139 139 139 139 139 139 138 138 138 138 137 137 136 136 136 135 135 134 134 133 133 132 131 131 130 129 128 128 127 126 125 125 125 124 124 123 122 122 121 121 121 120 120 120 121 121 121 127 125 123 121 121 122 123 122 124 124 125 123 125 126 129 126 121 125 131 132 131 130 129 131 131 131 132 131 127 126 130 131 131 131 131 131 130 130 131 129 124
138 139 139 139 139 138 138 138 138 138 138 137 137 137 136 136 135 134 134 134 133 132 132 131 130 129 128 128 127 126 125 124 124 123 123 123 122 121 121 121 120 120 120 120 120 120 121 121 122 120 120 120 120 122 122 123 123 123 123 126 128 127 126 121 122 128 130 131 128 128 128 128 131 130 131 130 125 127 128 129 126 128 128 127 129 131 125 124
139 139 139 139 139 139 139 138 138 138 138 138 137 137 137 136 136 135 134 134 134 133 132 131 130 129 128 128 127 126 125 124 123 123 123 122 122 121 121 120 120 120 119 119 119 119 119 119 120 120 119 119 120 119 121 122 122 122 123 126 125 124 123 120 127 128 125 131 130 126 125 128 124 129 128 126 124 125 125 126 125 128 129 130 131 128 128 129
139 139 139 140 139 139 139 139 139 139 138 138 138 138 137 137 136 136 136 135 134 133 133 132 131 130 129 128 127 126 125 124 123 123 122 122 122 121 120 120 120 119 119 118 118 118 119 119 119 119 119 119 122 119 120 120 121 122 123 125 123 123 121 120 128 126 125 127 129 127 124 121 123 123 130 124 125 127 128 126 126 129 131 131 131 128 130 131
139 139 140 140 139 139 139 140 140 140 140 140 140 139 138 137 138 137 136 136 135 134 133 133 132 130 130 129 127 126 125 124 124 123 122 122 122 121 120 120 119 119 119 118 118 118 118 118 118 118 118 119 120 119 118 125 130 127 124 123 121 121 119 123 125 124 124 123 125 127 122 120 119 121 122 126 129 130 130 130 130 129 127 131 131 131 131 130
