inst/testdata/Hispaniola_WorldClim/snv_20.asc
ncols         743
nrows         319
xllcorner     -74.500956448335
yllcorner     17.448920549066
cellsize      0.0083333333333333
NODATA_value  -9999
[rows 195 to 233 of 319, columns 88 to 175 of 743]
439 388 258 200 204 238 245 212 273 319 341 136 26 13 12 11 14 146 245 276 159 238 202 248 467 244 90 294 339 393 400 402 329 66 213 250 271 194 246 90 110 258 171 103 82 101 103 154 130 44 205 131 93 77 13 9 10 17 28 32 15 17 -9999 -9999 -9999 19 16 51 65 24 70 43 29 16 7 -9999 -9999 -9999 -9999 -9999 -9999 -9999 -9999 -9999 -9999 -9999 -9999 -9999
348 316 358 337 404 462 451 308 323 274 171 31 23 43 166 192 334 379 445 488 454 373 625 625 538 337 219 229 377 397 491 614 567 168 179 395 388 428 356 324 270 414 418 385 166 73 55 53 45 74 149 90 62 40 38 13 35 55 56 84 66 56 21 29 31 53 100 119 198 76 205 190 69 52 19 6 4 -9999 -9999 -9999 -9999 -9999 -9999 -9999 -9999 -9999 -9999 -9999
530 523 597 611 663 500 294 265 236 284 43 32 116 183 355 262 409 454 485 500 678 693 783 872 835 807 585 651 617 587 745 640 481 341 320 355 528 370 257 168 220 548 424 242 211 73 65 74 58 102 101 72 39 59 16 77 50 169 213 157 134 73 78 77 92 43 77 211 317 176 220 257 213 91 141 72 46 -9999 -9999 -9999 -9999 -9999 -9999 -9999 -9999 -9999 -9999 124
803 643 512 630 596 592 490 590 599 300 38 157 237 549 562 544 544 625 623 626 721 457 472 443 487 510 543 405 347 379 573 721 562 331 422 506 530 664 629 541 420 497 360 150 120 87 111 101 94 72 77 55 27 27 93 166 87 163 346 296 370 231 180 131 121 181 158 111 121 181 456 375 281 150 223 164 123 148 13 -9999 -9999 -9999 -9999 -9999 35 171 269 203
681 701 658 414 466 547 285 186 229 127 84 282 600 471 729 680 626 708 761 704 437 375 388 344 328 390 464 368 323 385 346 502 469 352 350 282 288 336 454 346 226 282 356 223 119 98 84 98 98 65 76 59 26 52 114 216 128 216 189 272 395 326 216 232 217 205 233 320 376 270 218 364 446 441 360 223 244 119 97 40 -9999 38 57 97 79 113 254 334
849 796 676 630 339 176 249 375 189 73 306 601 612 684 671 709 536 508 504 443 356 382 427 520 408 312 303 391 322 320 312 364 308 290 279 274 287 254 304 371 189 166 172 145 142 171 160 134 177 50 38 29 141 243 137 202 160 233 224 234 348 392 426 525 470 392 417 460 667 597 439 333 453 534 459 373 303 256 260 196 114 157 63 74 81 113 139 133
938 727 773 509 498 245 630 658 382 299 481 640 672 742 566 384 368 361 358 371 372 342 373 484 353 434 394 340 271 282 255 288 291 276 252 223 239 233 240 259 309 365 210 209 304 156 141 187 140 139 120 280 352 328 463 376 407 436 473 536 540 585 688 728 720 774 769 834 856 789 773 660 606 577 517 529 399 407 310 234 116 128 53 38 24 31 49 66
1036 952 906 748 440 648 723 602 397 254 582 652 698 736 458 437 533 474 439 434 449 460 347 376 401 360 338 332 271 265 244 248 329 418 250 249 242 243 200 250 272 237 177 249 270 311 218 279 367 328 73 216 487 469 511 697 690 660 681 653 706 725 849 883 904 833 915 937 897 826 835 719 779 726 664 564 545 484 261 228 105 59 47 131 18 13 18 32
859 797 615 701 798 777 716 758 640 427 593 730 746 757 680 624 581 579 589 544 515 572 498 548 480 370 395 386 336 305 276 286 199 199 178 191 208 215 250 386 298 174 220 106 210 256 277 153 118 65 63 68 87 183 287 254 386 484 720 856 819 907 965 990 1003 1008 940 893 847 846 855 833 809 672 672 601 536 428 249 153 102 75 50 37 17 14 14 19
916 831 505 549 775 797 791 840 622 659 519 587 661 592 444 439 605 540 564 582 611 651 616 513 544 578 453 401 362 340 352 315 230 261 221 170 159 155 226 338 405 220 174 211 159 97 171 146 135 178 206 207 261 204 299 328 391 398 395 486 671 710 765 820 905 904 919 870 865 856 810 828 762 716 660 602 493 402 222 157 111 82 64 33 17 14 14 14
850 831 501 369 466 444 503 749 679 636 554 472 442 534 511 371 385 454 443 419 474 518 523 544 554 576 510 454 379 418 381 320 310 283 259 238 226 178 151 155 178 168 132 200 229 194 101 203 297 310 254 360 412 405 422 388 368 407 384 326 421 421 467 453 639 673 659 655 821 818 789 783 743 692 645 584 564 452 311 141 132 141 79 24 14 14 14 14
465 688 629 483 427 315 482 568 533 415 362 386 436 228 198 186 278 302 396 466 494 601 546 662 610 585 524 442 417 418 336 326 318 288 228 211 209 170 186 172 139 146 127 139 190 225 156 215 268 270 302 318 366 396 363 349 300 381 403 369 367 348 386 422 470 434 474 479 538 704 680 681 668 572 554 482 460 381 173 160 147 151 163 111 31 60 76 160
347 466 472 441 307 176 284 425 485 336 229 273 241 118 135 100 131 257 263 284 341 406 540 608 671 616 534 564 456 471 408 393 320 268 276 226 235 202 195 204 181 165 134 132 152 199 228 248 366 253 349 395 337 298 318 280 265 291 280 294 283 288 316 349 328 329 349 378 414 454 441 400 380 359 294 264 252 312 297 274 268 272 303 288 284 306 354 408
321 307 439 310 164 179 316 238 189 148 132 88 55 50 61 55 74 100 126 157 182 237 297 326 400 474 582 577 503 534 470 405 312 294 289 265 226 218 203 187 186 155 176 190 144 149 160 194 176 190 208 207 207 250 248 230 231 237 239 275 260 294 300 302 302 342 329 327 367 327 271 267 288 235 226 224 219 270 226 227 241 247 335 295 287 296 433 445
177 125 251 136 138 83 104 126 172 106 73 55 38 43 55 56 76 111 220 257 269 285 329 333 479 728 679 771 601 810 674 558 475 578 521 441 434 374 348 258 299 241 252 220 185 202 224 221 203 295 278 313 273 239 247 270 337 335 267 250 275 261 277 292 295 296 287 275 274 280 284 298 344 231 236 251 224 221 219 266 252 246 294 291 276 331 387 360
64 80 62 71 69 60 45 43 41 40 38 37 38 38 36 46 61 137 274 411 505 506 657 691 473 861 870 1009 750 1023 872 448 638 849 744 853 708 526 489 354 507 460 555 542 539 357 328 245 241 295 429 344 263 287 398 392 448 503 481 352 277 288 370 321 290 290 311 301 268 257 260 247 326 242 256 293 234 225 214 210 230 273 348 326 315 369 328 379
76 98 120 90 73 88 73 65 62 65 66 61 61 47 87 200 258 163 316 349 508 794 858 760 709 951 584 811 1141 880 837 782 861 1062 1113 1143 936 664 766 796 835 813 754 748 658 481 308 284 306 198 154 211 327 307 410 438 437 430 496 391 271 378 337 437 435 448 476 438 321 277 268 248 248 320 342 277 344 237 282 263 224 216 357 418 377 296 318 587
151 163 197 253 207 135 242 303 294 244 277 210 174 63 33 73 169 337 597 691 785 899 1002 854 755 851 464 585 762 1200 1290 1263 1149 840 772 1007 870 1112 974 872 875 798 779 663 660 636 356 288 278 123 88 90 143 110 180 314 345 385 351 282 324 417 416 447 447 381 403 366 463 502 364 305 280 308 371 371 331 282 310 308 233 212 255 283 369 253 293 378
273 245 262 157 162 150 194 142 186 127 148 104 140 37 49 127 92 248 437 306 435 527 677 585 386 484 347 627 689 1077 947 962 769 531 633 643 717 1185 942 612 537 519 624 480 416 435 357 194 191 210 70 80 64 63 76 98 119 186 226 261 274 259 348 251 279 282 323 367 346 334 420 511 518 477 498 421 334 304 338 347 335 223 231 228 216 380 379 364
147 131 103 96 167 134 154 108 90 89 70 54 60 24 34 59 92 351 366 226 265 332 390 453 184 314 561 695 847 788 926 538 571 226 406 302 473 783 609 363 318 182 354 328 127 98 85 74 78 69 59 42 38 45 47 64 81 90 144 156 207 192 190 189 201 182 197 221 212 224 350 396 496 497 449 506 379 348 326 287 258 287 307 230 273 346 447 378
94 120 80 98 142 86 117 102 84 63 80 26 18 24 90 94 113 125 107 269 324 340 231 164 110 305 516 463 650 807 749 544 304 193 210 562 795 937 604 437 206 160 179 210 118 96 92 66 54 47 34 32 29 30 41 50 63 84 144 185 158 181 163 156 167 154 159 171 175 183 280 359 339 397 423 384 456 393 308 273 361 301 249 248 201 301 330 387
61 79 60 87 145 123 64 64 59 75 68 17 19 35 91 216 55 280 318 428 313 317 200 143 391 78 126 444 501 455 421 405 273 240 601 727 884 829 691 446 213 186 78 352 197 105 91 250 65 36 35 29 24 29 42 48 59 83 115 221 375 243 186 171 154 137 126 132 144 145 214 529 402 354 301 311 345 315 364 358 324 310 333 355 256 191 178 303
66 69 75 140 155 143 83 48 64 45 55 19 15 27 50 148 42 82 146 374 341 369 282 201 69 62 70 91 80 54 109 133 181 327 448 658 769 621 620 369 98 269 145 196 77 39 32 30 22 29 36 57 18 25 32 41 51 73 108 165 319 389 456 279 195 223 165 155 127 128 173 360 562 372 392 292 266 271 265 317 290 318 313 320 347 255 227 257
58 44 75 127 146 135 159 39 67 36 37 20 13 21 73 29 100 191 99 57 298 94 107 129 120 266 257 405 258 44 42 366 366 593 647 599 511 419 545 423 77 39 40 43 33 16 12 7 20 21 17 18 20 26 30 36 47 64 97 181 230 231 248 283 269 369 421 439 260 130 147 427 527 475 503 343 285 358 263 252 235 213 205 204 204 208 202 392
48 41 74 110 130 165 121 65 73 21 17 18 10 23 25 36 121 111 124 22 92 61 41 346 394 485 588 365 363 39 341 495 501 447 244 339 262 75 132 186 58 32 29 14 12 -9999 -9999 10 11 13 10 14 19 25 59 48 58 82 83 132 211 237 266 368 315 268 406 425 303 118 305 396 384 367 437 357 310 282 341 329 289 284 291 305 244 157 157 189
42 32 73 94 92 69 69 24 64 58 27 12 13 72 19 26 85 99 50 25 18 55 181 263 182 125 112 58 18 25 275 495 319 114 58 298 265 38 26 43 26 24 23 12 6 -9999 0 6 6 8 11 14 21 85 174 69 86 116 84 293 339 213 150 277 268 239 322 255 180 96 149 408 494 324 351 412 397 325 308 382 310 263 249 209 214 194 152 132
37 62 50 33 85 104 61 61 56 71 10 9 13 84 12 81 50 101 109 30 13 36 126 36 27 23 16 13 19 30 158 218 87 35 22 88 20 33 -9999 -9999 8 19 13 0 0 -9999 -9999 -9999 6 7 95 12 16 34 37 29 83 164 69 252 199 134 221 232 249 255 227 245 212 63 182 342 319 311 300 447 299 357 397 402 400 291 280 256 252 183 199 146
32 63 23 32 104 165 101 123 48 12 8 10 90 61 0 79 20 48 24 -9999 9 81 82 -9999 -9999 -9999 -9999 0 8 53 85 27 12 -9999 -9999 -9999 -9999 -9999 -9999 -9999 -9999 -9999 -9999 -9999 -9999 -9999 -9999 -9999 -9999 -9999 19 15 0 0 0 15 194 187 68 150 132 106 143 160 249 214 217 236 134 81 244 294 287 284 229 274 242 431 365 420 448 457 501 417 309 245 185 191
31 29 21 71 151 173 119 131 74 61 10 11 47 71 -9999 68 -9999 -9999 -9999 -9999 54 74 93 -9999 -9999 -9999 -9999 -9999 103 52 46 -9999 -9999 -9999 -9999 -9999 -9999 -9999 -9999 -9999 -9999 -9999 -9999 -9999 -9999 -9999 -9999 -9999 -9999 15 181 212 27 7 11 24 53 64 47 60 86 66 145 71 129 97 126 127 163 45 150 241 219 183 260 251 195 298 340 253 323 345 362 368 361 444 298 163
20 22 24 70 149 148 167 69 8 -9999 -9999 11 19 -9999 22 33 -9999 -9999 -9999 70 154 24 58 89 -9999 -9999 -9999 -9999 56 8 17 14 -9999 -9999 -9999 -9999 -9999 -9999 -9999 -9999 -9999 -9999 -9999 -9999 -9999 -9999 -9999 -9999 10 35 187 200 89 8 9 78 39 25 13 21 32 42 45 50 56 65 74 87 72 62 59 99 144 177 167 166 194 217 193 262 252 251 269 298 331 371 344 409
27 20 56 42 84 116 85 58 -9999 -9999 -9999 37 -9999 -9999 48 64 -9999 -9999 46 103 126 35 16 70 31 -9999 -9999 -9999 -9999 -9999 -9999 -9999 -9999 -9999 -9999 -9999 -9999 -9999 -9999 -9999 -9999 -9999 130 -9999 103 -9999 -9999 -9999 136 13 96 128 103 62 0 -9999 -9999 -9999 -9999 -9999 16 15 24 31 39 38 43 44 29 18 18 44 70 90 95 118 114 147 139 189 176 250 224 187 293 250 272 323
19 17 9 24 27 26 59 61 -9999 -9999 -9999 -9999 -9999 15 30 -9999 -9999 -9999 67 88 50 0 -9999 12 -9999 -9999 -9999 -9999 -9999 -9999 -9999 -9999 -9999 -9999 -9999 -9999 -9999 -9999 -9999 -9999 -9999 -9999 0 -9999 63 -9999 -9999 -9999 15 -9999 -9999 -9999 -9999 -9999 -9999 -9999 -9999 -9999 -9999 -9999 7 4 7 8 14 19 17 7 12 13 6 23 40 54 75 59 125 122 107 130 128 161 159 158 194 204 261 253
18 19 13 8 6 6 4 -9999 -9999 -9999 -9999 -9999 -9999 -9999 -9999 -9999 -9999 -9999 -9999 -9999 -9999 -9999 -9999 -9999 -9999 -9999 -9999 -9999 -9999 -9999 -9999 -9999 -9999 -9999 -9999 -9999 -9999 -9999 -9999 -9999 -9999 -9999 -9999 -9999 -9999 -9999 -9999 -9999 -9999 -9999 -9999 -9999 -9999 -9999 -9999 -9999 -9999 -9999 -9999 -9999 -9999 -9999 -9999 -9999 -9999 0 -9999 5 6 4 6 0 21 30 34 41 56 74 104 75 116 118 130 112 163 128 201 200
14 10 6 5 0 -9999 -9999 -9999 -9999 -9999 -9999 -9999 -9999 -9999 -9999 -9999 -9999 -9999 -9999 -9999 -9999 -9999 -9999 -9999 -9999 -9999 -9999 -9999 -9999 -9999 -9999 -9999 -9999 -9999 -9999 -9999 -9999 -9999 -9999 -9999 -9999 -9999 -9999 -9999 -9999 -9999 -9999 -9999 -9999 -9999 -9999 -9999 -9999 -9999 -9999 -9999 -9999 -9999 -9999 -9999 -9999 -9999 -9999 -9999 -9999 -9999 -9999 -9999 -9999 -9999 -9999 -9999 -9999 -9999 14 12 22 37 48 61 69 75 85 65 122 86 119 110
13 10 9 6 -9999 -9999 -9999 -9999 -9999 -9999 -9999 -9999 -9999 -9999 -9999 -9999 -9999 -9999 -9999 -9999 -9999 -9999 -9999 -9999 -9999 -9999 -9999 -9999 -9999 -9999 -9999 -9999 -9999 -9999 -9999 -9999 -9999 -9999 -9999 -9999 -9999 -9999 -9999 -9999 -9999 -9999 -9999 -9999 -9999 -9999 -9999 -9999 -9999 -9999 -9999 -9999 -9999 -9999 -9999 -9999 -9999 -9999 -9999 -9999 -9999 -9999 -9999 -9999 -9999 -9999 -9999 -9999 -9999 -9999 -9999 -9999 0 11 15 20 25 33 37 28 63 82 81 65
6 11 -9999 -9999 -9999 -9999 -9999 -9999 -9999 -9999 -9999 -9999 -9999 -9999 -9999 -9999 -9999 -9999 -9999 -9999 -9999 -9999 -9999 -9999 -9999 -9999 -9999 -9999 -9999 -9999 -9999 -9999 -9999 -9999 -9999 -9999 -9999 -9999 -9999 -9999 -9999 -9999 -9999 -9999 -9999 -9999 -9999 -9999 -9999 -9999 -9999 -9999 -9999 -9999 -9999 -9999 -9999 -9999 -9999 -9999 -9999 -9999 -9999 -9999 -9999 -9999 -9999 -9999 -9999 -9999 -9999 -9999 -9999 -9999 -9999 -9999 -9999 -9999 -9999 -9999 -9999 0 4 0 10 13 13 20
-9999 -9999 -9999 -9999 -9999 -9999 -9999 -9999 -9999 -9999 -9999 -9999 -9999 -9999 -9999 -9999 -9999 -9999 -9999 -9999 -9999 -9999 -9999 -9999 -9999 -9999 -9999 -9999 -9999 -9999 -9999 -9999 -9999 -9999 -9999 -9999 -9999 -9999 -9999 -9999 -9999 -9999 -9999 -9999 -9999 -9999 -9999 -9999 -9999 -9999 -9999 -9999 -9999 -9999 -9999 -9999 -9999 -9999 -9999 -9999 -9999 -9999 -9999 -9999 -9999 -9999 -9999 -9999 -9999 -9999 -9999 -9999 -9999 -9999 -9999 -9999 -9999 -9999 -9999 -9999 -9999 -9999 -9999 -9999 -9999 -9999 -9999 -9999
-9999 -9999 -9999 -9999 -9999 -9999 -9999 -9999 -9999 -9999 -9999 -9999 -9999 -9999 -9999 -9999 -9999 -9999 -9999 -9999 -9999 -9999 -9999 -9999 -9999 -9999 -9999 -9999 -9999 -9999 -9999 -9999 -9999 -9999 -9999 -9999 -9999 -9999 -9999 -9999 -9999 -9999 -9999 -9999 -9999 -9999 -9999 -9999 -9999 -9999 -9999 -9999 -9999 -9999 -9999 -9999 -9999 -9999 -9999 -9999 -9999 -9999 -9999 -9999 -9999 -9999 -9999 -9999 -9999 -9999 -9999 -9999 -9999 -9999 -9999 -9999 -9999 -9999 -9999 -9999 -9999 -9999 -9999 -9999 -9999 -9999 -9999 -9999
-9999 -9999 -9999 -9999 -9999 -9999 -9999 -9999 -9999 -9999 -9999 -9999 -9999 -9999 -9999 -9999 -9999 -9999 -9999 -9999 -9999 -9999 -9999 -9999 -9999 -9999 -9999 -9999 -9999 -9999 -9999 -9999 -9999 -9999 -9999 -9999 -9999 -9999 -9999 -9999 -9999 -9999 -9999 -9999 -9999 -9999 -9999 -9999 -9999 -9999 -9999 -9999 -9999 -9999 -9999 -9999 -9999 -9999 -9999 -9999 -9999 -9999 -9999 -9999 -9999 -9999 -9999 -9999 -9999 -9999 -9999 -9999 -9999 -9999 -9999 -9999 -9999 -9999 -9999 -9999 -9999 -9999 -9999 -9999 -9999 -9999 -9999 -9999
