inst/testdata/Hispaniola_WorldClim/snv_10.asc
ncols         743
nrows         319
xllcorner     -74.500956448335
yllcorner     17.448920549066
cellsize      0.0083333333333333
NODATA_value  -9999
[rows 117 to 155 of 319, columns 616 to 703 of 743]
-9999 -9999 -9999 -9999 -9999 -9999 -9999 -9999 -9999 -9999 -9999 -9999 -9999 -9999 -9999 -9999 -9999 -9999 -9999 -9999 -9999 -9999 -9999 -9999 -9999 -9999 -9999 -9999 -9999 -9999 -9999 -9999 -9999 -9999 -9999 -9999 -9999 -9999 -9999 -9999 -9999 -9999 -9999 -9999 -9999 -9999 -9999 -9999 -9999 -9999 -9999 -9999 -9999 -9999 -9999 -9999 -9999 -9999 -9999 -9999 -9999 -9999 -9999 -9999 -9999 -9999 -9999 -9999 -9999 -9999 -9999 -9999 -9999 -9999 -9999 -9999 -9999 -9999 -9999 -9999 -9999 -9999 -9999 -9999 -9999 -9999 -9999 -9999
-9999 -9999 -9999 -9999 -9999 -9999 -9999 -9999 -9999 -9999 -9999 -9999 -9999 -9999 -9999 -9999 -9999 -9999 -9999 -9999 -9999 -9999 -9999 -9999 -9999 -9999 -9999 -9999 -9999 -9999 -9999 -9999 -9999 -9999 -9999 -9999 -9999 -9999 -9999 -9999 -9999 -9999 -9999 -9999 -9999 -9999 -9999 -9999 -9999 -9999 -9999 -9999 -9999 -9999 -9999 -9999 -9999 -9999 -9999 -9999 -9999 -9999 -9999 -9999 -9999 -9999 -9999 -9999 -9999 -9999 -9999 -9999 -9999 -9999 -9999 -9999 -9999 -9999 -9999 -9999 -9999 -9999 -9999 -9999 -9999 -9999 -9999 -9999
-9999 -9999 -9999 -9999 -9999 -9999 -9999 -9999 -9999 -9999 -9999 -9999 -9999 -9999 -9999 -9999 -9999 -9999 -9999 -9999 -9999 -9999 -9999 -9999 -9999 -9999 -9999 -9999 -9999 -9999 -9999 -9999 -9999 -9999 -9999 -9999 -9999 -9999 -9999 -9999 -9999 -9999 -9999 -9999 -9999 -9999 -9999 -9999 -9999 -9999 -9999 -9999 -9999 -9999 -9999 -9999 -9999 -9999 -9999 -9999 -9999 -9999 -9999 -9999 -9999 -9999 -9999 -9999 -9999 -9999 -9999 -9999 -9999 -9999 -9999 -9999 -9999 -9999 -9999 -9999 -9999 -9999 -9999 -9999 -9999 -9999 -9999 -9999
-9999 -9999 -9999 -9999 -9999 -9999 -9999 -9999 -9999 -9999 -9999 -9999 -9999 -9999 -9999 -9999 -9999 -9999 -9999 -9999 -9999 -9999 -9999 -9999 -9999 -9999 -9999 -9999 -9999 -9999 -9999 -9999 -9999 -9999 -9999 -9999 -9999 -9999 -9999 -9999 -9999 -9999 -9999 -9999 -9999 -9999 -9999 -9999 -9999 -9999 -9999 -9999 -9999 -9999 -9999 -9999 -9999 -9999 -9999 -9999 -9999 -9999 -9999 -9999 -9999 -9999 -9999 -9999 -9999 -9999 -9999 -9999 -9999 -9999 -9999 -9999 -9999 -9999 -9999 -9999 -9999 -9999 -9999 -9999 -9999 -9999 -9999 -9999
-9999 -9999 -9999 -9999 -9999 -9999 -9999 -9999 -9999 -9999 -9999 -9999 -9999 -9999 -9999 -9999 -9999 -9999 -9999 -9999 -9999 -9999 -9999 -9999 -9999 -9999 -9999 -9999 -9999 -9999 -9999 -9999 -9999 -9999 -9999 -9999 -9999 -9999 -9999 -9999 -9999 -9999 -9999 -9999 -9999 -9999 -9999 -9999 -9999 -9999 -9999 -9999 -9999 -9999 -9999 -9999 -9999 -9999 -9999 -9999 -9999 -9999 -9999 -9999 -9999 -9999 -9999 -9999 -9999 -9999 -9999 -9999 -9999 -9999 -9999 -9999 -9999 -9999 -9999 -9999 -9999 -9999 -9999 -9999 -9999 -9999 -9999 -9999
-9999 -9999 -9999 -9999 -9999 -9999 -9999 -9999 -9999 -9999 -9999 -9999 -9999 -9999 -9999 -9999 -9999 -9999 -9999 -9999 -9999 -9999 -9999 -9999 -9999 -9999 -9999 -9999 -9999 -9999 -9999 -9999 -9999 -9999 -9999 -9999 -9999 -9999 -9999 -9999 -9999 -9999 -9999 -9999 -9999 -9999 -9999 -9999 -9999 -9999 -9999 -9999 -9999 -9999 -9999 -9999 -9999 -9999 -9999 -9999 -9999 -9999 -9999 -9999 -9999 -9999 -9999 -9999 -9999 -9999 -9999 -9999 -9999 -9999 -9999 -9999 -9999 -9999 -9999 -9999 -9999 -9999 -9999 -9999 -9999 -9999 -9999 -9999
-9999 -9999 -9999 -9999 -9999 -9999 -9999 -9999 -9999 -9999 -9999 -9999 -9999 -9999 -9999 -9999 -9999 -9999 -9999 -9999 -9999 -9999 -9999 -9999 -9999 -9999 -9999 -9999 -9999 -9999 -9999 -9999 -9999 -9999 -9999 -9999 -9999 -9999 -9999 -9999 -9999 -9999 -9999 -9999 -9999 -9999 -9999 -9999 -9999 -9999 -9999 -9999 -9999 -9999 -9999 -9999 -9999 -9999 -9999 -9999 -9999 -9999 -9999 -9999 -9999 -9999 -9999 -9999 -9999 -9999 -9999 -9999 -9999 -9999 -9999 -9999 -9999 -9999 -9999 -9999 -9999 -9999 -9999 -9999 -9999 -9999 -9999 -9999
-9999 -9999 -9999 -9999 -9999 -9999 -9999 -9999 -9999 -9999 -9999 -9999 -9999 -9999 -9999 -9999 -9999 -9999 -9999 -9999 -9999 -9999 -9999 -9999 -9999 -9999 -9999 -9999 -9999 -9999 -9999 -9999 -9999 -9999 -9999 -9999 -9999 -9999 -9999 -9999 -9999 -9999 -9999 -9999 -9999 -9999 -9999 -9999 -9999 -9999 -9999 -9999 -9999 -9999 -9999 -9999 -9999 -9999 -9999 -9999 -9999 -9999 -9999 -9999 -9999 -9999 -9999 -9999 -9999 -9999 -9999 -9999 -9999 -9999 -9999 -9999 -9999 -9999 -9999 -9999 -9999 -9999 -9999 -9999 -9999 -9999 -9999 -9999
-9999 -9999 -9999 -9999 -9999 -9999 -9999 -9999 -9999 -9999 -9999 -9999 -9999 -9999 -9999 -9999 -9999 -9999 -9999 -9999 -9999 -9999 -9999 -9999 -9999 -9999 -9999 -9999 -9999 -9999 -9999 -9999 -9999 -9999 -9999 -9999 -9999 -9999 -9999 -9999 -9999 -9999 -9999 -9999 -9999 -9999 -9999 -9999 -9999 -9999 -9999 -9999 -9999 -9999 -9999 -9999 -9999 -9999 -9999 -9999 -9999 -9999 -9999 -9999 -9999 -9999 -9999 -9999 -9999 -9999 -9999 -9999 -9999 -9999 -9999 -9999 -9999 -9999 -9999 -9999 -9999 -9999 -9999 -9999 -9999 -9999 -9999 -9999
270 271 -9999 -9999 -9999 -9999 -9999 -9999 -9999 -9999 -9999 -9999 -9999 -9999 -9999 -9999 -9999 -9999 -9999 -9999 -9999 -9999 -9999 -9999 -9999 -9999 -9999 -9999 -9999 -9999 -9999 -9999 -9999 -9999 -9999 -9999 -9999 -9999 -9999 -9999 -9999 -9999 -9999 -9999 -9999 -9999 -9999 -9999 -9999 -9999 -9999 -9999 -9999 -9999 -9999 -9999 -9999 -9999 -9999 -9999 -9999 -9999 -9999 -9999 -9999 -9999 -9999 -9999 -9999 -9999 -9999 -9999 -9999 -9999 -9999 -9999 -9999 -9999 -9999 -9999 -9999 -9999 -9999 -9999 -9999 -9999 -9999 -9999
270 270 271 271 271 272 272 272 -9999 -9999 -9999 -9999 -9999 -9999 -9999 -9999 -9999 -9999 -9999 -9999 -9999 -9999 -9999 -9999 -9999 -9999 -9999 -9999 -9999 -9999 -9999 -9999 -9999 -9999 -9999 -9999 -9999 -9999 -9999 -9999 -9999 -9999 -9999 -9999 -9999 -9999 -9999 -9999 -9999 -9999 -9999 -9999 -9999 -9999 -9999 -9999 -9999 -9999 -9999 -9999 -9999 -9999 -9999 -9999 -9999 -9999 -9999 -9999 -9999 -9999 -9999 -9999 -9999 -9999 -9999 -9999 -9999 -9999 -9999 -9999 -9999 -9999 -9999 -9999 -9999 -9999 -9999 -9999
270 270 270 271 272 271 271 271 272 -9999 -9999 -9999 -9999 -9999 -9999 -9999 -9999 -9999 -9999 -9999 -9999 -9999 -9999 -9999 -9999 -9999 -9999 273 273 -9999 -9999 -9999 -9999 -9999 -9999 -9999 -9999 -9999 -9999 -9999 -9999 -9999 -9999 -9999 -9999 -9999 -9999 -9999 -9999 -9999 -9999 -9999 -9999 -9999 -9999 -9999 -9999 -9999 -9999 -9999 -9999 -9999 -9999 -9999 -9999 -9999 -9999 -9999 -9999 -9999 -9999 -9999 -9999 -9999 -9999 -9999 -9999 -9999 -9999 -9999 -9999 -9999 -9999 -9999 -9999 -9999 -9999 -9999
270 269 270 270 271 271 270 270 271 271 272 -9999 -9999 -9999 -9999 -9999 -9999 -9999 -9999 -9999 -9999 -9999 -9999 -9999 -9999 -9999 -9999 -9999 273 -9999 -9999 -9999 -9999 -9999 -9999 -9999 -9999 -9999 -9999 -9999 -9999 -9999 -9999 -9999 -9999 -9999 -9999 275 276 276 276 276 277 277 -9999 -9999 -9999 -9999 -9999 -9999 -9999 -9999 -9999 -9999 -9999 -9999 -9999 -9999 -9999 -9999 -9999 -9999 -9999 -9999 -9999 -9999 -9999 -9999 -9999 -9999 -9999 -9999 -9999 -9999 -9999 -9999 -9999 -9999
269 268 267 268 270 271 270 267 268 271 271 273 272 -9999 272 273 272 272 273 -9999 -9999 -9999 -9999 -9999 -9999 -9999 -9999 -9999 273 273 -9999 -9999 -9999 -9999 -9999 -9999 -9999 -9999 -9999 -9999 -9999 -9999 -9999 -9999 -9999 -9999 -9999 275 275 276 275 276 276 277 276 -9999 -9999 -9999 -9999 -9999 -9999 -9999 -9999 -9999 -9999 -9999 -9999 -9999 -9999 -9999 -9999 -9999 -9999 -9999 -9999 -9999 -9999 -9999 -9999 -9999 -9999 -9999 -9999 -9999 -9999 -9999 -9999 -9999
267 270 266 265 269 269 270 268 266 268 270 267 271 272 272 272 273 273 272 273 -9999 274 273 274 273 274 -9999 -9999 273 273 273 -9999 -9999 -9999 -9999 -9999 -9999 -9999 -9999 -9999 -9999 -9999 275 275 275 275 275 276 275 275 276 277 277 277 277 277 277 -9999 -9999 -9999 -9999 -9999 -9999 -9999 -9999 -9999 -9999 -9999 -9999 -9999 -9999 -9999 -9999 -9999 -9999 -9999 -9999 -9999 -9999 -9999 -9999 -9999 -9999 -9999 -9999 -9999 -9999 -9999
268 264 262 260 260 268 267 264 261 264 266 269 271 272 272 272 272 272 273 273 272 273 273 273 273 273 -9999 -9999 274 273 274 273 274 -9999 -9999 -9999 -9999 -9999 -9999 -9999 -9999 -9999 -9999 275 275 276 276 275 275 275 277 276 277 277 277 277 277 277 -9999 -9999 -9999 -9999 -9999 -9999 -9999 -9999 -9999 -9999 -9999 -9999 -9999 -9999 -9999 -9999 -9999 -9999 -9999 -9999 -9999 -9999 -9999 -9999 -9999 -9999 -9999 -9999 -9999 -9999
269 267 264 258 260 265 267 266 261 260 268 270 268 265 265 272 272 272 272 273 272 272 272 273 273 273 273 273 273 273 273 273 273 274 -9999 -9999 -9999 -9999 -9999 -9999 -9999 -9999 -9999 275 275 275 275 276 276 274 275 275 277 276 277 277 278 278 278 -9999 -9999 -9999 -9999 -9999 -9999 -9999 -9999 -9999 -9999 -9999 -9999 -9999 -9999 -9999 -9999 -9999 -9999 -9999 -9999 -9999 -9999 -9999 -9999 -9999 -9999 -9999 -9999 -9999
269 269 269 266 258 266 263 265 258 257 267 269 266 263 258 265 269 272 272 272 269 271 272 270 271 273 270 273 273 272 272 273 273 272 273 -9999 -9999 -9999 -9999 -9999 -9999 -9999 275 275 275 276 276 276 274 274 273 274 273 272 275 277 277 278 278 278 278 278 278 278 278 -9999 -9999 -9999 -9999 -9999 -9999 -9999 -9999 -9999 -9999 -9999 -9999 -9999 -9999 -9999 -9999 -9999 -9999 -9999 -9999 -9999 -9999 -9999
268 268 268 269 263 262 260 262 258 259 264 265 267 264 254 260 271 271 271 269 271 270 271 267 272 272 264 271 272 273 272 270 270 272 273 272 273 273 273 274 274 275 274 275 275 275 275 275 274 274 275 274 273 269 269 277 277 277 278 278 279 278 278 278 278 279 279 279 278 -9999 -9999 -9999 -9999 -9999 -9999 -9999 -9999 -9999 -9999 -9999 -9999 -9999 -9999 -9999 -9999 -9999 -9999 -9999
269 269 267 269 269 268 259 260 260 258 261 260 255 262 258 255 265 272 272 266 271 266 267 260 271 271 267 269 271 272 269 265 267 272 272 272 271 273 273 274 274 275 275 275 275 275 275 276 275 275 275 276 276 276 277 277 277 277 278 278 278 278 278 279 279 279 279 279 279 279 279 -9999 -9999 -9999 -9999 -9999 -9999 -9999 -9999 -9999 -9999 -9999 -9999 -9999 -9999 -9999 -9999 -9999
268 269 267 267 269 269 266 260 259 258 258 259 256 254 264 267 271 271 271 270 264 263 262 260 266 263 263 261 266 270 268 259 270 272 272 270 271 273 273 272 273 274 274 275 275 275 276 274 275 275 275 275 274 277 277 276 275 276 277 277 277 278 279 278 278 278 278 278 278 279 279 279 279 -9999 -9999 -9999 -9999 -9999 -9999 -9999 -9999 -9999 -9999 -9999 -9999 -9999 -9999 -9999
268 268 268 267 267 267 269 267 258 258 257 257 256 256 255 267 266 259 269 268 270 271 258 261 260 257 253 251 257 267 269 258 270 267 268 270 271 273 272 272 272 273 274 274 275 274 275 275 275 275 274 275 276 275 274 275 275 278 277 276 277 277 277 277 278 278 278 278 278 279 279 279 279 279 279 279 -9999 -9999 -9999 -9999 -9999 -9999 -9999 -9999 -9999 -9999 -9999 -9999
268 267 267 268 266 265 268 268 266 259 259 258 258 257 252 261 260 253 260 263 260 270 269 254 252 253 251 247 253 263 265 257 263 260 267 270 272 272 272 273 271 269 271 274 274 274 274 274 273 274 274 274 274 272 266 271 276 277 276 275 277 277 277 277 277 277 278 278 278 279 278 278 278 279 279 279 279 -9999 -9999 -9999 -9999 -9999 -9999 -9999 -9999 -9999 -9999 -9999
267 267 267 266 266 263 263 265 267 268 264 258 257 255 254 253 253 251 252 258 251 250 268 262 258 251 249 246 249 255 256 257 257 257 268 269 271 271 272 272 271 271 271 273 275 274 273 272 272 274 274 274 271 268 268 273 276 276 272 268 272 276 276 276 277 277 278 277 278 278 278 277 277 278 278 279 278 279 279 -9999 -9999 -9999 -9999 -9999 -9999 -9999 -9999 -9999
265 266 266 264 261 259 258 266 267 264 265 266 260 257 257 254 253 252 251 252 251 251 249 250 250 250 251 243 245 243 245 244 248 254 268 272 270 262 271 271 268 267 271 274 271 273 273 272 273 275 275 273 271 266 274 276 275 272 271 269 272 274 274 276 276 277 276 277 277 277 277 275 276 276 277 279 278 278 279 279 -9999 -9999 -9999 -9999 -9999 -9999 -9999 -9999
264 265 267 260 259 255 259 264 266 264 262 265 266 264 260 255 253 252 249 250 251 250 249 251 250 249 249 248 242 241 243 242 247 261 265 266 265 267 271 268 266 270 271 272 268 272 271 271 273 273 273 270 271 272 274 275 275 270 262 261 251 267 273 276 276 276 275 275 276 275 275 275 272 275 276 278 278 278 279 280 279 -9999 -9999 -9999 -9999 -9999 -9999 -9999
263 264 264 262 258 256 262 263 265 263 262 264 266 267 267 265 266 265 261 259 254 256 249 249 248 246 246 244 243 243 243 243 242 258 262 255 249 261 270 260 260 270 272 271 267 263 271 272 271 270 268 262 266 268 264 263 270 273 265 257 249 257 263 273 275 276 274 271 272 274 273 273 273 272 273 276 278 278 278 279 280 279 -9999 -9999 -9999 -9999 -9999 -9999
260 264 263 261 257 253 257 263 263 264 261 263 264 264 266 264 264 264 263 262 264 261 257 251 246 245 244 244 244 244 244 243 241 240 245 245 258 269 268 257 252 264 272 271 266 257 269 267 267 264 263 264 262 258 257 250 251 262 269 264 249 251 264 272 274 275 271 271 273 272 274 274 274 274 272 274 277 279 278 277 279 280 279 -9999 -9999 -9999 -9999 -9999
257 259 255 257 257 253 258 262 261 261 261 262 262 263 266 264 262 261 262 260 260 262 258 256 251 245 244 250 243 246 245 243 243 241 240 250 254 261 262 260 259 254 263 269 270 263 263 260 259 264 264 266 266 257 266 262 252 242 249 258 239 251 265 269 268 274 271 272 274 274 274 274 274 274 274 273 275 277 278 278 280 280 280 280 280 -9999 -9999 -9999
253 252 252 253 253 257 260 260 261 261 260 261 261 261 261 264 263 262 264 262 259 258 255 256 254 254 258 258 261 264 257 256 243 242 256 260 263 252 252 249 246 245 264 259 258 253 243 250 255 252 264 267 266 262 266 265 262 258 249 242 248 246 256 260 261 270 270 274 273 273 275 274 275 276 274 273 273 277 277 278 277 280 280 279 279 280 -9999 -9999
253 255 254 254 256 258 260 260 259 260 260 261 261 259 260 264 263 264 265 265 261 262 258 255 257 254 251 263 265 264 265 264 257 253 260 264 263 255 262 260 256 241 248 246 250 255 245 248 257 251 258 263 269 267 268 264 266 262 252 248 255 259 259 262 257 272 273 271 271 270 275 275 274 275 275 275 275 274 277 277 278 277 279 279 279 280 280 -9999
255 259 259 254 259 259 260 259 259 259 259 260 260 257 259 259 260 257 266 265 264 265 264 257 256 259 255 252 266 267 266 266 258 259 265 266 264 258 267 265 260 249 255 248 253 262 255 246 258 260 254 266 267 268 265 262 256 257 252 259 259 263 267 262 254 261 269 269 271 272 274 275 276 274 275 275 275 275 276 276 277 279 279 280 279 279 280 -9999
258 260 258 256 260 261 261 261 259 254 258 259 259 258 259 258 261 264 266 267 265 263 260 258 253 254 260 252 252 267 267 267 267 266 267 266 262 265 267 266 253 250 260 250 255 265 259 261 266 263 252 260 269 267 268 265 262 263 264 262 267 266 269 264 258 254 269 271 271 275 275 276 276 276 276 276 276 276 274 276 276 279 278 278 279 279 279 280
260 262 259 260 261 261 262 261 260 253 257 257 256 254 256 258 261 266 265 268 267 265 254 262 260 251 266 266 257 264 266 268 268 268 268 267 266 268 268 264 258 261 262 258 262 267 262 264 267 258 264 265 269 267 255 263 267 266 262 266 269 268 269 270 263 248 258 266 261 273 274 274 276 275 276 276 276 276 275 275 275 277 279 278 279 279 279 279
261 262 261 262 261 262 262 261 261 255 253 252 256 255 260 264 265 264 266 267 267 266 259 261 264 258 266 267 261 258 263 268 269 269 268 265 266 268 267 264 254 266 266 263 266 268 261 262 267 262 268 269 270 267 259 267 269 268 264 268 270 270 270 266 259 248 249 263 257 263 273 274 275 276 273 272 276 276 275 275 274 276 277 278 277 279 279 279
258 263 262 262 260 261 262 262 260 252 253 252 261 263 264 260 265 266 267 268 268 267 260 262 266 256 267 268 267 267 267 267 265 270 270 269 268 268 268 267 258 263 266 268 269 264 262 266 268 266 264 269 270 265 261 268 270 267 267 270 271 271 269 268 263 259 248 253 265 263 270 274 276 273 266 275 276 277 276 276 276 276 275 278 277 280 280 280
257 261 263 260 255 258 263 262 260 255 254 258 263 265 265 266 264 268 268 268 269 268 261 265 267 260 267 268 268 269 268 267 268 267 270 270 270 270 262 267 265 267 266 263 268 270 255 265 269 267 270 271 269 262 260 268 269 266 268 271 271 270 267 268 265 266 255 256 267 255 268 274 275 273 261 266 275 275 278 276 277 277 276 278 277 278 280 280
263 264 264 261 255 250 262 263 260 258 260 260 264 264 265 267 267 265 268 269 270 270 269 261 266 268 269 269 269 269 269 269 270 269 266 270 270 270 270 266 256 266 268 267 270 270 264 262 270 271 270 266 268 255 262 269 270 267 268 271 271 270 267 269 270 267 258 269 270 270 273 274 274 272 263 270 272 271 277 278 277 278 278 280 280 280 280 280
262 264 266 264 260 262 259 265 260 262 265 262 263 265 266 267 266 268 264 268 268 270 270 267 268 268 269 270 270 271 271 270 271 269 269 269 270 271 270 271 268 267 269 268 270 271 270 269 269 271 270 265 265 267 267 270 269 267 266 272 270 270 269 271 271 266 258 256 267 268 270 276 275 268 257 261 271 274 275 276 278 278 280 279 280 280 280 280
