inst/testdata/Hispaniola_WorldClim/snv_20.asc
ncols         743
nrows         319
xllcorner     -74.500956448335
yllcorner     17.448920549066
cellsize      0.0083333333333333
NODATA_value  -9999
[rows 156 to 194 of 319, columns 352 to 439 of 743]
585 584 601 653 595 565 578 649 901 989 1132 1188 1100 890 765 752 734 676 650 663 658 641 626 611 566 547 537 511 494 476 468 459 448 434 426 411 415 411 416 405 413 408 407 407 409 411 406 405 411 421 431 449 500 454 430 663 913 603 519 483 487 454 550 758 667 630 603 563 497 532 552 458 551 492 512 643 676 730 764 772 930 1043 1005 966 807 1083 1330 1265
760 768 709 788 688 680 632 618 668 797 1036 1263 1342 1365 1195 1031 898 809 694 693 688 668 687 642 613 573 556 535 525 494 479 466 452 442 431 422 415 407 400 400 400 402 403 398 401 400 394 401 408 415 411 420 457 424 426 506 564 605 596 643 500 481 621 677 773 843 786 725 649 506 590 479 611 599 652 670 746 748 854 893 901 1026 953 965 1128 930 1097 1049
1023 1047 1010 1009 829 803 655 654 656 712 784 873 980 1025 1165 1276 1308 1097 820 771 801 775 707 653 620 635 589 561 540 507 510 491 470 456 440 433 423 414 397 401 401 397 396 395 392 389 390 393 396 400 399 432 429 403 421 474 533 558 595 563 440 487 625 724 831 757 707 583 514 491 439 516 524 618 626 705 839 894 961 928 966 857 876 921 897 1067 1020 1113
916 1051 1131 1148 1013 806 722 724 710 708 728 788 866 870 1034 1080 1084 1069 909 918 1037 854 801 738 718 717 658 579 548 550 544 511 508 487 471 445 434 420 404 392 391 390 392 391 385 387 382 386 386 387 408 417 415 393 442 435 481 550 613 548 433 448 533 602 711 770 584 550 524 459 588 767 612 609 691 786 818 821 860 748 786 710 752 896 763 891 851 1087
700 736 786 852 848 854 846 733 741 844 882 983 1012 1073 1038 1083 1065 1104 1070 1142 1189 1035 1064 1021 957 878 780 699 649 592 588 558 520 500 490 472 465 432 414 404 386 380 377 384 381 379 376 388 380 394 400 403 401 388 424 459 498 541 572 528 442 411 516 568 651 688 586 582 459 419 502 581 522 558 643 728 747 779 685 630 596 616 626 664 733 825 964 946
627 637 655 675 687 706 750 758 905 1017 1190 1298 1276 1178 1183 1223 1295 1286 1267 1281 1316 1254 1207 1191 1004 1113 991 841 746 668 615 577 545 513 485 477 463 475 450 417 425 394 381 371 380 373 372 368 382 384 390 391 374 385 422 446 441 512 557 536 442 397 520 499 596 537 522 461 409 427 525 545 494 527 639 639 628 593 561 576 757 840 835 777 665 776 765 896
641 649 655 669 676 726 741 788 903 1090 1273 1463 1477 1536 1415 1379 1518 1539 1363 1372 1436 1392 1351 1350 1241 1102 1158 904 836 743 701 676 579 531 522 502 544 464 441 469 444 427 405 383 366 368 372 364 362 376 375 374 362 395 386 420 411 471 497 587 468 390 479 564 494 572 515 425 399 453 571 642 520 531 547 589 530 589 684 691 831 957 1099 996 852 676 728 736
683 734 762 678 694 700 731 823 1062 1238 1441 1657 1655 1625 1474 1427 1424 1415 1425 1378 1442 1470 1449 1421 1418 1278 1178 1113 1059 969 873 780 699 565 614 597 533 481 487 462 433 410 401 399 408 378 358 362 356 370 359 370 362 376 359 372 405 429 454 505 495 396 386 425 468 518 486 408 394 477 602 562 579 554 516 515 616 672 711 773 813 913 979 1357 1081 934 897 962
799 834 833 697 725 731 752 895 1097 1260 1400 1392 1420 1386 1428 1343 1363 1297 1191 1316 1466 1473 1498 1467 1516 1379 1256 1181 1263 1440 1364 1169 806 755 652 603 581 548 500 489 450 424 413 411 394 392 404 378 361 349 346 348 344 339 335 360 382 394 415 449 511 418 386 389 419 425 419 386 428 469 598 537 535 481 498 526 589 700 645 789 897 1276 1172 1251 1511 1091 1316 1068
792 833 765 752 752 729 741 833 945 1131 1189 1219 1244 1283 1291 1291 1152 1125 1045 1111 1252 1350 1299 1389 1507 1451 1328 1281 1148 1104 1095 944 779 722 668 617 569 543 501 473 474 445 433 465 415 420 385 379 379 370 360 377 396 347 337 331 363 371 395 408 456 646 479 386 386 386 386 395 452 486 447 456 466 568 495 533 639 665 854 767 842 1005 1110 1293 1442 1421 1458 1034
789 866 849 843 812 781 764 811 813 908 981 972 1009 1129 1134 1072 968 947 959 977 1114 1149 1114 1153 1413 1528 1397 1267 1188 1067 989 910 877 752 748 633 671 660 545 498 475 458 460 476 463 448 439 424 411 387 368 416 387 343 335 337 357 353 371 377 473 568 410 386 386 386 386 397 405 417 430 695 516 482 511 517 577 710 787 882 914 988 1119 1187 1260 1443 1443 1350
723 754 760 787 804 862 836 839 817 824 868 884 917 974 929 914 879 890 901 894 886 939 1033 1149 1204 1290 1397 1286 1275 1191 1069 1054 986 947 885 773 730 653 697 579 517 465 447 438 431 431 425 432 407 388 396 396 379 368 326 321 352 339 355 382 397 386 386 386 403 402 408 432 483 447 469 448 545 601 567 538 607 634 700 762 827 870 896 1051 1188 1485 1425 1575
784 783 797 815 828 862 875 889 840 869 903 959 983 935 893 877 855 829 825 827 830 887 882 883 933 1145 1273 1300 1313 1280 1194 1181 1198 1092 889 682 602 595 546 553 579 590 600 532 435 425 421 421 404 397 424 427 429 379 391 374 319 318 345 369 350 369 333 441 478 429 405 407 381 424 427 400 432 484 704 657 616 694 672 825 891 940 1185 1112 1222 1343 1482 1507
854 895 890 928 891 905 922 885 861 877 1003 1066 1045 977 1052 1028 999 967 858 782 774 778 814 792 797 899 1058 1199 1141 1201 1257 1162 1170 970 836 627 581 594 537 518 499 481 470 460 436 451 511 495 440 426 424 422 431 406 399 375 338 327 350 296 352 386 326 369 459 431 383 364 361 368 373 384 424 431 462 514 615 587 728 761 827 955 1023 1171 1303 1430 1562 1735
1010 1027 1124 1087 1052 1014 990 906 991 902 919 1021 1006 982 1065 1084 1014 862 839 1042 901 784 739 729 751 800 831 834 913 949 1100 1068 1008 840 684 624 645 646 599 557 540 509 469 448 538 585 717 679 611 517 486 474 445 417 409 369 402 309 309 295 305 318 319 387 374 414 370 343 352 352 356 368 408 418 429 491 552 571 633 855 949 985 984 1060 1166 1431 1491 1658
1321 1370 1424 1394 1346 1198 1170 1039 1001 991 1005 981 973 947 934 902 881 991 1073 1087 1037 942 824 780 710 793 731 736 758 783 798 747 775 708 721 746 700 619 640 615 647 565 492 494 637 739 725 693 656 494 753 625 606 580 394 525 460 435 355 296 314 309 324 346 332 351 401 332 361 399 393 419 422 404 433 450 492 681 808 907 805 992 907 961 1137 1214 1470 1466
1563 1666 1580 1509 1621 1419 1359 1316 1151 1056 1069 1030 1020 997 965 942 954 901 949 1017 1005 1032 895 790 795 694 681 691 707 698 721 736 736 796 807 776 741 696 718 615 637 484 536 574 739 662 687 712 677 701 595 534 609 431 608 778 701 470 328 286 289 286 377 309 333 355 394 320 319 342 372 406 496 470 443 438 494 660 848 736 860 957 869 1107 1134 1208 1364 1541
1846 1847 1860 1829 1712 1691 1578 1576 1367 1388 1261 1150 1107 1043 998 977 955 936 1069 1198 1086 908 811 782 751 710 688 661 664 660 649 652 667 690 704 665 773 756 722 627 546 487 560 665 690 679 602 590 582 608 650 721 588 591 738 573 511 631 457 349 303 281 379 286 327 383 360 297 310 330 354 393 443 550 476 412 444 608 603 522 737 782 784 1057 980 1184 1304 1432
2038 2006 2097 2070 1953 1900 1776 1747 1542 1608 1514 1296 1209 1149 1102 1077 1043 1012 1130 1338 1324 1031 849 749 750 727 696 707 660 655 645 624 617 654 649 617 616 619 601 555 531 492 541 580 686 576 570 575 586 583 588 664 598 700 772 644 642 784 635 424 341 282 283 270 316 309 285 309 353 361 359 462 564 808 512 422 379 572 582 527 625 563 667 730 765 909 1147 1593
1507 1528 1931 1955 2094 2094 2090 1826 1774 1838 1630 1570 1431 1367 1321 1260 1286 1254 1191 1248 1025 933 916 857 812 775 745 696 711 672 632 621 607 618 603 672 595 581 649 547 507 610 521 526 538 559 596 598 621 612 769 836 600 785 771 569 628 730 543 408 404 361 264 259 275 306 274 291 342 543 400 493 755 695 760 466 374 551 450 487 582 557 584 642 759 994 1352 1445
1109 1304 1413 1556 1914 2252 2114 2128 1981 1970 1837 1741 1613 1604 1537 1485 1412 1250 1128 1168 970 901 906 1114 957 852 787 758 734 691 688 635 624 628 592 589 554 546 589 559 581 555 624 681 590 676 719 639 725 671 764 687 742 730 790 653 643 601 560 596 500 485 388 254 256 252 274 344 332 380 406 438 580 559 513 428 394 540 448 478 441 525 505 603 731 1090 1325 1434
945 969 1198 1449 1851 1805 2092 2020 2040 2069 2027 1925 1587 1766 1824 1755 1518 1258 1275 1203 1002 963 878 952 1193 1124 1026 872 755 719 759 666 639 609 584 565 551 545 534 524 658 620 584 618 611 687 767 715 825 710 792 824 760 712 637 760 748 580 623 482 461 435 412 344 250 247 244 324 322 311 498 603 647 529 379 360 359 443 407 399 583 727 600 559 611 812 887 1246
884 997 960 1184 1385 1544 1876 1470 1577 1451 1630 1589 1530 1287 1483 1479 1627 1518 1556 1652 1479 1227 1097 962 1021 1137 1245 1062 928 814 708 741 776 835 762 696 681 654 655 526 488 602 561 550 529 583 655 800 803 786 686 648 686 607 624 600 620 621 526 523 409 367 421 343 274 240 238 236 483 302 444 704 569 509 329 317 350 365 363 387 436 508 673 722 878 892 1086 1192
620 1047 1387 1271 1254 1550 1583 1470 1258 1126 1322 1194 1269 1142 1275 1339 1551 1663 1655 1479 1610 1560 1438 1252 1104 1106 1120 1305 1208 999 868 669 612 598 635 606 622 555 498 461 464 451 437 552 500 612 585 588 612 616 695 571 671 531 601 514 600 549 439 497 471 398 453 350 270 256 238 229 253 267 372 484 473 502 298 309 326 336 354 374 589 602 598 661 780 887 950 1141
913 666 1082 1655 1564 1604 1363 1122 990 1042 1214 1010 1064 1059 943 1163 1379 1479 1510 1333 1685 1697 1735 1561 1414 1428 1244 1237 1204 1227 965 872 713 664 584 564 521 503 536 472 419 398 419 417 427 531 534 559 587 618 574 561 529 560 502 485 561 486 469 442 400 322 314 368 315 268 240 228 244 394 293 306 435 528 287 300 311 360 369 410 489 436 507 497 519 657 841 1191
502 803 1285 1493 1575 1375 1452 1182 1061 837 927 814 1103 1176 908 872 1074 1107 1170 1136 1427 1628 1705 1615 1569 1641 1477 1428 1131 1007 1044 1069 858 751 661 649 579 521 465 436 417 398 371 379 388 422 426 448 483 589 547 530 564 510 533 458 411 397 406 390 360 398 467 367 344 308 229 220 228 270 254 265 267 269 290 308 313 352 338 405 347 363 432 397 431 541 728 792
482 664 1047 1310 1416 1081 1294 1453 1264 1099 874 810 1072 1128 883 808 706 964 863 807 1028 1419 1294 1294 1262 1449 1370 1115 1104 1055 831 1021 1047 926 866 842 787 701 582 524 445 392 368 356 466 449 442 486 466 486 598 611 691 628 612 505 531 480 519 438 469 454 488 374 292 427 307 215 217 216 229 297 242 267 317 399 335 341 296 289 315 389 390 465 611 694 724 699
363 559 766 819 971 1277 895 1007 1171 1259 1061 797 797 1270 1228 1136 812 746 771 652 1125 1290 1015 1024 1082 1127 968 940 801 717 749 1072 1231 1144 1033 984 907 871 736 586 496 397 365 341 408 434 525 476 442 553 546 636 674 629 627 611 747 697 575 549 553 468 382 375 354 400 500 391 286 204 214 219 257 302 309 306 327 282 298 281 287 330 322 426 393 552 451 581
411 521 532 708 763 837 982 831 883 1126 1168 868 723 785 1216 1308 998 586 536 546 722 931 776 766 686 648 611 696 564 651 835 1127 1135 1173 1121 929 993 1011 861 734 582 462 392 412 374 426 487 470 487 629 782 620 839 765 703 690 747 796 713 592 663 575 494 426 384 486 370 524 387 218 205 234 277 347 329 351 354 315 273 266 263 283 293 307 322 339 534 427
694 898 745 641 650 728 782 977 640 726 965 867 671 569 786 1075 1080 972 574 586 519 700 590 665 492 490 360 547 800 1038 1053 910 1013 1130 1216 1127 864 1033 853 750 663 510 311 437 339 458 509 463 531 540 569 597 776 932 891 805 733 738 761 743 794 704 669 554 506 440 346 344 444 290 197 223 261 287 311 362 396 343 304 255 252 267 273 274 281 310 349 353
649 632 737 669 577 581 686 771 746 475 646 879 754 545 571 960 1032 795 594 393 550 527 485 503 431 492 310 691 739 775 769 832 917 985 1095 982 822 798 703 650 595 535 437 332 309 444 367 449 400 422 476 547 653 694 748 708 711 597 561 585 624 814 769 628 645 586 430 327 284 283 196 266 247 285 333 390 376 364 313 256 240 246 252 248 252 258 308 317
504 422 597 621 684 663 493 528 716 569 581 745 579 617 366 676 801 773 663 420 640 661 529 339 458 296 297 402 426 578 635 646 835 723 909 907 821 650 758 619 513 422 353 289 258 265 289 304 308 364 401 539 435 572 534 447 482 470 473 540 437 549 578 614 620 591 534 335 263 244 186 231 244 314 376 337 310 332 297 244 232 253 239 227 229 234 277 342
225 546 359 504 586 635 635 597 403 581 531 588 454 435 410 435 620 558 514 388 511 391 456 296 331 213 223 238 337 275 388 472 594 568 768 676 725 649 612 470 417 369 329 280 247 244 257 262 276 304 309 320 337 331 360 344 317 343 348 382 353 315 396 319 396 427 491 426 286 216 181 224 254 337 318 323 300 286 259 248 218 246 266 225 215 243 294 386
144 218 180 305 422 514 505 510 387 311 290 375 324 280 214 302 326 384 257 548 551 417 262 255 217 177 154 158 136 160 226 258 315 406 545 504 514 402 443 371 347 323 263 282 240 228 230 240 250 272 264 265 287 285 306 293 286 309 263 267 198 248 184 139 157 289 333 285 275 206 178 228 279 346 308 265 250 240 233 261 201 236 231 210 210 247 300 354
60 74 102 183 182 306 268 318 279 260 296 308 201 210 178 185 199 257 272 338 321 355 301 181 163 127 113 100 77 95 91 117 181 271 210 285 240 260 346 366 354 397 254 215 260 217 210 216 224 228 231 242 260 253 304 256 241 286 197 217 155 188 140 154 179 146 207 168 180 185 192 244 356 293 278 239 238 217 205 212 182 232 201 197 221 255 318 264
6 40 97 70 76 104 139 112 198 171 166 161 118 131 137 138 118 199 161 150 165 166 153 88 73 80 75 65 45 42 27 46 61 106 118 179 174 208 173 128 136 209 184 161 228 212 209 205 202 197 211 221 247 257 286 216 195 193 178 180 145 146 159 141 189 157 193 162 178 205 205 252 344 292 242 230 219 197 185 203 192 170 191 236 231 311 231 279
-33 -19 7 73 43 116 105 74 71 94 98 99 71 92 97 88 85 122 124 103 88 133 155 202 109 34 43 39 23 15 10 11 13 19 45 78 96 143 137 95 176 125 123 129 289 243 220 188 186 183 192 203 223 229 276 245 188 176 163 154 158 124 127 123 148 239 157 170 185 205 239 312 324 266 230 212 195 178 170 171 157 159 209 262 281 314 229 285
-42 -42 -35 -25 -11 4 7 15 17 21 41 36 46 59 60 50 59 79 82 67 40 30 160 166 34 10 18 17 11 6 7 8 8 11 13 36 57 78 74 66 81 106 94 142 313 265 220 188 168 176 214 217 200 265 241 189 179 165 152 138 135 152 108 156 183 192 207 210 210 246 258 314 305 275 246 253 261 233 198 154 144 179 201 223 218 317 199 243
-42 -42 -42 -42 -42 -34 -30 -25 -25 -26 -14 1 15 21 23 23 26 44 42 33 10 8 7 4 8 7 6 8 9 6 9 7 6 8 12 12 16 25 39 49 68 92 100 143 211 294 244 213 196 168 245 232 278 245 261 222 172 135 159 134 123 144 109 128 157 173 176 197 232 259 333 320 271 260 235 225 225 209 180 158 137 173 182 195 187 200 200 200
