inst/testdata/Hispaniola_WorldClim/snv_10.asc
ncols         743
nrows         319
xllcorner     -74.500956448335
yllcorner     17.448920549066
cellsize      0.0083333333333333
NODATA_value  -9999
[rows 117 to 155 of 319, columns 528 to 615 of 743]
277 277 274 273 273 276 276 274 274 274 275 275 275 274 274 274 274 273 273 273 273 274 273 273 273 273 273 273 273 273 273 273 273 273 273 273 273 273 273 273 273 273 274 273 273 273 273 273 273 273 273 273 274 273 274 274 -9999 -9999 -9999 -9999 -9999 -9999 -9999 -9999 -9999 -9999 -9999 -9999 -9999 -9999 -9999 -9999 -9999 -9999 -9999 -9999 -9999 -9999 -9999 -9999 -9999 -9999 -9999 -9999 -9999 -9999 -9999 -9999
273 272 272 271 270 273 272 273 270 270 269 268 269 270 267 267 267 269 271 273 273 273 273 273 273 273 273 273 273 273 273 273 273 273 273 273 273 273 273 273 273 273 273 273 273 273 273 273 273 273 273 273 273 273 273 274 -9999 -9999 -9999 -9999 -9999 -9999 -9999 -9999 -9999 -9999 -9999 -9999 -9999 -9999 -9999 -9999 -9999 -9999 -9999 -9999 -9999 -9999 -9999 -9999 -9999 -9999 -9999 -9999 -9999 -9999 -9999 -9999
274 273 270 270 271 271 270 270 270 269 268 267 268 268 268 267 267 267 267 273 273 269 268 268 268 268 267 269 273 273 273 273 273 273 273 273 273 273 273 273 273 273 273 273 273 273 273 273 273 273 273 273 273 273 272 -9999 -9999 -9999 -9999 -9999 -9999 -9999 -9999 -9999 -9999 -9999 -9999 -9999 -9999 -9999 -9999 -9999 -9999 -9999 -9999 -9999 -9999 -9999 -9999 -9999 -9999 -9999 -9999 -9999 -9999 -9999 -9999 -9999
276 272 270 269 269 271 270 271 270 269 268 267 267 268 268 267 267 267 265 266 273 273 273 267 267 266 268 268 266 266 268 269 269 269 271 270 269 269 270 273 273 273 273 273 273 273 273 273 273 273 273 273 273 272 273 -9999 -9999 -9999 -9999 -9999 -9999 -9999 -9999 -9999 -9999 -9999 -9999 -9999 -9999 -9999 -9999 -9999 -9999 -9999 -9999 -9999 -9999 -9999 -9999 -9999 -9999 271 272 -9999 -9999 -9999 -9999 -9999
276 274 274 270 270 269 269 269 270 269 268 268 267 267 268 268 266 266 265 266 265 265 273 273 273 265 265 267 266 265 266 265 266 263 266 266 266 266 266 269 268 267 270 273 271 273 273 271 274 273 271 269 271 270 269 -9999 -9999 -9999 -9999 -9999 -9999 -9999 -9999 -9999 -9999 -9999 -9999 -9999 -9999 -9999 -9999 -9999 -9999 -9999 -9999 -9999 -9999 -9999 -9999 271 271 271 271 271 271 -9999 -9999 -9999
275 275 272 272 270 270 269 270 271 271 269 268 268 269 269 269 267 266 266 265 265 266 265 269 268 264 264 264 265 265 264 264 264 265 265 264 264 265 264 264 264 264 265 265 267 266 266 267 266 266 269 268 268 267 269 272 -9999 -9999 -9999 -9999 -9999 -9999 -9999 273 272 273 -9999 -9999 -9999 -9999 272 273 272 -9999 -9999 -9999 -9999 -9999 -9999 271 271 271 271 271 270 271 -9999 -9999
275 275 272 271 270 269 268 267 269 270 269 268 272 272 269 268 269 269 267 266 265 264 264 272 264 264 264 263 264 265 264 264 263 262 264 264 264 263 262 264 263 263 264 264 264 264 264 264 266 265 265 265 267 266 267 268 273 271 271 273 273 269 268 268 269 269 270 270 271 267 266 269 271 272 272 272 272 -9999 -9999 271 271 271 271 271 271 271 -9999 -9999
275 275 273 272 271 269 268 268 268 268 269 272 272 268 269 271 271 269 266 266 266 264 265 272 264 263 263 264 263 263 263 263 263 263 262 263 263 262 262 262 263 262 262 262 263 264 263 263 264 264 263 265 267 266 266 265 266 267 266 265 264 266 265 265 265 265 266 266 270 268 265 266 266 268 268 269 269 272 271 271 271 271 271 271 271 271 -9999 -9999
274 274 274 273 272 270 268 268 268 269 272 272 272 268 270 270 270 270 267 266 268 266 268 272 264 263 263 263 262 262 263 262 263 263 262 262 261 262 261 262 263 261 261 262 262 263 263 263 263 263 263 264 265 268 265 264 264 265 265 265 263 263 263 265 264 264 263 264 264 263 262 263 263 263 265 264 268 271 271 271 271 271 270 270 270 271 271 -9999
274 274 274 274 273 270 269 268 269 269 272 272 272 271 271 270 269 269 269 264 264 265 272 272 263 262 261 261 262 261 261 261 261 261 261 261 261 261 260 260 261 261 260 260 260 261 262 262 262 262 263 264 264 262 263 264 263 263 263 262 261 262 263 264 263 263 263 262 262 263 263 262 263 264 265 265 266 269 271 271 271 270 270 270 270 271 271 271
274 274 274 273 273 272 269 269 268 271 271 271 267 270 271 271 270 267 265 264 264 265 271 272 262 262 262 260 261 261 260 260 260 261 261 260 260 260 260 259 259 259 260 260 260 260 260 261 261 262 263 263 263 263 262 261 261 263 262 260 261 262 263 263 263 262 262 262 260 262 261 262 262 262 264 266 263 265 264 264 271 270 270 270 270 271 271 271
273 273 274 273 273 270 269 268 269 269 269 269 270 269 270 270 269 269 267 266 266 271 272 272 263 261 261 261 261 260 259 260 261 260 260 259 260 258 258 258 258 258 259 259 260 259 260 261 260 261 261 262 263 261 261 260 260 260 260 260 259 261 262 261 262 261 261 262 261 262 260 260 262 263 264 266 265 262 264 265 267 270 270 269 270 269 270 270
273 273 273 273 273 272 269 268 268 269 269 269 269 269 269 270 266 268 265 266 270 272 272 270 262 262 262 261 260 260 259 260 261 259 258 260 259 258 258 257 257 258 258 258 258 259 259 260 260 261 260 259 260 262 259 260 259 259 258 259 259 260 260 260 259 260 259 261 261 261 261 260 261 263 263 263 263 265 266 266 266 270 270 270 270 269 268 267
273 272 272 270 273 273 270 267 266 268 268 269 269 269 269 269 267 266 265 266 272 272 272 268 265 263 262 261 260 260 261 260 260 259 259 258 258 257 257 257 256 257 258 258 257 258 258 259 258 257 258 258 259 260 259 257 258 258 259 259 259 258 259 259 259 259 259 260 262 263 261 261 261 261 263 263 264 264 263 265 266 267 267 269 270 270 269 267
272 272 272 270 272 272 270 269 263 265 266 267 269 269 270 268 267 266 266 268 272 272 271 271 266 266 263 262 260 261 261 259 259 258 258 258 257 257 257 256 257 256 257 256 256 257 257 257 257 257 256 256 257 258 257 256 256 256 257 259 257 258 259 258 258 258 259 259 260 260 261 260 259 261 261 263 264 263 264 266 264 264 264 269 270 270 270 268
272 271 271 271 272 272 271 268 266 261 266 268 268 269 268 268 267 265 267 272 272 272 270 271 271 265 262 261 261 260 258 259 258 257 258 256 256 256 255 255 255 255 255 256 257 257 256 256 256 256 255 256 256 257 256 255 255 254 256 257 257 256 258 258 257 257 257 258 259 259 259 261 261 261 261 262 262 260 261 263 266 268 268 269 270 270 270 269
271 271 271 272 272 271 270 268 265 254 261 267 268 268 268 268 266 266 270 271 271 271 269 267 266 267 262 262 260 260 260 258 258 258 257 256 256 256 256 255 255 255 255 255 256 257 256 255 256 256 255 254 255 254 255 253 254 253 256 255 256 256 256 256 256 256 258 257 258 258 257 259 261 260 260 260 261 259 257 265 268 269 270 270 270 270 270 269
269 270 271 272 271 270 270 267 259 250 252 263 267 267 267 267 266 267 269 270 270 271 271 264 265 263 262 264 262 260 258 257 257 257 257 257 255 256 256 255 255 253 255 255 255 256 257 256 255 255 254 255 255 255 254 252 252 253 255 255 255 254 256 256 256 256 256 256 257 258 258 258 260 259 260 260 260 260 260 264 268 269 270 270 270 269 270 269
268 270 271 271 269 266 269 268 266 255 251 262 267 267 265 266 267 268 266 264 271 269 267 266 263 264 262 262 263 258 258 257 258 258 256 256 255 255 255 255 254 254 255 255 255 255 256 255 254 253 253 253 254 254 253 253 252 253 253 253 254 254 254 254 255 256 255 255 256 258 258 257 258 259 259 259 259 260 263 266 269 269 270 269 269 269 269 269
267 270 271 269 261 256 267 267 256 242 255 264 267 266 264 265 266 268 270 268 271 271 269 269 267 264 263 260 260 258 258 258 258 257 257 256 256 255 255 255 255 254 255 253 255 255 255 255 255 254 253 253 254 254 254 252 252 252 252 253 253 253 254 253 254 254 255 255 255 255 256 256 256 258 258 256 258 266 267 268 269 269 267 268 269 269 269 269
270 270 271 270 264 257 254 265 251 236 248 259 265 266 263 265 266 264 270 269 271 271 270 269 265 261 262 260 259 261 258 258 257 257 257 257 256 255 254 256 256 254 254 254 254 254 255 254 254 254 253 253 254 253 253 252 252 252 252 252 252 253 253 254 253 254 254 255 254 255 255 256 255 257 257 257 258 266 258 266 268 268 261 268 269 269 268 269
270 270 270 269 267 266 261 258 254 247 242 252 262 263 263 263 264 266 269 269 270 270 270 269 269 261 261 261 260 259 259 258 257 256 256 256 255 256 256 255 255 255 254 255 254 254 254 254 254 255 254 253 253 253 253 252 252 252 252 251 252 252 252 252 253 253 253 253 253 254 255 255 256 256 256 256 257 263 257 264 268 267 263 267 269 269 268 269
269 270 270 270 267 267 260 255 255 252 247 247 252 260 262 262 261 264 265 271 271 269 267 269 269 260 262 263 261 260 259 259 257 256 256 256 255 255 255 257 258 254 256 255 254 255 254 255 254 254 254 254 254 253 253 252 252 252 252 251 252 252 252 252 252 252 252 253 253 254 254 253 256 255 255 255 256 257 257 257 267 267 264 267 268 268 268 268
268 268 269 270 267 267 263 254 251 255 253 254 259 258 260 267 262 266 268 270 269 267 262 267 266 263 263 263 262 259 258 258 258 258 257 256 256 255 256 255 259 256 256 255 255 254 255 255 255 255 253 255 254 254 253 253 253 253 252 252 251 253 252 251 251 252 254 253 252 254 253 253 255 255 255 255 255 256 256 256 256 257 256 266 267 268 268 267
266 268 268 269 269 262 265 262 258 253 249 254 260 262 264 268 267 268 268 270 264 259 259 261 259 263 261 261 262 261 258 258 260 263 259 257 258 254 257 258 257 257 257 256 256 256 254 256 255 255 255 256 256 255 254 253 252 253 252 252 252 252 252 252 252 253 253 252 253 253 253 253 252 254 254 254 255 255 256 255 255 256 256 261 266 267 267 266
267 268 268 269 268 267 265 263 257 253 250 262 264 266 268 268 269 268 270 268 263 256 257 257 260 259 258 258 263 263 262 259 262 262 261 261 255 254 257 259 260 258 257 257 257 257 257 256 256 256 255 255 256 258 255 254 254 253 252 253 252 254 255 254 254 253 253 252 253 252 253 253 253 253 253 253 254 254 256 255 255 254 256 255 256 259 266 264
267 264 266 268 267 268 266 263 262 255 253 258 265 266 268 269 268 270 268 268 267 259 258 260 265 263 262 260 263 261 260 262 263 264 262 261 255 258 258 258 261 260 258 258 258 258 257 256 254 256 257 256 260 259 259 257 256 254 254 255 256 259 259 254 254 252 253 252 252 252 252 252 252 251 252 253 253 254 254 253 254 253 253 255 255 255 262 263
265 265 267 262 265 266 265 266 265 263 263 259 264 266 266 267 268 269 268 267 260 251 255 256 263 268 268 262 265 264 264 265 259 259 259 256 254 256 259 259 261 264 258 259 259 258 258 257 257 257 259 259 260 258 260 259 259 259 259 259 259 259 254 254 253 252 252 250 247 250 251 249 252 253 253 253 253 254 254 253 253 253 253 253 253 253 254 259
265 266 264 262 265 264 260 260 263 266 266 260 262 265 267 267 268 268 267 267 261 254 260 261 268 268 258 264 263 264 263 263 260 257 256 255 252 254 256 260 258 263 258 259 260 259 259 258 257 258 259 259 261 259 260 260 260 260 259 260 260 257 254 254 254 253 253 249 248 252 252 252 253 252 253 253 253 253 253 252 252 252 252 253 253 253 252 252
261 259 260 260 263 264 263 261 260 267 267 266 263 266 266 267 267 267 266 264 257 255 258 261 269 267 260 255 253 262 261 258 253 258 257 256 250 251 256 258 260 263 259 260 261 260 260 261 259 258 259 261 261 260 260 260 259 260 260 259 259 257 256 255 254 253 253 253 253 253 254 253 253 253 253 252 253 253 253 252 251 253 252 253 254 253 253 252
260 261 262 262 261 263 266 267 265 263 267 267 265 266 266 267 266 263 259 262 260 257 263 265 268 268 268 261 254 258 258 252 244 253 251 253 255 260 258 258 264 268 265 263 261 261 262 262 260 260 260 261 262 260 260 260 258 260 260 259 257 256 258 256 255 256 254 256 255 254 254 254 254 254 254 252 252 253 252 253 252 253 254 255 255 254 251 253
259 261 262 260 262 266 266 267 263 267 268 268 268 267 267 267 263 261 263 265 265 259 265 267 268 270 268 264 258 252 257 252 256 251 245 250 256 258 266 268 268 270 267 267 262 263 265 265 259 261 261 262 262 262 261 258 255 259 261 260 258 257 257 257 256 256 255 255 255 254 254 254 254 254 254 253 253 253 254 253 246 252 255 256 256 256 255 254
252 255 260 255 255 260 267 268 267 268 268 269 271 270 269 268 262 263 266 265 266 266 265 266 268 269 270 263 262 258 258 252 266 264 255 257 258 263 266 269 270 270 269 269 266 265 268 268 263 261 260 261 264 263 262 257 258 261 261 261 260 258 261 260 256 255 256 255 255 256 255 256 255 254 255 255 254 254 254 253 252 248 255 256 257 256 255 254
258 261 259 259 256 266 266 269 269 270 269 270 270 271 270 269 267 267 268 268 267 267 268 268 269 268 270 267 261 264 268 256 263 269 267 263 266 266 268 270 270 270 270 270 267 266 269 267 262 262 259 263 265 263 262 261 260 262 262 262 262 261 260 259 259 257 256 256 258 257 258 256 255 255 256 257 256 255 255 256 254 252 253 255 256 255 255 260
263 263 263 262 264 267 268 268 270 270 268 268 267 269 269 270 270 268 268 269 267 268 268 269 270 270 270 268 268 268 268 267 267 269 268 268 267 269 268 270 270 271 270 266 266 268 269 269 265 264 264 265 265 263 264 264 260 262 263 263 263 262 261 258 258 258 257 258 259 260 259 259 258 257 258 257 257 256 256 256 257 256 256 256 256 255 256 257
265 265 266 267 267 265 267 269 268 267 265 266 267 266 268 270 268 268 268 269 268 269 269 270 270 270 269 270 270 269 270 267 269 270 270 269 269 269 268 268 271 269 267 263 267 270 269 267 265 267 264 266 266 264 266 264 262 261 264 264 264 264 262 259 261 261 260 259 260 260 260 259 260 259 258 257 258 257 257 258 257 258 254 254 255 255 255 254
266 266 267 269 268 267 268 269 267 267 265 262 267 262 267 271 271 271 271 269 270 270 270 270 271 270 271 270 270 270 270 269 270 271 270 270 270 270 270 269 271 272 271 271 271 268 266 264 265 267 266 266 267 266 263 258 256 260 266 265 265 265 263 264 262 261 259 261 260 259 261 261 260 261 261 260 259 257 262 259 257 255 253 255 256 256 250 249
264 260 265 266 263 266 267 266 267 267 265 265 270 266 267 265 271 271 271 271 271 270 271 270 271 270 270 270 271 270 270 271 271 271 271 271 270 270 271 269 271 271 271 271 269 268 266 269 268 269 268 266 267 269 267 264 264 257 268 266 267 266 264 264 266 262 261 259 257 258 259 262 261 261 259 258 257 257 262 260 255 259 257 261 256 255 257 260
263 265 267 267 263 261 266 266 267 266 264 265 270 270 270 270 271 272 271 271 271 270 271 271 271 270 271 271 271 271 271 271 271 271 271 271 271 272 272 271 271 272 271 272 271 265 265 268 270 270 270 268 270 268 269 268 265 267 268 268 268 267 266 265 266 260 259 256 255 257 259 261 262 260 256 257 256 261 263 259 255 260 260 261 260 259 260 261
