inst/testdata/Hispaniola_WorldClim/snv_6.asc
ncols         743
nrows         319
xllcorner     -74.500956448335
yllcorner     17.448920549066
cellsize      0.0083333333333333
NODATA_value  -9999
[rows 78 to 116 of 319, columns 264 to 351 of 743]
151 151 148 145 135 134 137 127 135 147 152 164 164 139 136 139 133 131 147 161 169 173 175 175 174 175 173 175 166 161 159 159 150 156 160 159 162 157 159 158 155 155 150 144 147 152 152 151 153 151 147 152 152 138 149 164 170 175 176 176 173 173 173 173 174 173 174 176 177 176 177 177 177 178 178 177 177 177 177 175 174 169 166 161 157 153 165 166
153 153 152 150 144 138 138 131 133 139 152 164 162 163 149 150 131 128 134 156 163 166 173 173 175 176 173 170 175 173 172 155 152 164 161 162 163 160 159 159 158 157 154 149 148 153 151 153 149 139 144 136 134 123 136 149 154 169 172 175 171 171 173 173 174 174 175 175 176 176 176 177 176 177 178 175 177 177 176 175 174 172 171 167 157 162 162 167
155 155 153 151 134 135 135 139 140 139 157 163 163 163 163 155 138 134 133 150 166 168 173 174 167 166 175 174 174 174 174 164 165 162 154 159 157 152 148 153 158 155 156 155 153 154 152 151 148 134 120 118 140 135 133 144 149 155 161 161 167 171 172 173 173 174 175 175 175 175 175 176 175 177 177 175 175 176 175 175 174 173 172 172 171 168 166 167
155 155 155 153 147 140 139 138 143 141 155 163 164 164 163 161 144 138 137 147 162 168 169 172 167 157 165 173 171 164 172 174 166 159 152 152 153 149 145 140 152 150 153 156 155 154 154 152 148 145 143 123 127 141 133 135 142 144 147 158 166 168 167 172 172 174 174 174 174 174 174 174 175 175 174 174 175 175 176 175 174 174 173 173 170 167 167 167
157 157 155 155 151 144 142 142 144 144 163 163 164 163 164 163 157 146 141 148 156 166 171 171 168 163 159 152 155 155 161 162 159 159 151 144 146 142 140 133 138 139 143 150 148 153 153 153 153 150 144 139 142 145 138 131 143 147 147 147 154 156 152 165 171 172 173 172 172 173 172 174 174 175 174 173 175 174 174 174 173 173 173 172 168 167 167 169
158 158 156 156 154 150 144 143 143 157 162 163 163 164 163 163 162 161 156 150 151 167 174 167 167 164 162 153 151 149 154 159 158 161 154 147 149 149 142 132 137 142 144 143 142 141 147 152 149 148 140 144 145 146 144 144 133 141 146 147 146 146 146 153 161 166 171 172 171 171 171 173 173 174 172 172 173 173 172 173 173 172 170 172 171 168 167 167
158 158 157 157 155 153 144 146 149 161 162 163 163 164 164 164 163 163 159 155 153 167 172 167 166 164 162 158 154 152 146 146 153 155 157 154 155 145 142 124 142 143 145 144 142 137 133 146 147 148 138 141 146 147 148 146 142 129 146 147 148 147 148 149 148 147 160 167 167 166 170 169 172 171 169 171 172 173 172 172 172 171 170 173 170 168 167 167
160 159 156 158 157 148 148 151 150 159 162 163 163 164 164 164 164 164 164 158 157 167 169 170 165 163 163 160 157 153 151 144 144 150 154 153 147 146 139 135 133 140 146 144 143 141 134 141 137 136 133 135 143 145 147 148 147 145 146 148 148 147 148 149 150 148 145 157 161 159 168 169 171 170 165 167 172 172 173 170 167 167 169 170 168 167 167 167
160 159 155 157 157 155 157 157 154 161 162 164 163 164 164 164 164 164 164 164 162 165 166 166 167 165 162 161 159 157 155 152 151 145 147 149 147 146 146 143 136 144 147 146 143 142 141 141 141 135 129 135 140 146 147 148 148 147 147 148 148 148 149 148 147 148 148 148 145 153 164 161 166 168 158 161 164 170 171 167 162 165 169 168 167 167 166 166
158 160 159 158 159 156 158 159 160 160 162 163 163 165 164 165 164 164 163 164 165 163 162 164 164 166 162 162 160 159 154 149 148 150 147 151 152 151 150 145 136 144 147 146 144 145 145 145 142 136 134 125 133 142 147 147 149 147 148 147 146 149 149 149 149 148 145 142 133 132 147 160 166 157 156 157 161 168 171 169 166 164 166 163 166 165 166 166
161 160 160 160 159 159 158 160 160 162 162 163 163 163 164 164 164 164 164 164 165 165 160 156 154 163 164 162 160 159 157 154 154 152 151 151 153 154 151 149 142 147 148 144 145 146 145 144 140 125 122 123 136 145 146 145 148 150 147 146 147 148 149 150 149 143 146 146 139 131 134 152 163 159 161 156 168 166 170 169 166 161 161 163 162 166 165 164
161 161 161 161 160 160 161 161 161 162 163 163 163 164 164 164 164 164 164 164 164 164 163 163 156 154 161 162 160 160 158 158 155 155 155 154 154 151 152 150 148 149 148 147 148 147 146 146 139 131 126 126 130 139 145 140 146 148 149 148 148 150 151 150 148 150 148 143 142 139 141 143 157 152 159 166 161 164 167 166 160 157 156 156 159 163 163 162
162 162 162 162 160 161 161 162 162 163 163 164 164 164 164 165 164 164 164 164 164 163 161 162 162 162 162 162 158 161 159 158 156 157 157 150 147 151 144 145 146 150 151 152 150 149 147 145 142 139 137 126 131 134 133 127 138 148 149 149 150 150 149 150 146 146 144 149 146 148 148 148 145 149 148 149 149 154 154 157 159 150 150 156 156 153 158 161
162 162 162 161 161 161 162 162 162 163 162 164 164 164 165 165 165 162 163 164 164 161 152 163 163 163 163 162 162 161 160 159 159 157 155 153 152 149 150 151 144 146 153 153 150 149 148 147 144 142 128 134 132 136 136 131 130 147 149 149 149 152 150 147 140 134 148 148 147 148 152 142 143 147 150 148 149 149 150 154 150 149 151 153 150 144 138 134
163 162 162 162 162 162 162 162 163 162 163 163 163 164 164 164 164 161 163 164 164 164 164 164 164 164 163 161 163 161 160 160 159 158 157 157 155 156 155 153 153 151 152 150 149 149 148 148 145 144 138 133 138 137 135 133 134 139 149 150 151 151 150 146 137 131 137 149 151 151 151 152 151 153 154 152 153 154 151 151 151 150 149 146 143 137 129 117
163 163 163 163 163 163 162 162 163 163 163 163 163 164 164 164 165 162 164 164 164 164 163 163 163 162 155 154 159 162 157 157 159 157 158 157 157 154 152 151 150 150 148 141 142 142 143 146 145 142 140 136 140 140 140 141 135 129 142 149 150 150 151 150 145 147 138 146 150 154 155 155 156 155 156 150 150 155 155 150 148 148 146 146 139 139 140 136
164 164 163 163 163 163 163 163 163 163 163 164 164 163 163 164 164 163 164 163 163 163 162 161 161 158 148 150 149 156 151 145 151 158 154 154 157 155 151 149 144 143 143 138 131 129 130 140 143 141 140 136 136 140 144 142 139 136 135 147 148 143 150 153 151 149 141 146 144 152 155 156 157 156 157 153 151 157 155 154 148 147 140 142 138 135 144 144
166 163 163 163 163 163 163 163 164 164 163 163 163 163 163 163 164 163 164 164 164 163 163 163 161 162 160 153 148 148 158 156 156 156 143 145 155 156 154 152 150 146 144 140 133 135 137 141 144 144 142 134 134 138 139 143 142 141 135 137 144 146 151 153 153 151 149 146 150 142 151 153 155 157 158 158 154 155 150 152 153 152 149 143 138 132 144 150
165 165 164 164 164 164 163 162 162 163 163 163 163 163 163 164 164 164 165 165 165 162 162 162 161 161 161 159 157 151 158 158 153 145 141 141 140 154 156 154 152 149 144 140 139 142 144 144 147 144 144 137 132 137 139 143 144 143 139 137 139 143 148 152 153 151 150 148 153 151 152 154 155 154 159 159 158 155 155 152 152 149 153 152 144 133 138 143
165 165 164 164 164 164 163 163 163 162 162 163 162 162 163 163 163 163 163 164 163 164 163 163 162 162 161 159 159 159 153 155 146 144 141 142 138 153 153 154 154 153 151 147 141 145 148 147 145 146 146 135 123 130 136 139 147 143 137 144 143 142 149 151 153 153 148 143 152 149 155 154 157 158 158 158 153 152 146 144 130 135 144 157 153 138 144 140
165 165 165 163 163 163 163 163 163 163 163 162 163 163 163 162 163 162 162 162 163 163 164 163 163 161 161 161 160 159 153 150 147 147 144 144 142 146 151 154 155 155 154 154 150 150 152 150 146 145 145 135 118 114 128 134 143 148 145 144 141 141 143 147 152 154 151 154 152 155 157 155 149 158 158 147 147 145 142 130 130 138 147 155 156 150 150 153
164 164 165 164 163 163 163 163 163 163 163 162 162 162 162 162 162 162 162 162 162 162 163 165 164 162 162 161 160 160 159 154 151 147 148 148 145 151 145 155 155 155 154 154 154 151 145 141 136 135 133 130 130 132 123 124 139 144 147 142 137 136 146 151 153 155 155 156 158 156 154 151 151 157 154 148 153 154 145 150 139 150 148 158 160 156 156 155
166 165 165 164 164 164 164 163 164 163 162 163 163 162 163 162 162 160 160 160 161 161 162 162 164 163 162 160 160 160 159 157 157 153 150 154 153 153 151 153 155 155 155 155 155 153 148 145 140 129 132 135 142 129 137 141 145 148 150 147 145 142 138 147 153 152 156 156 157 158 155 151 155 158 159 158 157 158 153 158 158 156 151 153 160 151 139 154
165 166 165 165 164 164 163 163 163 163 164 164 164 162 163 162 161 160 159 160 160 161 161 162 164 162 162 160 161 161 160 159 159 158 156 151 154 153 154 152 154 156 156 156 154 154 153 151 147 146 149 143 136 131 141 147 150 150 141 142 144 141 141 139 147 151 154 155 156 157 159 158 156 157 158 161 160 158 156 159 160 156 155 156 159 151 135 139
165 165 165 164 164 164 164 164 163 163 163 163 165 163 163 162 161 161 160 159 160 160 161 162 162 163 162 161 162 162 160 160 160 158 158 157 151 147 156 155 150 155 155 151 149 153 154 153 151 147 143 136 124 130 143 150 151 151 147 139 137 135 137 138 146 149 154 156 157 157 159 159 157 159 159 160 160 160 159 159 161 160 162 159 160 155 156 145
164 164 164 165 164 165 164 163 163 163 162 163 163 164 163 163 162 161 161 160 159 159 160 161 162 163 162 162 161 161 160 160 159 159 159 159 156 150 153 157 156 156 154 139 136 134 141 147 150 149 145 143 143 140 143 153 151 146 144 145 141 131 142 144 144 152 155 157 158 158 159 160 159 160 160 162 160 162 160 161 162 162 161 161 157 142 141 126
164 164 165 164 165 165 164 164 163 163 163 162 163 164 163 162 162 160 160 160 160 160 160 161 161 162 162 161 162 161 160 160 160 160 160 159 157 156 149 156 156 155 153 149 136 136 136 133 134 148 148 149 144 144 149 152 151 149 149 151 144 145 150 147 141 145 154 156 157 158 158 159 159 160 161 161 160 161 161 161 162 161 159 158 155 147 122 109
162 163 163 164 164 165 164 164 163 164 163 163 162 162 163 162 161 161 161 161 160 161 160 161 161 162 162 161 162 161 160 160 159 160 159 159 159 159 153 149 151 151 153 145 140 137 138 138 134 127 143 151 151 150 149 152 152 154 153 149 148 150 150 149 148 146 148 152 155 155 157 158 158 159 160 158 159 159 160 162 161 160 159 158 155 151 130 115
159 159 162 164 163 164 164 164 164 164 163 163 162 162 163 163 162 161 161 161 160 161 161 161 161 161 162 162 161 160 160 159 159 160 160 160 158 159 156 151 148 148 146 143 139 139 143 140 140 138 126 144 152 154 151 152 154 155 152 152 151 152 150 148 144 146 142 143 150 153 155 155 156 157 156 154 158 159 161 162 161 161 160 159 157 155 145 142
154 158 161 162 162 162 163 163 163 163 163 164 163 162 164 163 163 161 161 161 161 162 161 160 161 161 161 162 162 161 161 160 159 160 160 159 159 160 158 149 148 148 148 144 140 136 142 141 140 139 134 124 151 154 153 151 152 154 157 156 155 152 148 146 142 137 129 131 134 125 129 141 148 154 154 152 154 155 157 158 162 162 162 163 159 159 157 157
155 158 160 159 162 162 162 161 162 162 162 163 163 162 163 162 162 162 162 162 162 160 161 160 161 161 161 162 161 161 160 159 160 160 160 160 160 160 159 156 150 149 148 148 144 142 141 138 138 137 137 132 122 149 155 155 155 156 156 156 151 150 151 151 148 137 136 141 140 136 124 138 136 148 148 148 150 151 154 159 161 160 162 157 159 160 156 147
152 154 159 158 161 161 162 162 162 162 162 162 163 163 163 163 163 162 162 162 161 161 161 162 161 160 160 162 161 160 160 159 160 161 161 159 160 159 158 158 157 151 149 148 147 146 144 141 142 146 141 136 129 150 156 156 156 158 156 156 157 153 152 155 151 147 146 147 135 131 134 119 118 135 134 143 138 142 153 159 163 162 160 157 152 157 156 142
150 155 153 155 159 159 162 162 163 163 162 162 162 162 163 161 161 162 162 162 162 162 162 161 160 161 161 161 161 160 160 160 160 160 160 160 159 160 159 159 158 158 157 151 147 147 146 144 145 145 145 141 137 130 148 157 156 157 157 158 157 156 155 156 152 153 151 140 140 137 135 126 125 119 113 116 108 123 138 149 158 160 152 149 150 138 147 142
146 151 153 151 159 159 161 162 163 162 163 162 163 162 161 161 161 161 161 161 161 161 161 161 161 161 160 161 161 160 160 160 160 160 160 160 160 159 160 160 159 158 156 157 154 149 150 150 149 148 145 147 141 139 138 153 158 159 158 158 158 159 157 157 154 154 141 143 148 146 136 137 129 116 118 124 122 125 153 156 159 154 151 131 137 133 131 125
145 145 153 157 158 158 161 161 162 161 162 162 161 161 160 161 161 161 162 162 161 161 161 161 161 162 161 161 160 160 160 160 160 160 159 159 160 159 159 159 159 159 159 159 159 156 154 155 152 152 148 151 149 148 143 139 154 159 160 160 160 161 160 160 159 158 155 155 155 149 142 144 138 135 127 132 135 134 146 154 160 149 143 118 128 124 133 136
149 151 151 156 159 158 156 160 161 161 162 161 160 160 161 161 160 161 160 160 160 160 160 160 161 160 160 161 161 161 161 160 161 160 159 159 160 160 159 159 159 159 159 159 159 158 157 157 157 157 156 157 156 154 156 146 141 137 155 160 161 161 162 160 161 160 159 159 158 157 152 153 145 143 148 146 147 134 154 162 154 138 117 140 150 131 145 138
153 154 154 155 151 137 149 152 156 159 160 161 160 159 161 161 160 160 159 159 158 158 158 158 158 159 159 160 160 160 160 160 160 160 160 160 160 160 160 160 160 160 159 160 159 157 155 157 157 157 157 156 156 157 159 160 155 149 146 151 159 162 161 162 164 163 162 161 159 158 158 157 154 154 155 150 156 139 153 167 157 140 135 158 161 149 157 150
147 150 151 147 144 137 134 140 148 150 159 159 160 159 160 159 160 160 159 158 158 158 159 159 160 160 159 161 159 159 159 159 160 160 160 160 159 159 159 160 160 161 160 160 160 159 158 157 157 159 159 157 159 159 159 159 159 160 160 159 156 157 160 160 163 163 163 163 163 159 159 157 158 159 160 160 161 154 152 159 166 150 160 161 150 151 162 157
143 141 143 143 148 150 138 139 150 152 155 155 158 159 159 159 159 160 158 157 157 157 158 158 159 158 159 159 158 158 158 159 158 158 159 159 159 159 159 160 160 161 160 161 160 161 160 160 160 160 160 160 160 160 160 160 160 160 161 161 160 160 159 159 163 163 164 162 163 158 161 160 161 160 161 163 162 163 163 164 164 165 163 157 150 149 147 157
