inst/testdata/Hispaniola_WorldClim/snv_6.asc
ncols         743
nrows         319
xllcorner     -74.500956448335
yllcorner     17.448920549066
cellsize      0.0083333333333333
NODATA_value  -9999
[rows 117 to 155 of 319, columns 352 to 439 of 743]
136 155 157 157 156 149 134 130 116 99 106 95 96 91 84 82 81 86 104 116 104 93 76 82 86 79 72 66 79 93 98 99 97 108 96 86 84 78 82 82 77 81 76 76 65 56 54 49 34 22 19 30 31 43 43 50 53 56 68 80 86 90 89 98 88 100 87 75 63 56 55 55 64 72 76 77 86 88 84 71 90 99 107 99 92 92 79 78
133 116 132 136 145 152 147 136 121 103 97 86 93 93 86 78 86 87 93 98 93 79 75 76 83 77 71 70 80 98 95 112 106 103 91 75 74 63 73 76 67 68 66 70 68 66 66 56 35 23 25 15 11 23 26 26 40 57 71 76 73 78 79 90 97 90 94 91 77 65 68 65 55 57 60 65 70 66 66 79 86 96 90 91 90 90 78 69
127 112 114 118 126 132 135 127 119 108 112 105 101 104 101 91 96 84 85 83 78 81 81 71 77 72 73 79 86 87 89 114 113 92 83 66 61 58 59 71 62 59 61 67 63 61 62 59 51 38 35 26 16 33 37 39 45 57 67 59 46 59 76 89 91 72 86 88 86 81 78 70 66 65 50 54 58 61 69 79 88 77 74 80 82 82 81 69
139 134 131 133 122 119 126 133 126 121 115 110 111 110 109 102 105 103 98 88 85 88 81 74 70 71 77 76 76 76 83 100 106 103 87 83 74 80 61 48 45 58 63 65 60 56 52 57 55 51 44 36 27 36 42 47 51 61 55 50 47 56 67 83 82 71 76 77 83 67 58 54 50 54 53 40 54 57 63 60 72 69 57 66 72 72 71 80
143 141 141 140 132 145 135 139 132 117 108 115 119 117 116 109 106 111 116 99 107 101 102 81 75 77 87 92 74 86 91 99 113 105 107 89 86 84 74 67 52 42 56 58 53 49 42 45 45 46 40 30 21 34 39 44 48 56 39 40 60 73 78 83 79 70 60 67 77 77 62 52 40 39 42 39 43 48 53 53 56 54 53 58 60 69 66 78
152 153 149 149 143 137 134 124 113 106 107 113 120 115 106 100 105 109 111 115 121 122 112 105 109 84 86 103 90 79 88 98 116 113 101 98 93 77 62 58 40 44 51 54 48 43 39 36 35 28 31 13 13 28 35 38 47 45 29 32 49 63 67 74 74 70 63 55 66 65 64 55 45 42 48 58 57 58 66 63 59 56 57 70 77 82 84 84
156 128 135 131 120 110 120 102 90 83 86 106 110 85 83 75 80 92 100 95 97 104 109 120 118 97 92 107 85 76 86 96 113 120 109 96 83 70 53 42 38 44 46 47 53 51 47 42 35 34 26 16 15 25 27 38 44 35 26 30 46 57 60 57 67 74 70 59 54 53 54 53 40 39 48 60 68 72 77 83 88 70 74 73 85 87 96 111
114 139 122 105 97 90 106 101 89 89 102 113 112 88 98 74 69 87 98 81 77 88 91 105 129 124 112 112 83 80 89 98 101 117 124 108 89 67 59 57 60 59 51 44 53 55 51 43 43 42 37 29 20 12 23 32 32 31 22 36 46 49 53 55 52 54 65 66 50 32 36 43 40 38 46 60 62 66 72 73 81 89 90 91 92 97 103 107
131 135 123 118 112 100 95 101 104 112 113 127 118 115 120 93 86 92 98 98 73 71 68 98 98 114 127 119 99 83 90 99 114 125 113 99 82 81 71 70 70 69 58 46 52 51 44 46 50 47 41 35 27 18 23 21 21 21 28 32 34 37 42 57 56 45 47 61 49 39 20 19 26 33 42 55 55 54 57 65 78 79 89 94 95 99 96 100
140 143 124 131 125 118 122 118 118 131 133 129 117 109 101 98 107 110 107 102 94 91 88 72 82 93 106 125 126 122 97 109 134 131 98 89 91 89 73 77 78 69 55 48 56 62 52 52 54 46 42 39 33 22 25 26 22 28 27 24 20 22 40 50 52 35 23 36 44 39 15 2 10 12 32 44 47 49 58 69 78 86 91 96 95 84 85 91
153 152 150 150 133 141 138 128 131 142 135 133 120 110 91 83 97 109 109 107 106 94 91 86 67 75 81 88 106 124 138 135 125 120 112 111 102 98 89 84 78 68 64 60 53 63 65 56 50 40 41 46 36 29 30 32 33 34 36 35 31 16 28 45 48 35 23 20 33 34 21 4 -9999 0 22 29 41 38 54 70 79 82 76 83 90 82 80 85
155 155 154 152 152 145 142 135 139 147 135 121 107 95 77 70 74 84 105 110 96 84 74 69 63 68 71 79 84 98 113 134 124 110 90 98 85 87 81 76 70 66 73 71 63 72 68 59 52 46 51 54 43 32 31 35 36 41 43 42 34 30 24 41 36 24 8 1 3 15 17 17 13 3 9 7 22 39 47 65 75 80 75 74 82 83 73 74
157 156 155 154 152 153 147 141 132 142 133 118 98 82 79 66 69 72 90 109 96 105 95 84 75 73 71 79 90 87 97 118 133 127 111 91 88 81 82 75 90 83 73 78 71 75 67 57 55 46 53 58 48 37 29 34 39 42 45 44 35 22 11 22 24 11 -9999 -9999 -9999 3 19 25 26 28 23 13 11 26 39 59 69 72 67 66 82 84 70 69
158 157 157 156 151 155 152 148 143 150 154 128 114 106 105 95 93 92 96 115 97 119 114 106 90 82 85 91 93 85 84 113 141 127 107 108 93 95 90 101 98 97 92 80 74 76 67 46 42 53 61 62 59 44 32 34 39 44 47 46 38 28 15 17 16 22 19 5 -9999 2 13 29 29 41 31 29 29 35 45 54 57 59 59 63 73 74 66 65
158 159 157 154 157 157 155 153 152 152 152 146 132 131 135 134 124 118 119 134 88 93 100 103 98 99 102 84 95 106 100 112 132 143 127 120 111 104 112 99 87 75 80 84 81 79 72 65 56 58 65 65 58 51 46 32 37 42 49 48 41 38 28 23 30 33 29 10 4 18 26 32 28 44 35 39 43 47 60 45 42 55 58 66 64 66 61 58
158 157 158 158 158 160 156 155 154 156 154 152 140 143 144 139 132 130 136 135 115 104 100 107 110 111 123 120 119 116 121 122 138 143 131 137 123 123 82 86 76 67 74 73 69 66 64 65 58 61 63 67 62 51 48 36 39 45 47 52 50 43 31 36 39 44 26 18 7 17 35 44 45 52 46 51 58 61 57 40 33 43 51 52 58 62 60 62
159 158 158 160 159 158 157 157 157 156 155 152 145 148 150 146 144 146 146 135 125 117 112 116 98 92 99 106 121 115 115 132 144 140 131 112 101 93 81 72 74 65 64 62 61 57 46 56 59 66 69 66 60 58 55 39 38 41 49 57 55 47 38 32 41 51 47 33 21 10 26 28 37 53 66 66 71 70 62 47 33 27 42 51 56 62 66 65
161 162 161 161 160 159 159 158 155 145 142 151 152 152 151 149 149 150 137 133 132 134 127 127 93 99 102 108 120 130 121 113 139 139 129 128 103 83 64 72 68 59 62 64 57 52 42 47 63 68 73 60 44 46 47 38 37 43 50 56 55 49 49 38 45 58 52 42 26 13 17 21 33 39 55 64 73 67 64 59 34 30 43 53 57 57 61 67
161 163 163 161 160 160 161 159 151 149 149 145 154 153 154 152 152 149 146 133 142 136 140 123 124 123 130 131 125 134 120 121 143 147 139 129 106 91 80 89 81 80 71 75 70 62 53 40 49 54 67 65 47 46 41 23 28 42 40 41 63 71 60 60 67 66 61 38 31 32 44 49 50 62 68 75 74 69 56 51 39 34 46 37 46 60 68 56
163 162 163 161 160 160 160 159 158 157 145 154 155 155 154 154 155 154 152 150 148 151 144 133 123 121 128 134 143 141 131 135 132 149 139 139 119 110 92 98 103 90 75 83 88 80 67 45 31 50 61 77 66 52 44 29 28 33 26 39 57 72 71 70 70 78 67 49 28 41 58 69 75 80 70 55 68 66 59 49 33 30 31 33 53 69 81 63
164 164 162 163 161 161 162 160 159 158 158 156 156 156 156 155 156 154 154 154 152 151 147 138 136 138 135 139 142 146 145 144 145 149 146 145 131 113 121 115 119 118 85 89 98 84 71 52 35 54 55 75 84 69 52 51 45 30 28 44 60 69 82 84 90 90 77 55 34 39 52 75 83 69 62 49 51 55 49 37 35 34 44 49 57 70 84 77
165 164 163 163 163 162 161 160 160 158 158 155 157 158 157 158 157 156 154 153 151 151 151 140 132 139 139 144 146 147 147 148 149 150 148 144 142 135 136 139 130 113 107 105 97 84 78 63 57 54 57 69 90 75 71 69 55 35 43 60 61 69 78 84 106 93 89 58 46 49 59 72 86 66 53 47 48 53 56 51 52 47 57 69 64 74 78 89
165 165 162 162 163 163 163 161 160 160 160 159 160 159 159 157 158 155 155 151 149 148 143 135 133 136 142 143 142 141 147 148 150 151 149 148 148 146 146 113 124 121 108 114 102 94 83 68 77 78 67 71 88 100 86 71 54 38 40 57 77 79 71 80 91 107 91 70 56 66 79 90 77 64 64 57 54 56 64 64 67 62 66 72 80 83 81 87
165 164 165 163 163 162 164 162 162 161 160 160 160 159 159 159 158 157 154 152 151 141 141 136 134 134 139 142 143 143 143 143 143 151 151 150 149 147 136 120 108 96 99 99 103 98 88 72 79 88 98 86 84 108 100 76 56 54 40 52 77 86 79 81 85 107 114 89 91 75 81 94 84 74 67 64 58 56 61 69 73 79 85 88 93 92 91 95
165 165 165 164 163 163 163 164 162 161 162 161 160 160 160 159 158 157 156 155 148 142 138 138 135 137 140 144 145 142 142 141 140 143 153 152 151 148 144 134 119 107 104 98 94 93 88 75 75 88 105 107 103 111 109 88 82 72 53 45 69 92 95 83 98 113 123 105 110 102 99 91 75 58 50 51 47 44 55 66 65 67 80 84 89 94 102 105
166 166 165 165 165 165 164 164 162 163 161 162 161 160 160 158 157 157 155 151 146 143 131 135 135 141 143 149 146 138 138 135 139 150 151 153 152 150 151 141 126 116 121 105 98 106 106 98 81 80 95 111 121 123 112 100 89 78 68 66 76 89 106 91 82 102 121 117 97 95 86 74 63 52 52 58 52 46 62 78 84 93 76 84 85 85 95 106
166 166 165 165 165 164 164 163 164 163 161 162 161 161 158 157 156 155 153 152 146 143 142 139 141 147 146 149 144 140 141 142 144 146 147 154 153 153 151 150 128 136 133 118 103 115 116 114 99 90 93 100 115 126 108 96 85 78 74 89 93 105 115 107 95 115 131 102 94 74 72 66 46 51 66 72 59 55 63 68 76 88 97 96 95 87 97 106
165 165 165 165 165 164 164 164 164 162 163 162 162 162 161 160 159 155 154 151 147 145 143 144 141 148 149 150 144 139 142 148 146 147 150 150 155 155 153 152 143 128 123 129 116 116 125 119 103 103 97 113 124 126 99 89 83 80 76 80 77 91 106 116 127 132 106 100 82 69 57 59 67 69 78 81 72 65 67 68 73 83 94 103 103 99 104 111
164 164 164 163 164 163 163 163 162 162 163 161 162 162 161 160 157 156 154 153 148 148 144 146 147 152 153 149 140 136 148 148 148 147 151 153 156 156 155 153 142 136 126 135 131 128 131 135 111 107 111 116 127 131 121 100 91 79 86 92 90 89 107 124 131 122 104 100 81 79 70 62 73 86 89 94 86 77 80 74 75 88 91 103 105 114 116 117
163 164 163 163 163 163 162 162 162 161 161 161 161 161 161 160 159 159 158 153 155 147 148 149 152 152 153 152 136 144 150 152 150 151 153 155 157 156 156 155 148 141 131 137 137 138 133 125 117 123 108 110 110 132 141 115 111 105 101 97 101 81 83 107 127 131 117 109 98 93 84 76 77 83 90 103 101 92 88 84 83 92 98 100 111 118 104 88
162 163 163 163 163 162 160 162 161 161 161 160 160 161 161 159 160 159 159 158 153 150 149 151 153 154 156 155 147 147 153 153 152 152 152 154 154 157 156 156 151 151 146 135 142 134 129 126 130 115 119 123 117 119 137 122 124 118 100 104 110 97 88 98 116 129 130 121 113 106 89 91 91 86 95 105 112 93 89 78 79 95 98 106 109 111 99 79
160 162 160 162 162 161 159 159 158 159 159 160 159 159 159 160 159 158 158 157 153 152 154 151 156 156 156 156 154 155 154 156 155 155 155 155 155 157 157 157 156 154 149 145 149 133 138 128 123 123 132 124 123 122 141 142 136 125 117 112 129 107 98 97 112 134 121 110 106 102 90 98 103 109 108 122 111 106 95 73 76 78 88 99 126 120 102 87
159 159 158 159 159 160 160 159 156 156 156 156 158 158 158 158 157 158 157 156 154 155 155 156 157 157 156 157 158 157 156 157 157 156 156 158 158 159 159 158 158 158 155 155 153 147 144 133 125 131 138 130 131 137 137 145 135 129 130 129 131 120 114 119 131 142 119 105 93 93 93 93 106 108 120 131 109 91 98 92 81 83 87 101 116 123 99 79
160 159 158 157 159 159 160 157 158 156 155 155 155 155 157 157 156 156 155 155 155 154 155 156 157 157 158 158 158 159 158 157 159 157 158 158 158 159 159 159 159 158 157 157 156 154 146 133 140 150 142 141 141 141 144 143 136 136 135 134 132 128 131 139 143 130 118 111 101 113 101 103 101 94 121 130 110 110 104 93 87 83 93 118 122 96 81 71
162 160 158 158 158 157 158 157 156 154 154 154 154 153 155 155 155 155 155 154 155 155 155 156 157 157 158 158 159 159 159 160 158 159 159 160 160 160 160 159 159 159 158 158 157 156 155 143 147 151 154 153 151 147 149 145 143 142 145 140 136 128 137 150 138 117 105 112 118 122 114 110 106 102 113 129 133 118 112 104 95 94 92 113 115 97 74 50
160 158 157 156 157 156 157 156 155 154 151 150 152 152 151 151 152 153 153 153 153 153 155 155 156 157 157 158 158 159 159 159 160 160 160 159 160 160 160 160 160 161 159 159 159 157 156 155 153 156 156 155 155 150 150 146 147 146 145 138 131 134 135 148 146 129 122 112 128 128 127 127 114 118 111 114 134 127 126 119 132 125 125 127 119 90 56 55
159 158 153 151 155 154 152 153 152 150 151 148 149 149 148 148 149 151 151 150 152 152 154 154 154 156 156 156 158 159 159 159 160 160 160 161 160 160 160 160 161 161 161 160 159 159 159 159 155 156 157 157 154 156 151 148 149 147 145 139 140 142 143 152 133 127 136 117 119 133 136 128 139 123 127 134 137 136 135 132 133 125 120 116 97 72 70 77
157 156 154 147 148 153 152 150 147 146 146 144 146 145 146 147 147 145 145 148 150 151 151 152 153 154 155 156 157 158 159 160 160 160 160 161 161 161 162 161 161 161 161 161 160 161 160 159 158 158 158 158 150 157 155 154 151 147 145 140 144 145 148 152 129 133 136 131 123 130 140 147 141 142 119 137 134 128 123 131 131 121 107 94 90 72 83 87
150 152 148 146 148 151 146 141 138 134 136 133 134 137 142 144 140 142 143 143 145 147 148 149 150 152 153 155 156 158 158 158 160 160 160 161 161 161 162 162 162 162 162 163 161 161 161 161 160 159 159 156 155 156 158 142 125 137 143 144 150 151 154 143 136 140 141 142 138 132 146 149 153 148 144 132 122 116 116 117 115 123 128 109 96 107 97 78
