inst/testdata/Hispaniola_WorldClim/snv_20.asc
ncols         743
nrows         319
xllcorner     -74.500956448335
yllcorner     17.448920549066
cellsize      0.0083333333333333
NODATA_value  -9999
[rows 78 to 116 of 319, columns 528 to 615 of 743]
107 86 92 91 47 47 45 39 37 33 29 27 22 21 19 13 16 25 13 12 11 7 12 12 5 6 8 -9999 -9999 -9999 -9999 -9999 -9999 -9999 -9999 -9999 -9999 -9999 -9999 -9999 -9999 -9999 -9999 -9999 -9999 -9999 -9999 -9999 -9999 -9999 -9999 -9999 -9999 -9999 -9999 -9999 -9999 -9999 -9999 -9999 -9999 -9999 -9999 -9999 -9999 -9999 -9999 -9999 -9999 -9999 -9999 -9999 -9999 -9999 -9999 -9999 -9999 -9999 -9999 -9999 -9999 -9999 -9999 -9999 -9999 -9999 -9999 -9999
89 71 37 44 43 42 31 32 33 38 31 29 24 18 18 24 20 15 11 12 10 10 10 8 7 8 8 -9999 -9999 -9999 -9999 -9999 -9999 -9999 -9999 -9999 -9999 -9999 -9999 -9999 -9999 -9999 -9999 -9999 -9999 -9999 -9999 -9999 -9999 -9999 -9999 -9999 -9999 -9999 -9999 -9999 -9999 -9999 -9999 -9999 -9999 -9999 -9999 -9999 -9999 -9999 -9999 -9999 -9999 -9999 -9999 -9999 -9999 -9999 -9999 -9999 -9999 -9999 -9999 -9999 -9999 -9999 -9999 -9999 -9999 -9999 -9999 -9999
116 61 79 84 72 35 29 24 31 22 18 20 29 23 23 21 19 13 10 16 15 8 10 10 11 7 9 13 -9999 -9999 -9999 -9999 -9999 -9999 -9999 -9999 -9999 -9999 -9999 -9999 -9999 -9999 -9999 -9999 -9999 -9999 -9999 -9999 -9999 -9999 -9999 -9999 -9999 -9999 -9999 -9999 -9999 -9999 -9999 -9999 -9999 -9999 -9999 -9999 -9999 -9999 -9999 -9999 -9999 -9999 -9999 -9999 -9999 -9999 -9999 -9999 -9999 -9999 -9999 -9999 -9999 -9999 -9999 -9999 -9999 -9999 -9999 -9999
93 66 57 126 106 77 67 27 34 30 26 25 28 28 41 28 16 21 15 22 15 13 9 19 17 14 6 5 -9999 -9999 -9999 -9999 -9999 -9999 -9999 -9999 -9999 -9999 -9999 -9999 -9999 -9999 -9999 -9999 -9999 -9999 -9999 -9999 -9999 -9999 -9999 -9999 -9999 -9999 -9999 -9999 -9999 -9999 -9999 -9999 -9999 -9999 -9999 -9999 -9999 -9999 -9999 -9999 -9999 -9999 -9999 -9999 -9999 -9999 -9999 -9999 -9999 -9999 -9999 -9999 -9999 -9999 -9999 -9999 -9999 -9999 -9999 -9999
88 79 67 123 111 120 64 40 36 26 20 18 31 19 48 37 30 15 14 25 22 23 32 30 26 25 13 8 12 -9999 -9999 -9999 -9999 -9999 -9999 -9999 -9999 -9999 -9999 -9999 -9999 -9999 -9999 -9999 -9999 -9999 -9999 -9999 -9999 -9999 -9999 -9999 -9999 -9999 -9999 -9999 -9999 -9999 -9999 -9999 -9999 -9999 -9999 -9999 -9999 -9999 -9999 -9999 -9999 -9999 -9999 -9999 -9999 -9999 -9999 -9999 -9999 -9999 -9999 -9999 -9999 -9999 -9999 -9999 -9999 -9999 -9999 -9999
108 99 93 139 125 142 68 44 51 41 44 29 26 38 31 31 18 22 23 27 36 31 24 30 27 24 20 11 15 -9999 -9999 -9999 -9999 -9999 -9999 -9999 -9999 -9999 -9999 -9999 -9999 -9999 -9999 -9999 -9999 -9999 -9999 -9999 -9999 -9999 -9999 -9999 -9999 -9999 -9999 -9999 -9999 -9999 -9999 -9999 -9999 -9999 -9999 -9999 -9999 -9999 -9999 -9999 -9999 -9999 -9999 -9999 -9999 -9999 -9999 -9999 -9999 -9999 -9999 -9999 -9999 -9999 -9999 -9999 -9999 -9999 -9999 -9999
139 129 87 121 116 133 105 71 60 46 46 46 47 24 19 21 24 29 46 44 51 38 33 32 40 30 29 22 22 13 -9999 -9999 -9999 -9999 -9999 -9999 -9999 -9999 -9999 -9999 -9999 -9999 -9999 -9999 -9999 -9999 -9999 -9999 -9999 -9999 -9999 -9999 -9999 -9999 -9999 -9999 -9999 -9999 -9999 -9999 -9999 -9999 -9999 -9999 -9999 -9999 -9999 -9999 -9999 -9999 -9999 -9999 -9999 -9999 -9999 -9999 -9999 -9999 -9999 -9999 -9999 -9999 -9999 -9999 -9999 -9999 -9999 -9999
160 147 115 109 89 113 80 103 71 82 57 49 30 25 23 23 26 47 36 58 61 68 65 61 45 47 41 29 22 19 -9999 -9999 -9999 -9999 -9999 -9999 -9999 -9999 -9999 -9999 -9999 -9999 -9999 -9999 -9999 -9999 -9999 -9999 -9999 -9999 -9999 -9999 -9999 -9999 -9999 -9999 -9999 -9999 -9999 -9999 -9999 -9999 -9999 -9999 -9999 -9999 -9999 -9999 -9999 -9999 -9999 -9999 -9999 -9999 -9999 -9999 -9999 -9999 -9999 -9999 -9999 -9999 -9999 -9999 -9999 -9999 -9999 -9999
266 138 148 107 80 110 99 131 99 50 50 44 40 44 34 33 46 44 41 50 67 60 65 62 68 71 73 45 27 12 8 -9999 -9999 -9999 -9999 -9999 -9999 -9999 -9999 -9999 -9999 -9999 -9999 -9999 -9999 -9999 -9999 -9999 -9999 -9999 -9999 -9999 -9999 -9999 -9999 -9999 -9999 -9999 -9999 -9999 -9999 -9999 -9999 -9999 -9999 -9999 -9999 -9999 -9999 -9999 -9999 -9999 -9999 -9999 -9999 -9999 -9999 -9999 -9999 -9999 -9999 -9999 -9999 -9999 -9999 -9999 -9999 -9999
292 279 153 117 140 99 92 107 112 66 59 56 67 44 29 26 64 59 45 65 74 44 63 62 86 69 69 68 39 17 7 -9999 -9999 -9999 -9999 -9999 -9999 -9999 -9999 -9999 -9999 -9999 -9999 -9999 -9999 -9999 -9999 -9999 -9999 -9999 -9999 -9999 -9999 -9999 -9999 -9999 -9999 -9999 -9999 -9999 -9999 -9999 -9999 -9999 -9999 -9999 -9999 -9999 -9999 -9999 -9999 -9999 -9999 -9999 -9999 -9999 -9999 -9999 -9999 -9999 -9999 -9999 -9999 -9999 -9999 -9999 -9999 -9999
353 343 280 149 115 99 81 82 72 97 98 64 38 62 30 33 64 53 57 80 67 64 69 66 96 81 79 79 51 20 6 -9999 -9999 -9999 -9999 -9999 -9999 -9999 -9999 -9999 -9999 -9999 -9999 -9999 -9999 -9999 -9999 -9999 -9999 -9999 -9999 -9999 -9999 -9999 -9999 -9999 -9999 -9999 -9999 -9999 -9999 -9999 -9999 -9999 -9999 -9999 -9999 -9999 -9999 -9999 -9999 -9999 -9999 -9999 -9999 -9999 -9999 -9999 -9999 -9999 -9999 -9999 -9999 -9999 -9999 -9999 -9999 -9999
516 533 303 194 121 98 77 60 63 78 135 76 85 71 48 59 92 56 72 73 72 75 83 90 88 83 87 48 53 44 2 17 12 -9999 -9999 -9999 -9999 -9999 -9999 -9999 -9999 -9999 -9999 -9999 -9999 -9999 -9999 -9999 -9999 -9999 -9999 -9999 -9999 -9999 -9999 -9999 -9999 -9999 -9999 -9999 -9999 -9999 -9999 -9999 -9999 -9999 -9999 -9999 -9999 -9999 -9999 -9999 -9999 -9999 -9999 -9999 -9999 -9999 -9999 -9999 -9999 -9999 -9999 -9999 -9999 -9999 -9999 -9999
682 465 338 344 182 129 124 90 82 83 96 138 93 85 64 90 60 84 103 122 118 78 138 122 101 69 55 50 40 16 5 11 8 11 -9999 -9999 -9999 -9999 -9999 -9999 -9999 -9999 -9999 -9999 -9999 -9999 -9999 -9999 -9999 -9999 -9999 -9999 -9999 -9999 -9999 -9999 -9999 -9999 -9999 -9999 -9999 -9999 -9999 -9999 -9999 -9999 -9999 -9999 -9999 -9999 -9999 -9999 -9999 -9999 -9999 -9999 -9999 -9999 -9999 -9999 -9999 -9999 -9999 -9999 -9999 -9999 -9999 -9999
614 668 595 369 232 165 105 115 82 94 99 159 201 153 183 140 128 92 109 104 81 90 91 61 104 112 48 30 20 6 3 6 8 3 -9999 -9999 -9999 -9999 -9999 -9999 -9999 -9999 -9999 -9999 -9999 -9999 -9999 -9999 -9999 -9999 -9999 -9999 -9999 -9999 -9999 -9999 -9999 -9999 -9999 -9999 -9999 -9999 -9999 -9999 -9999 -9999 -9999 -9999 -9999 -9999 -9999 -9999 -9999 -9999 -9999 -9999 -9999 -9999 -9999 -9999 -9999 -9999 -9999 -9999 -9999 -9999 -9999 -9999
417 415 380 373 393 214 124 130 129 112 144 174 142 147 106 101 251 325 318 311 164 184 112 65 53 82 28 25 14 6 3 1 5 12 11 -9999 -9999 -9999 -9999 -9999 -9999 -9999 -9999 -9999 -9999 -9999 -9999 -9999 -9999 -9999 -9999 -9999 -9999 -9999 -9999 -9999 -9999 -9999 -9999 -9999 -9999 -9999 -9999 -9999 -9999 -9999 -9999 -9999 -9999 -9999 -9999 -9999 -9999 -9999 -9999 -9999 -9999 -9999 -9999 -9999 -9999 -9999 -9999 -9999 -9999 -9999 -9999 -9999
228 249 215 227 215 186 300 352 360 297 367 344 261 234 225 251 168 277 357 352 404 360 243 143 40 28 15 10 9 4 3 2 4 5 5 16 -9999 -9999 -9999 -9999 -9999 -9999 -9999 -9999 -9999 -9999 -9999 -9999 -9999 -9999 -9999 -9999 -9999 -9999 -9999 -9999 -9999 -9999 -9999 -9999 -9999 -9999 -9999 -9999 -9999 -9999 -9999 -9999 -9999 -9999 -9999 -9999 -9999 -9999 -9999 -9999 -9999 -9999 -9999 -9999 -9999 -9999 -9999 -9999 -9999 -9999 -9999 -9999
161 142 148 154 183 158 208 262 313 391 397 435 482 447 355 384 312 177 201 334 349 312 225 130 44 20 12 7 1 3 4 0 4 6 4 12 -9999 -9999 -9999 -9999 -9999 -9999 -9999 -9999 -9999 -9999 -9999 -9999 -9999 -9999 -9999 -9999 -9999 -9999 -9999 -9999 -9999 -9999 -9999 -9999 -9999 -9999 -9999 -9999 -9999 6 6 7 5 2 7 9 4 19 18 3 7 10 7 9 -9999 -9999 24 -9999 -9999 -9999 -9999 -9999
187 169 163 152 119 108 105 129 238 252 369 354 364 387 484 479 333 222 163 165 214 221 104 52 28 24 9 5 5 3 3 3 1 5 5 3 9 -9999 -9999 -9999 -9999 -9999 -9999 -9999 -9999 -9999 -9999 -9999 -9999 -9999 -9999 -9999 -9999 -9999 -9999 -9999 -9999 -9999 -9999 -9999 -9999 -9999 -9999 9 7 12 16 27 20 48 43 72 47 45 45 12 25 5 59 8 10 68 73 40 15 -9999 -9999 -9999
210 198 212 227 204 184 160 121 89 149 116 218 160 243 297 344 255 287 179 89 80 70 86 28 21 21 21 3 7 3 0 3 1 1 4 4 6 13 -9999 -9999 -9999 -9999 -9999 -9999 -9999 -9999 -9999 -9999 -9999 -9999 -9999 -9999 -9999 -9999 -9999 -9999 -9999 -9999 -9999 -9999 -9999 -9999 -9999 9 22 79 52 30 107 83 96 91 130 126 92 37 37 18 51 4 13 37 85 145 67 11 51 8
175 183 186 198 270 310 329 194 175 115 99 177 154 112 173 249 263 140 162 105 48 31 30 23 20 24 17 10 8 4 2 4 3 1 3 1 3 6 8 8 -9999 -9999 -9999 -9999 -9999 -9999 -9999 -9999 -9999 -9999 -9999 -9999 -9999 -9999 -9999 -9999 59 39 12 11 11 10 6 24 106 118 86 103 111 123 150 182 147 149 142 114 112 81 82 32 14 48 74 85 105 27 85 233
153 186 200 189 217 278 300 366 383 320 221 114 176 103 63 74 155 141 46 33 25 25 29 24 41 12 11 11 9 6 4 5 3 3 5 2 3 3 4 4 9 11 -9999 -9999 -9999 -9999 -9999 -9999 -9999 -9999 -9999 -9999 201 177 152 147 134 153 171 131 145 174 177 163 211 224 139 175 177 187 196 177 206 171 151 114 130 168 101 69 28 74 118 149 179 122 88 93
137 147 153 148 214 262 223 349 344 354 430 417 440 303 262 107 137 44 37 32 26 23 30 26 19 11 13 13 8 4 4 5 3 4 3 3 3 5 3 4 2 9 11 5 10 -9999 -9999 -9999 6 3 10 196 222 244 214 243 288 279 262 254 247 273 283 279 275 288 307 286 238 304 303 252 281 259 188 169 194 199 131 118 103 100 189 177 184 175 134 126
160 132 139 164 173 214 235 362 307 313 252 320 316 320 338 322 281 182 69 27 26 22 24 20 17 15 19 16 13 8 7 5 8 6 3 3 1 1 3 5 3 3 4 3 5 5 31 77 92 45 287 336 324 293 340 362 340 355 332 332 344 336 345 377 334 368 365 324 343 344 334 319 325 285 235 285 224 238 186 207 237 219 333 328 239 339 340 172
115 113 165 132 188 214 257 267 243 239 237 349 313 290 299 276 342 290 200 88 56 116 28 19 18 18 13 15 9 14 7 4 8 5 3 4 4 1 10 6 5 3 3 5 6 18 31 39 82 129 322 329 403 456 494 473 448 443 426 404 379 350 380 393 371 371 417 408 356 300 309 308 278 297 295 265 233 231 228 254 273 314 372 381 243 343 280 305
101 108 144 124 151 147 187 195 242 245 225 243 263 258 249 295 282 243 234 197 186 99 90 30 22 14 13 12 10 8 8 5 8 7 2 6 5 4 7 13 14 8 3 10 8 13 17 38 38 109 120 158 116 247 250 293 288 360 386 455 370 377 351 369 395 431 466 481 484 347 360 345 305 251 218 216 222 240 235 204 257 329 347 372 274 314 333 341
98 94 120 122 139 145 161 171 184 178 199 192 195 202 166 184 180 212 250 170 106 90 183 128 90 42 21 10 6 8 11 8 8 6 5 7 2 3 4 13 7 9 6 8 7 16 18 17 19 14 21 32 77 57 57 86 111 203 309 365 359 401 454 456 374 333 318 269 328 307 297 282 278 246 241 238 238 252 263 277 220 238 308 371 311 316 324 310
83 88 95 117 143 123 143 119 152 126 203 122 183 161 146 149 176 136 121 117 101 70 95 70 139 160 46 11 10 10 10 10 8 8 5 7 3 10 2 3 6 8 6 5 6 5 5 5 27 19 7 16 13 21 19 31 45 39 63 141 190 178 200 272 303 360 326 346 340 179 215 270 254 274 242 266 315 316 285 298 294 348 345 334 288 285 310 324
69 72 89 89 110 93 101 153 144 162 236 144 123 169 137 100 111 103 110 105 121 61 56 60 107 183 89 51 42 14 11 12 7 4 7 4 4 8 1 4 3 4 5 4 5 5 4 2 3 5 5 3 4 1 2 3 3 11 24 33 36 41 45 49 57 76 76 81 81 98 143 155 217 284 277 266 343 282 320 283 353 303 270 265 270 254 202 181
62 68 73 80 71 83 89 89 102 111 129 86 139 158 94 93 91 82 130 61 51 44 54 64 107 98 108 52 37 13 15 11 9 7 8 4 4 16 3 11 5 4 5 4 2 3 5 4 2 1 4 3 3 6 10 18 7 -9999 -9999 -9999 -9999 25 21 12 12 20 13 20 21 24 23 25 28 35 47 111 296 170 200 210 206 263 265 284 256 175 207 195
52 59 71 62 66 71 77 74 81 86 94 98 94 78 74 116 89 97 106 64 40 72 119 97 71 40 38 45 23 14 13 40 11 10 9 6 6 8 3 6 4 6 8 6 5 6 2 3 7 1 5 3 10 9 14 5 4 -9999 -9999 -9999 -9999 -9999 -9999 -9999 -9999 -9999 -9999 -9999 -9999 -9999 15 -9999 18 14 24 25 35 61 198 161 126 173 195 116 121 152 161 232
50 53 54 58 58 59 57 66 66 71 75 69 64 65 77 70 54 87 65 71 34 67 50 44 50 64 43 25 20 11 12 10 10 13 7 7 12 6 5 4 4 4 11 6 6 6 4 3 2 3 4 5 5 5 7 17 14 -9999 -9999 -9999 -9999 -9999 -9999 -9999 -9999 -9999 -9999 -9999 -9999 -9999 -9999 -9999 -9999 -9999 -9999 -9999 -9999 -9999 11 28 48 70 59 63 39 158 78 96
41 43 45 46 50 50 45 58 62 58 60 59 49 57 58 45 49 37 57 44 34 37 38 25 22 22 20 26 38 12 10 11 9 7 15 16 15 6 7 4 6 3 4 7 5 3 2 1 2 4 4 3 3 6 17 11 6 -9999 -9999 -9999 -9999 -9999 -9999 -9999 -9999 -9999 -9999 -9999 -9999 -9999 -9999 -9999 -9999 -9999 -9999 -9999 -9999 -9999 -9999 -9999 14 5 3 10 0 -9999 -9999 -9999
39 43 50 40 39 36 45 47 49 52 46 48 46 41 42 38 44 39 38 30 28 29 23 14 15 16 15 18 18 17 11 12 15 8 7 9 6 6 5 4 5 5 4 4 5 6 5 3 1 4 2 1 4 6 18 6 10 -9999 -9999 -9999 -9999 -9999 -9999 -9999 -9999 -9999 -9999 -9999 -9999 -9999 -9999 -9999 -9999 -9999 -9999 -9999 -9999 -9999 -9999 -9999 -9999 -9999 -9999 -9999 -9999 -9999 -9999 -9999
35 43 40 35 34 34 34 39 43 40 29 33 34 41 32 28 38 29 25 23 26 31 21 15 15 17 16 14 11 12 14 14 16 15 7 7 5 6 6 4 6 5 4 4 4 6 3 4 2 2 2 3 2 3 7 9 8 -9999 -9999 -9999 -9999 -9999 -9999 -9999 -9999 -9999 -9999 -9999 -9999 -9999 -9999 -9999 -9999 -9999 -9999 -9999 -9999 -9999 -9999 -9999 -9999 -9999 -9999 -9999 -9999 -9999 -9999 -9999
41 37 35 29 32 29 35 34 31 33 35 24 29 33 25 31 26 24 21 19 25 19 16 17 17 15 15 15 12 9 14 11 9 11 14 11 15 7 10 5 7 6 12 4 3 3 4 1 4 3 7 2 8 15 8 6 14 -9999 -9999 -9999 -9999 -9999 -9999 -9999 -9999 -9999 -9999 -9999 -9999 -9999 -9999 -9999 -9999 -9999 -9999 -9999 -9999 -9999 -9999 -9999 -9999 -9999 -9999 -9999 -9999 -9999 -9999 -9999
31 31 31 35 35 27 28 30 26 25 24 29 26 23 22 22 22 19 19 18 18 17 19 17 19 13 13 12 13 12 8 10 12 12 9 7 9 7 9 5 7 5 10 4 1 4 4 7 9 4 1 2 7 12 6 8 -9999 -9999 -9999 -9999 -9999 -9999 -9999 -9999 -9999 -9999 -9999 -9999 -9999 -9999 -9999 -9999 -9999 -9999 -9999 -9999 -9999 -9999 -9999 -9999 -9999 -9999 -9999 -9999 -9999 -9999 -9999 -9999
25 31 25 29 30 36 31 29 26 25 25 31 23 22 27 25 19 16 18 21 18 17 16 22 15 14 12 12 13 11 11 11 10 11 13 15 10 9 12 12 8 9 11 8 4 4 4 7 4 3 4 3 7 19 13 5 -9999 -9999 -9999 -9999 -9999 -9999 -9999 -9999 -9999 -9999 -9999 -9999 -9999 -9999 -9999 -9999 -9999 -9999 -9999 -9999 -9999 -9999 -9999 -9999 -9999 -9999 -9999 -9999 -9999 -9999 -9999 -9999
36 33 36 35 24 29 34 30 24 27 28 30 30 25 23 27 27 24 17 20 20 22 23 20 15 17 12 13 11 11 11 10 9 9 7 4 9 5 6 10 9 3 6 5 6 5 12 5 4 6 5 2 16 14 6 6 -9999 -9999 -9999 -9999 -9999 -9999 -9999 -9999 -9999 -9999 -9999 -9999 -9999 -9999 -9999 -9999 -9999 -9999 -9999 -9999 -9999 -9999 -9999 -9999 -9999 -9999 -9999 -9999 -9999 -9999 -9999 -9999
38 31 31 30 70 43 28 37 47 45 30 27 32 26 26 21 23 23 23 24 27 21 18 16 15 14 13 13 14 14 14 15 9 10 11 8 8 4 4 6 5 4 4 3 5 8 2 2 2 1 6 6 7 6 5 0 -9999 -9999 -9999 -9999 -9999 -9999 -9999 -9999 -9999 -9999 -9999 -9999 -9999 -9999 -9999 -9999 -9999 -9999 -9999 -9999 -9999 -9999 -9999 -9999 -9999 -9999 -9999 -9999 -9999 -9999 -9999 -9999
