inst/testdata/Hispaniola_WorldClim/snv_6.asc
ncols         743
nrows         319
xllcorner     -74.500956448335
yllcorner     17.448920549066
cellsize      0.0083333333333333
NODATA_value  -9999
[rows 78 to 116 of 319, columns 176 to 263 of 743]
-9999 -9999 -9999 -9999 -9999 -9999 -9999 -9999 -9999 -9999 -9999 -9999 -9999 -9999 -9999 -9999 -9999 -9999 -9999 -9999 -9999 -9999 -9999 -9999 -9999 -9999 -9999 -9999 -9999 -9999 -9999 195 191 184 184 188 195 195 195 -9999 195 195 195 194 193 192 192 192 192 192 191 191 189 172 177 184 183 176 173 173 163 149 144 133 143 147 150 150 159 164 166 159 157 156 151 152 153 151 148 154 153 149 149 152 154 155 154 150
-9999 -9999 -9999 -9999 -9999 -9999 -9999 -9999 -9999 -9999 -9999 -9999 -9999 -9999 -9999 -9999 -9999 -9999 -9999 -9999 -9999 -9999 -9999 -9999 -9999 -9999 -9999 -9999 -9999 -9999 -9999 -9999 -9999 195 195 195 -9999 -9999 -9999 -9999 195 195 195 193 193 193 193 192 191 191 191 191 186 179 176 181 182 181 177 172 166 165 154 147 138 149 147 143 156 162 165 161 159 155 151 153 156 152 153 154 153 150 146 153 156 156 155 153
-9999 -9999 -9999 -9999 -9999 -9999 -9999 -9999 -9999 -9999 -9999 -9999 -9999 -9999 -9999 -9999 -9999 -9999 -9999 -9999 -9999 -9999 -9999 -9999 -9999 -9999 -9999 -9999 -9999 -9999 -9999 -9999 -9999 -9999 -9999 -9999 -9999 -9999 -9999 -9999 195 195 194 194 194 193 193 193 193 193 191 191 189 178 179 181 178 181 180 175 170 173 166 154 139 139 152 149 152 162 164 164 160 156 154 157 157 157 155 156 157 153 156 157 157 157 154 152
-9999 -9999 -9999 -9999 -9999 -9999 -9999 -9999 -9999 -9999 -9999 -9999 -9999 -9999 -9999 -9999 -9999 -9999 -9999 -9999 -9999 -9999 -9999 -9999 -9999 -9999 -9999 -9999 -9999 -9999 -9999 -9999 -9999 -9999 -9999 -9999 -9999 195 -9999 -9999 195 195 194 194 194 192 193 193 192 192 192 191 190 185 177 173 176 174 180 179 177 177 172 161 149 134 131 145 151 161 160 163 159 157 152 154 158 157 157 157 158 157 158 158 157 154 154 154
-9999 -9999 -9999 -9999 -9999 -9999 -9999 -9999 -9999 -9999 -9999 -9999 -9999 -9999 -9999 -9999 -9999 -9999 -9999 -9999 -9999 -9999 -9999 -9999 -9999 -9999 -9999 -9999 -9999 -9999 -9999 -9999 -9999 -9999 -9999 -9999 -9999 195 -9999 -9999 -9999 195 194 194 194 190 189 192 192 192 192 191 189 185 177 172 174 177 176 176 177 175 174 168 156 145 125 128 134 148 152 154 146 148 156 157 158 159 160 157 158 159 159 159 147 155 156 154
-9999 -9999 -9999 -9999 -9999 -9999 -9999 -9999 -9999 -9999 -9999 -9999 -9999 -9999 -9999 -9999 -9999 -9999 -9999 -9999 -9999 -9999 -9999 -9999 -9999 -9999 -9999 -9999 -9999 -9999 -9999 -9999 -9999 -9999 -9999 -9999 -9999 195 195 -9999 -9999 -9999 194 194 194 183 179 192 192 192 192 191 188 187 182 171 173 178 178 177 172 171 167 161 159 147 138 121 119 128 136 146 136 138 148 157 155 157 160 159 158 160 160 156 147 149 156 155
-9999 -9999 -9999 -9999 -9999 -9999 -9999 -9999 -9999 -9999 -9999 -9999 -9999 -9999 -9999 -9999 -9999 -9999 -9999 -9999 -9999 -9999 -9999 -9999 -9999 -9999 -9999 -9999 -9999 -9999 -9999 -9999 -9999 -9999 -9999 -9999 196 195 195 -9999 -9999 -9999 195 194 193 180 177 180 189 192 192 190 189 188 180 174 172 178 178 176 174 171 164 160 157 150 142 132 110 106 123 137 146 154 148 153 155 157 158 161 160 160 160 154 149 154 156 158
-9999 -9999 -9999 -9999 -9999 -9999 -9999 -9999 -9999 -9999 -9999 -9999 -9999 -9999 -9999 -9999 -9999 -9999 -9999 -9999 -9999 -9999 -9999 -9999 -9999 -9999 -9999 -9999 -9999 -9999 -9999 -9999 -9999 -9999 -9999 -9999 -9999 -9999 195 195 195 195 194 194 193 193 178 178 180 192 192 190 190 189 186 184 177 180 178 179 176 169 162 159 158 149 144 141 125 100 98 127 140 155 151 141 155 153 157 160 161 161 161 159 157 154 155 153
-9999 -9999 -9999 -9999 -9999 -9999 -9999 -9999 -9999 -9999 -9999 -9999 -9999 -9999 -9999 -9999 -9999 -9999 -9999 -9999 -9999 -9999 -9999 -9999 -9999 -9999 -9999 -9999 -9999 -9999 -9999 -9999 -9999 -9999 -9999 -9999 -9999 -9999 194 194 194 194 194 194 193 193 193 192 171 177 191 190 190 189 188 186 182 184 182 181 178 174 170 165 158 155 150 149 130 108 101 120 133 151 158 156 144 145 155 159 160 162 161 161 160 159 159 153
-9999 -9999 -9999 -9999 -9999 -9999 -9999 -9999 -9999 -9999 -9999 -9999 -9999 -9999 -9999 -9999 -9999 -9999 -9999 -9999 -9999 -9999 -9999 -9999 -9999 -9999 -9999 -9999 -9999 -9999 -9999 -9999 -9999 -9999 -9999 -9999 -9999 -9999 195 194 194 194 194 194 193 193 193 191 182 172 184 190 190 188 187 186 185 180 169 177 179 175 172 171 160 157 155 147 148 134 103 110 131 151 157 159 154 146 153 158 160 160 162 161 160 160 161 161
-9999 -9999 -9999 -9999 -9999 -9999 -9999 -9999 -9999 -9999 -9999 -9999 -9999 -9999 -9999 -9999 -9999 -9999 -9999 -9999 -9999 -9999 -9999 -9999 -9999 -9999 -9999 -9999 -9999 -9999 -9999 -9999 195 195 195 -9999 -9999 195 195 195 194 194 194 194 194 194 193 193 190 178 183 190 189 189 187 186 186 183 167 172 177 174 174 170 165 156 151 148 151 142 132 121 128 141 154 161 160 160 152 156 159 161 161 162 161 162 161 162
-9999 -9999 -9999 -9999 -9999 -9999 -9999 -9999 -9999 -9999 -9999 -9999 -9999 -9999 -9999 -9999 -9999 -9999 -9999 -9999 -9999 -9999 -9999 -9999 -9999 -9999 -9999 -9999 -9999 -9999 -9999 195 195 194 194 195 195 195 195 195 194 194 193 193 193 193 192 193 192 192 178 187 189 188 188 187 186 182 173 168 171 173 169 169 166 162 152 157 155 153 150 138 122 141 155 160 161 162 149 158 161 162 162 162 162 162 162 162
-9999 -9999 -9999 -9999 -9999 -9999 -9999 -9999 -9999 -9999 -9999 -9999 -9999 -9999 -9999 -9999 -9999 -9999 -9999 -9999 -9999 -9999 -9999 -9999 -9999 -9999 -9999 -9999 -9999 -9999 -9999 195 195 195 194 194 194 194 194 194 193 193 193 193 193 193 192 192 192 192 182 181 188 188 188 188 187 184 182 168 159 166 167 163 157 163 160 154 158 158 156 150 137 153 158 162 161 161 162 162 163 163 163 163 162 162 162 162
-9999 -9999 -9999 -9999 -9999 -9999 -9999 -9999 -9999 -9999 -9999 -9999 -9999 -9999 -9999 -9999 -9999 -9999 -9999 -9999 -9999 -9999 -9999 -9999 -9999 -9999 -9999 -9999 -9999 -9999 -9999 195 195 195 195 194 194 194 194 194 194 193 193 193 193 193 193 192 192 192 192 192 187 190 189 188 186 185 182 174 163 159 165 157 155 155 160 159 161 159 158 156 151 145 162 162 163 164 161 159 152 158 163 163 163 163 163 163
-9999 -9999 -9999 -9999 -9999 -9999 -9999 -9999 -9999 -9999 -9999 -9999 -9999 -9999 -9999 -9999 -9999 -9999 -9999 -9999 -9999 -9999 -9999 -9999 -9999 -9999 -9999 -9999 -9999 -9999 -9999 -9999 195 195 195 194 194 194 194 194 194 193 193 193 193 193 193 192 192 191 191 191 190 190 189 185 187 183 179 174 175 163 152 154 148 156 163 163 164 161 160 159 158 152 157 162 164 165 164 159 144 153 162 164 163 163 163 163
-9999 -9999 -9999 -9999 -9999 -9999 -9999 -9999 -9999 -9999 -9999 -9999 -9999 -9999 -9999 -9999 -9999 -9999 -9999 -9999 -9999 -9999 -9999 -9999 -9999 -9999 -9999 -9999 -9999 -9999 -9999 -9999 195 195 195 194 194 194 194 194 194 194 193 193 193 193 193 192 191 191 191 191 190 190 189 180 179 175 170 170 171 151 151 147 148 148 160 164 164 164 160 162 162 162 159 163 163 164 164 162 150 154 161 165 164 165 163 163
-9999 -9999 -9999 -9999 -9999 -9999 -9999 -9999 -9999 -9999 -9999 -9999 -9999 -9999 -9999 -9999 -9999 -9999 -9999 -9999 -9999 -9999 -9999 -9999 -9999 -9999 -9999 -9999 -9999 -9999 -9999 -9999 -9999 -9999 -9999 -9999 -9999 194 194 194 194 194 193 193 193 193 193 192 191 191 191 191 191 190 190 176 173 169 165 170 173 168 155 150 154 156 162 157 165 165 165 161 160 163 162 159 165 165 165 163 147 157 162 163 163 164 165 165
-9999 -9999 -9999 -9999 -9999 -9999 -9999 -9999 -9999 -9999 -9999 -9999 -9999 -9999 -9999 -9999 -9999 -9999 -9999 -9999 -9999 -9999 -9999 -9999 -9999 -9999 -9999 -9999 -9999 -9999 -9999 -9999 -9999 -9999 -9999 194 193 193 193 193 193 193 192 193 192 193 192 192 192 191 191 191 191 190 190 189 180 179 166 159 171 173 168 158 153 158 163 163 161 166 166 165 161 161 164 163 164 164 165 164 163 162 163 164 164 164 165 166
-9999 -9999 -9999 -9999 -9999 -9999 -9999 -9999 -9999 -9999 -9999 -9999 -9999 -9999 -9999 -9999 -9999 -9999 -9999 -9999 -9999 -9999 -9999 -9999 -9999 -9999 -9999 -9999 -9999 -9999 -9999 -9999 -9999 -9999 -9999 -9999 -9999 -9999 193 193 193 193 193 192 192 192 192 192 192 192 191 191 191 190 190 190 190 185 165 158 160 166 175 168 160 169 166 160 159 167 165 166 165 166 160 160 163 164 166 164 163 163 164 165 165 165 165 164
-9999 -9999 -9999 -9999 -9999 -9999 -9999 -9999 -9999 -9999 -9999 -9999 -9999 -9999 -9999 -9999 -9999 -9999 -9999 -9999 -9999 -9999 -9999 -9999 -9999 -9999 -9999 -9999 -9999 -9999 -9999 -9999 -9999 -9999 -9999 -9999 -9999 -9999 193 193 193 193 193 193 192 192 192 192 192 192 190 190 191 190 190 190 190 185 177 161 157 170 175 179 178 176 178 170 161 160 166 166 167 166 160 157 161 164 164 166 166 165 166 165 164 165 164 164
-9999 -9999 -9999 -9999 -9999 -9999 -9999 -9999 -9999 -9999 -9999 -9999 -9999 -9999 -9999 -9999 -9999 -9999 -9999 -9999 -9999 -9999 -9999 -9999 -9999 -9999 -9999 -9999 -9999 -9999 -9999 -9999 -9999 -9999 -9999 194 194 -9999 193 193 193 193 193 193 192 192 192 191 192 191 191 191 190 190 190 190 189 190 172 165 159 162 165 175 178 183 183 181 178 157 161 167 167 167 165 162 160 162 164 165 166 166 167 166 166 165 166 165
-9999 -9999 -9999 -9999 -9999 -9999 -9999 -9999 -9999 -9999 -9999 -9999 -9999 -9999 -9999 -9999 -9999 -9999 -9999 -9999 -9999 -9999 -9999 -9999 -9999 -9999 -9999 -9999 -9999 -9999 -9999 194 194 194 194 194 194 194 194 193 193 193 193 193 193 192 192 191 191 191 191 191 190 190 189 189 189 189 185 173 165 160 164 164 172 180 184 184 181 167 152 159 166 167 166 165 161 162 163 164 163 165 165 165 164 166 166 166
-9999 -9999 -9999 -9999 -9999 -9999 -9999 -9999 -9999 -9999 -9999 -9999 -9999 -9999 -9999 -9999 -9999 -9999 -9999 -9999 -9999 -9999 -9999 -9999 -9999 -9999 -9999 -9999 -9999 -9999 -9999 193 194 194 194 194 194 194 193 192 193 193 193 193 193 192 191 191 191 191 191 191 191 190 189 189 189 189 189 189 181 177 175 172 171 177 185 184 183 174 161 153 168 167 167 166 160 161 160 161 162 160 165 164 164 166 165 165
-9999 -9999 -9999 -9999 -9999 -9999 -9999 -9999 -9999 -9999 -9999 -9999 -9999 -9999 -9999 -9999 -9999 -9999 -9999 -9999 -9999 -9999 -9999 -9999 -9999 -9999 -9999 -9999 -9999 -9999 -9999 194 193 193 193 193 193 193 193 193 192 192 192 192 193 192 191 191 191 191 191 191 191 191 189 189 189 189 189 189 189 188 187 173 172 182 178 175 173 168 164 163 152 167 167 166 159 157 160 161 162 162 164 164 164 164 164 165
-9999 -9999 -9999 -9999 -9999 -9999 -9999 -9999 -9999 -9999 -9999 -9999 -9999 -9999 -9999 -9999 -9999 -9999 -9999 -9999 -9999 -9999 -9999 -9999 -9999 -9999 -9999 -9999 -9999 -9999 -9999 194 193 193 193 193 193 193 193 193 192 192 192 192 192 192 192 191 191 191 191 191 191 190 189 189 189 189 189 189 189 187 187 187 187 186 167 161 167 168 166 162 161 154 167 165 160 154 154 156 159 158 159 160 163 163 164 164
-9999 -9999 -9999 -9999 -9999 -9999 -9999 -9999 -9999 -9999 -9999 -9999 -9999 -9999 -9999 -9999 -9999 -9999 -9999 -9999 -9999 -9999 -9999 -9999 -9999 -9999 -9999 -9999 -9999 -9999 -9999 194 194 194 193 193 193 193 193 193 192 192 192 192 192 192 192 192 190 190 190 190 190 190 189 189 189 188 189 188 188 188 187 187 187 185 181 177 165 166 164 163 161 159 159 156 158 155 151 158 158 157 157 160 158 161 163 165
-9999 -9999 -9999 -9999 -9999 -9999 -9999 -9999 -9999 -9999 -9999 -9999 -9999 -9999 -9999 -9999 -9999 -9999 -9999 -9999 -9999 -9999 -9999 -9999 -9999 -9999 -9999 -9999 -9999 -9999 194 194 -9999 194 194 193 193 193 193 193 193 193 192 192 192 192 191 191 190 190 190 190 190 190 190 190 188 188 188 188 188 188 187 187 187 186 185 183 175 163 168 161 159 157 158 151 152 151 149 154 158 158 152 154 154 154 160 163
-9999 -9999 -9999 -9999 -9999 -9999 -9999 -9999 -9999 -9999 -9999 -9999 -9999 -9999 -9999 -9999 -9999 -9999 -9999 -9999 -9999 -9999 -9999 -9999 -9999 -9999 -9999 -9999 -9999 -9999 194 194 194 194 194 194 193 193 193 193 193 193 192 192 192 191 191 191 191 190 190 190 190 190 190 190 188 188 188 188 188 188 187 181 185 181 185 185 181 177 168 172 168 173 166 160 163 148 145 145 148 145 145 146 150 152 156 162
-9999 -9999 -9999 -9999 -9999 -9999 -9999 -9999 -9999 -9999 -9999 -9999 -9999 -9999 -9999 -9999 -9999 -9999 -9999 -9999 -9999 -9999 -9999 -9999 -9999 -9999 -9999 -9999 193 194 194 194 194 194 194 194 192 193 193 192 192 193 193 192 191 191 191 191 191 190 190 190 190 190 190 189 189 188 188 188 188 188 187 184 186 185 183 185 185 183 181 175 169 167 166 168 166 162 157 138 141 142 140 135 145 153 158 159
-9999 -9999 -9999 -9999 -9999 -9999 -9999 -9999 -9999 -9999 -9999 -9999 -9999 -9999 -9999 -9999 -9999 -9999 -9999 -9999 -9999 -9999 -9999 -9999 -9999 -9999 -9999 -9999 -9999 193 194 194 194 194 193 193 193 192 192 192 192 192 192 193 191 191 191 191 191 190 190 190 190 190 189 189 189 188 188 188 188 187 187 187 186 186 186 184 185 184 175 172 170 167 159 151 158 159 157 157 148 140 143 141 146 145 153 156
-9999 -9999 -9999 -9999 -9999 -9999 -9999 -9999 -9999 -9999 -9999 -9999 -9999 -9999 -9999 -9999 -9999 -9999 -9999 -9999 -9999 -9999 -9999 -9999 -9999 -9999 -9999 -9999 -9999 193 193 193 193 193 193 193 193 193 192 192 192 192 192 192 192 191 191 191 191 190 190 190 190 189 189 189 189 188 188 188 188 187 187 187 186 186 186 185 183 184 183 178 169 165 158 143 138 148 152 154 150 146 143 142 140 142 148 154
-9999 -9999 -9999 -9999 -9999 -9999 -9999 -9999 -9999 -9999 -9999 -9999 -9999 -9999 -9999 -9999 -9999 -9999 -9999 -9999 -9999 -9999 -9999 -9999 -9999 -9999 -9999 -9999 -9999 -9999 193 193 194 193 193 193 193 193 193 192 192 192 192 192 192 192 191 190 191 190 190 189 189 189 189 189 189 188 187 187 187 187 187 187 186 186 185 185 184 184 182 182 173 166 156 148 134 130 141 152 153 148 141 137 137 146 148 154
-9999 -9999 -9999 -9999 -9999 -9999 -9999 -9999 -9999 -9999 -9999 -9999 -9999 -9999 -9999 -9999 -9999 -9999 -9999 -9999 -9999 -9999 -9999 -9999 -9999 -9999 -9999 -9999 -9999 -9999 -9999 192 190 190 191 193 193 193 193 193 192 192 192 192 192 192 191 190 191 190 189 189 189 189 189 189 189 188 187 187 187 187 187 186 185 185 185 185 184 184 182 182 181 179 165 156 138 130 133 137 146 144 144 141 141 140 142 149
-9999 -9999 -9999 -9999 -9999 -9999 -9999 -9999 -9999 -9999 -9999 -9999 -9999 -9999 -9999 -9999 -9999 -9999 -9999 -9999 -9999 -9999 -9999 -9999 -9999 -9999 -9999 -9999 -9999 -9999 -9999 -9999 190 188 189 187 190 191 192 192 193 192 192 192 192 192 190 190 190 190 189 189 189 189 189 189 188 187 187 187 187 187 187 186 185 184 182 185 185 182 180 182 181 175 170 156 148 138 127 130 138 142 145 145 142 144 140 144
-9999 -9999 -9999 -9999 -9999 -9999 -9999 -9999 -9999 -9999 -9999 -9999 -9999 -9999 -9999 -9999 -9999 -9999 -9999 -9999 -9999 -9999 -9999 -9999 -9999 -9999 -9999 -9999 -9999 -9999 -9999 -9999 192 183 184 185 186 189 188 190 190 192 191 191 190 190 190 190 190 189 190 189 189 189 189 188 188 188 187 187 187 187 187 186 186 185 185 185 179 176 180 179 180 179 166 161 155 146 131 127 126 132 143 145 147 144 140 145
-9999 -9999 -9999 -9999 -9999 -9999 -9999 -9999 -9999 -9999 -9999 -9999 -9999 -9999 -9999 -9999 -9999 -9999 -9999 -9999 -9999 -9999 -9999 -9999 -9999 -9999 -9999 -9999 -9999 -9999 -9999 -9999 -9999 189 184 182 182 183 184 188 190 189 190 189 189 190 190 190 190 190 189 189 189 189 188 188 188 188 187 187 187 187 186 186 186 185 185 185 185 180 174 179 179 178 171 165 156 143 136 132 125 124 143 141 143 145 143 143
-9999 -9999 -9999 -9999 -9999 -9999 -9999 -9999 -9999 -9999 -9999 -9999 -9999 -9999 -9999 -9999 -9999 -9999 -9999 -9999 -9999 -9999 -9999 -9999 -9999 -9999 -9999 -9999 -9999 -9999 -9999 -9999 -9999 -9999 192 183 181 180 178 182 186 188 186 187 189 190 189 189 190 190 189 189 189 188 188 188 188 188 187 187 186 186 186 186 185 185 185 185 184 182 177 179 178 177 176 169 156 147 138 142 137 127 133 143 146 145 145 149
-9999 -9999 -9999 -9999 -9999 -9999 -9999 -9999 -9999 -9999 -9999 -9999 -9999 -9999 -9999 -9999 -9999 -9999 -9999 -9999 -9999 -9999 -9999 -9999 -9999 -9999 -9999 -9999 -9999 -9999 -9999 -9999 -9999 -9999 -9999 192 189 182 176 177 179 182 182 184 186 186 189 189 188 187 187 188 188 188 188 188 187 187 187 187 186 186 186 185 186 185 184 184 183 180 176 179 179 175 175 174 169 154 147 153 148 130 125 140 140 144 144 150
-9999 -9999 -9999 -9999 -9999 -9999 -9999 -9999 -9999 -9999 -9999 -9999 -9999 -9999 -9999 -9999 -9999 -9999 -9999 -9999 -9999 -9999 -9999 -9999 -9999 -9999 -9999 -9999 -9999 -9999 -9999 -9999 -9999 -9999 -9999 -9999 -9999 193 188 180 180 180 188 186 185 183 185 184 186 184 186 185 187 188 188 188 187 187 187 186 186 186 186 185 184 184 184 184 183 178 176 180 177 173 169 163 167 167 168 152 140 134 125 128 139 143 147 152
