inst/testdata/Hispaniola_WorldClim/snv_18.asc
ncols         743
nrows         319
xllcorner     -74.500956448335
yllcorner     17.448920549066
cellsize      0.0083333333333333
NODATA_value  -9999
[rows 78 to 116 of 319, columns 176 to 263 of 743]
-9999 -9999 -9999 -9999 -9999 -9999 -9999 -9999 -9999 -9999 -9999 -9999 -9999 -9999 -9999 -9999 -9999 -9999 -9999 -9999 -9999 -9999 -9999 -9999 -9999 -9999 -9999 -9999 -9999 -9999 -9999 265 299 350 357 309 256 254 253 -9999 233 233 255 258 244 269 272 277 263 284 268 273 293 454 421 363 367 409 444 442 480 516 526 545 537 515 520 504 491 467 460 481 485 485 488 496 490 482 489 464 477 478 482 472 456 449 445 460
-9999 -9999 -9999 -9999 -9999 -9999 -9999 -9999 -9999 -9999 -9999 -9999 -9999 -9999 -9999 -9999 -9999 -9999 -9999 -9999 -9999 -9999 -9999 -9999 -9999 -9999 -9999 -9999 -9999 -9999 -9999 -9999 -9999 260 258 256 -9999 -9999 -9999 -9999 234 233 254 256 261 246 251 256 260 264 268 273 320 386 409 387 371 371 398 432 481 480 503 533 535 524 525 533 499 462 459 471 478 488 488 487 464 489 482 475 478 478 497 453 437 433 434 444
-9999 -9999 -9999 -9999 -9999 -9999 -9999 -9999 -9999 -9999 -9999 -9999 -9999 -9999 -9999 -9999 -9999 -9999 -9999 -9999 -9999 -9999 -9999 -9999 -9999 -9999 -9999 -9999 -9999 -9999 -9999 -9999 -9999 -9999 -9999 -9999 -9999 -9999 -9999 -9999 233 234 254 257 260 264 252 255 257 261 267 273 293 390 386 380 394 382 376 408 451 439 475 500 535 535 512 506 510 472 462 459 469 468 488 460 469 467 456 452 445 456 445 435 430 428 444 449
-9999 -9999 -9999 -9999 -9999 -9999 -9999 -9999 -9999 -9999 -9999 -9999 -9999 -9999 -9999 -9999 -9999 -9999 -9999 -9999 -9999 -9999 -9999 -9999 -9999 -9999 -9999 -9999 -9999 -9999 -9999 -9999 -9999 -9999 -9999 -9999 -9999 253 -9999 -9999 251 235 236 239 242 279 268 254 259 263 267 278 290 334 425 448 428 441 383 399 413 401 440 494 524 541 547 515 510 473 474 462 474 478 493 468 463 461 450 458 450 437 433 427 429 451 437 435
-9999 -9999 -9999 -9999 -9999 -9999 -9999 -9999 -9999 -9999 -9999 -9999 -9999 -9999 -9999 -9999 -9999 -9999 -9999 -9999 -9999 -9999 -9999 -9999 -9999 -9999 -9999 -9999 -9999 -9999 -9999 -9999 -9999 -9999 -9999 -9999 -9999 254 -9999 -9999 -9999 237 239 242 245 278 286 255 275 263 267 279 289 333 424 456 442 407 403 408 419 426 432 457 504 520 556 551 541 518 504 490 506 511 465 472 461 455 449 455 435 429 425 424 486 437 426 441
-9999 -9999 -9999 -9999 -9999 -9999 -9999 -9999 -9999 -9999 -9999 -9999 -9999 -9999 -9999 -9999 -9999 -9999 -9999 -9999 -9999 -9999 -9999 -9999 -9999 -9999 -9999 -9999 -9999 -9999 -9999 -9999 -9999 -9999 -9999 -9999 -9999 241 241 -9999 -9999 -9999 256 243 246 353 404 272 275 266 271 280 299 314 376 459 451 417 410 418 445 447 463 487 494 529 536 562 557 552 535 508 534 528 493 467 458 459 432 429 432 424 421 430 483 468 421 425
-9999 -9999 -9999 -9999 -9999 -9999 -9999 -9999 -9999 -9999 -9999 -9999 -9999 -9999 -9999 -9999 -9999 -9999 -9999 -9999 -9999 -9999 -9999 -9999 -9999 -9999 -9999 -9999 -9999 -9999 -9999 -9999 -9999 -9999 -9999 -9999 254 255 254 -9999 -9999 -9999 243 260 248 402 427 402 298 269 273 283 291 304 401 436 450 395 412 428 435 445 478 489 501 519 525 548 573 574 559 533 506 474 494 485 468 441 449 438 425 421 418 447 480 448 425 411
-9999 -9999 -9999 -9999 -9999 -9999 -9999 -9999 -9999 -9999 -9999 -9999 -9999 -9999 -9999 -9999 -9999 -9999 -9999 -9999 -9999 -9999 -9999 -9999 -9999 -9999 -9999 -9999 -9999 -9999 -9999 -9999 -9999 -9999 -9999 -9999 -9999 -9999 256 244 244 257 259 262 263 266 416 423 404 270 277 282 293 306 323 353 407 401 416 411 426 457 484 493 494 520 523 530 559 578 578 554 526 480 482 520 471 481 443 439 432 429 415 421 427 444 437 447
-9999 -9999 -9999 -9999 -9999 -9999 -9999 -9999 -9999 -9999 -9999 -9999 -9999 -9999 -9999 -9999 -9999 -9999 -9999 -9999 -9999 -9999 -9999 -9999 -9999 -9999 -9999 -9999 -9999 -9999 -9999 -9999 -9999 -9999 -9999 -9999 -9999 -9999 257 257 258 259 248 250 265 255 272 281 464 423 281 287 308 308 318 348 374 356 382 394 403 433 452 467 477 503 517 518 550 575 578 564 542 483 449 464 506 503 455 427 436 414 412 423 413 413 408 437
-9999 -9999 -9999 -9999 -9999 -9999 -9999 -9999 -9999 -9999 -9999 -9999 -9999 -9999 -9999 -9999 -9999 -9999 -9999 -9999 -9999 -9999 -9999 -9999 -9999 -9999 -9999 -9999 -9999 -9999 -9999 -9999 -9999 -9999 -9999 -9999 -9999 -9999 258 259 259 250 250 265 267 257 273 271 381 457 367 303 309 321 332 334 364 409 465 427 419 431 443 443 481 493 502 511 515 548 578 572 548 497 452 453 473 500 461 441 433 429 409 410 409 407 406 405
-9999 -9999 -9999 -9999 -9999 -9999 -9999 -9999 -9999 -9999 -9999 -9999 -9999 -9999 -9999 -9999 -9999 -9999 -9999 -9999 -9999 -9999 -9999 -9999 -9999 -9999 -9999 -9999 -9999 -9999 -9999 -9999 259 259 257 -9999 -9999 258 258 260 261 263 253 255 256 259 274 277 301 419 378 308 322 312 334 334 341 364 470 453 429 437 437 448 464 497 511 519 509 525 547 563 552 523 480 447 442 442 468 448 436 412 422 418 406 415 411 403
-9999 -9999 -9999 -9999 -9999 -9999 -9999 -9999 -9999 -9999 -9999 -9999 -9999 -9999 -9999 -9999 -9999 -9999 -9999 -9999 -9999 -9999 -9999 -9999 -9999 -9999 -9999 -9999 -9999 -9999 -9999 259 254 258 259 259 258 260 260 260 262 264 266 267 258 273 276 279 271 289 420 331 324 331 336 331 343 379 448 464 452 442 454 456 457 474 505 484 493 498 507 541 563 531 460 444 441 419 485 443 428 419 418 406 405 403 401 402
-9999 -9999 -9999 -9999 -9999 -9999 -9999 -9999 -9999 -9999 -9999 -9999 -9999 -9999 -9999 -9999 -9999 -9999 -9999 -9999 -9999 -9999 -9999 -9999 -9999 -9999 -9999 -9999 -9999 -9999 -9999 256 255 254 254 253 260 253 254 263 254 266 268 260 262 264 267 281 275 278 388 393 320 318 335 341 355 360 390 469 495 470 459 474 493 471 480 498 478 475 478 502 535 476 459 440 434 420 415 412 417 415 410 409 406 404 398 399
-9999 -9999 -9999 -9999 -9999 -9999 -9999 -9999 -9999 -9999 -9999 -9999 -9999 -9999 -9999 -9999 -9999 -9999 -9999 -9999 -9999 -9999 -9999 -9999 -9999 -9999 -9999 -9999 -9999 -9999 -9999 256 255 254 255 255 255 255 255 255 257 258 269 271 273 276 280 283 287 281 285 302 349 304 333 328 339 354 388 447 482 493 472 495 502 502 477 476 468 468 469 479 497 510 442 433 426 419 417 427 455 424 408 400 399 398 397 395
-9999 -9999 -9999 -9999 -9999 -9999 -9999 -9999 -9999 -9999 -9999 -9999 -9999 -9999 -9999 -9999 -9999 -9999 -9999 -9999 -9999 -9999 -9999 -9999 -9999 -9999 -9999 -9999 -9999 -9999 -9999 -9999 257 257 256 255 256 256 257 258 259 259 262 265 267 277 281 276 280 284 297 304 300 309 328 369 346 400 412 449 446 480 515 510 524 495 466 463 454 462 462 463 466 492 466 434 422 418 417 436 513 455 407 392 397 389 387 392
-9999 -9999 -9999 -9999 -9999 -9999 -9999 -9999 -9999 -9999 -9999 -9999 -9999 -9999 -9999 -9999 -9999 -9999 -9999 -9999 -9999 -9999 -9999 -9999 -9999 -9999 -9999 -9999 -9999 -9999 -9999 -9999 257 257 258 257 257 258 258 260 261 262 265 266 269 271 274 278 283 296 290 296 313 309 323 409 413 431 465 462 458 525 520 529 525 510 477 457 452 447 465 453 447 443 451 432 422 415 411 416 476 458 413 388 384 391 379 390
-9999 -9999 -9999 -9999 -9999 -9999 -9999 -9999 -9999 -9999 -9999 -9999 -9999 -9999 -9999 -9999 -9999 -9999 -9999 -9999 -9999 -9999 -9999 -9999 -9999 -9999 -9999 -9999 -9999 -9999 -9999 -9999 -9999 -9999 -9999 -9999 -9999 260 260 261 263 265 266 269 271 274 277 289 294 298 302 297 304 311 315 447 458 470 482 466 456 462 504 521 506 482 469 483 450 446 445 458 453 439 438 447 421 411 409 411 491 442 405 396 381 389 387 386
-9999 -9999 -9999 -9999 -9999 -9999 -9999 -9999 -9999 -9999 -9999 -9999 -9999 -9999 -9999 -9999 -9999 -9999 -9999 -9999 -9999 -9999 -9999 -9999 -9999 -9999 -9999 -9999 -9999 -9999 -9999 -9999 -9999 -9999 -9999 260 260 262 262 263 271 266 269 271 273 276 288 291 295 290 295 301 306 310 316 322 429 437 479 501 462 457 465 496 509 490 463 460 468 447 442 441 451 449 433 428 422 416 409 407 409 411 400 383 379 390 385 386
-9999 -9999 -9999 -9999 -9999 -9999 -9999 -9999 -9999 -9999 -9999 -9999 -9999 -9999 -9999 -9999 -9999 -9999 -9999 -9999 -9999 -9999 -9999 -9999 -9999 -9999 -9999 -9999 -9999 -9999 -9999 -9999 -9999 -9999 -9999 -9999 -9999 -9999 265 265 266 274 271 273 274 277 281 286 289 293 299 303 309 313 319 323 328 374 481 505 494 473 456 461 484 456 458 471 476 447 443 438 436 430 451 445 427 417 407 403 409 397 387 394 373 366 362 381
-9999 -9999 -9999 -9999 -9999 -9999 -9999 -9999 -9999 -9999 -9999 -9999 -9999 -9999 -9999 -9999 -9999 -9999 -9999 -9999 -9999 -9999 -9999 -9999 -9999 -9999 -9999 -9999 -9999 -9999 -9999 -9999 -9999 -9999 -9999 -9999 -9999 -9999 265 267 268 276 279 274 277 280 284 287 292 295 301 305 311 317 322 327 331 376 454 494 504 467 460 454 458 460 458 452 467 472 445 441 436 432 453 460 434 420 410 402 397 392 385 377 372 368 358 354
-9999 -9999 -9999 -9999 -9999 -9999 -9999 -9999 -9999 -9999 -9999 -9999 -9999 -9999 -9999 -9999 -9999 -9999 -9999 -9999 -9999 -9999 -9999 -9999 -9999 -9999 -9999 -9999 -9999 -9999 -9999 -9999 -9999 -9999 -9999 264 268 -9999 273 273 276 278 274 276 280 283 294 297 294 298 303 308 314 319 325 330 336 340 469 484 499 489 474 464 460 422 419 442 463 480 463 442 438 434 430 439 446 432 414 404 409 392 403 400 377 393 368 353
-9999 -9999 -9999 -9999 -9999 -9999 -9999 -9999 -9999 -9999 -9999 -9999 -9999 -9999 -9999 -9999 -9999 -9999 -9999 -9999 -9999 -9999 -9999 -9999 -9999 -9999 -9999 -9999 -9999 -9999 -9999 264 264 266 263 264 269 271 273 269 277 273 276 279 281 293 290 293 298 302 307 312 317 333 329 334 339 345 409 470 480 493 478 475 467 448 415 420 454 452 490 470 440 436 432 427 442 426 419 412 408 395 390 382 378 376 372 397
-9999 -9999 -9999 -9999 -9999 -9999 -9999 -9999 -9999 -9999 -9999 -9999 -9999 -9999 -9999 -9999 -9999 -9999 -9999 -9999 -9999 -9999 -9999 -9999 -9999 -9999 -9999 -9999 -9999 -9999 -9999 264 264 266 266 269 270 271 274 277 279 282 279 281 291 296 300 304 310 306 318 315 332 339 333 350 355 359 366 371 440 471 472 471 471 460 415 425 427 466 464 495 443 439 435 431 448 434 438 428 418 426 392 388 382 379 371 380
-9999 -9999 -9999 -9999 -9999 -9999 -9999 -9999 -9999 -9999 -9999 -9999 -9999 -9999 -9999 -9999 -9999 -9999 -9999 -9999 -9999 -9999 -9999 -9999 -9999 -9999 -9999 -9999 -9999 -9999 -9999 264 265 266 268 269 271 274 276 277 281 284 288 291 294 297 302 307 313 318 323 329 335 342 348 356 359 365 370 375 368 380 389 477 475 440 479 477 473 458 457 457 497 444 439 434 456 461 439 433 417 412 400 393 391 383 377 380
-9999 -9999 -9999 -9999 -9999 -9999 -9999 -9999 -9999 -9999 -9999 -9999 -9999 -9999 -9999 -9999 -9999 -9999 -9999 -9999 -9999 -9999 -9999 -9999 -9999 -9999 -9999 -9999 -9999 -9999 -9999 264 266 267 269 272 272 275 277 280 283 287 290 293 297 293 306 311 317 323 328 333 340 347 353 347 364 369 362 367 373 379 387 393 402 408 471 476 465 463 459 463 461 488 443 438 451 479 476 465 441 443 433 420 398 395 386 384
-9999 -9999 -9999 -9999 -9999 -9999 -9999 -9999 -9999 -9999 -9999 -9999 -9999 -9999 -9999 -9999 -9999 -9999 -9999 -9999 -9999 -9999 -9999 -9999 -9999 -9999 -9999 -9999 -9999 -9999 -9999 265 266 267 269 270 272 277 280 280 286 289 293 296 292 297 301 315 321 327 333 339 344 351 345 364 368 360 366 371 379 384 390 397 403 423 481 491 470 466 463 464 466 470 468 477 464 469 490 452 448 454 446 427 440 407 397 399
-9999 -9999 -9999 -9999 -9999 -9999 -9999 -9999 -9999 -9999 -9999 -9999 -9999 -9999 -9999 -9999 -9999 -9999 -9999 -9999 -9999 -9999 -9999 -9999 -9999 -9999 -9999 -9999 -9999 -9999 262 265 -9999 267 270 272 273 278 280 283 286 290 293 300 295 307 315 320 325 331 337 344 339 345 348 354 359 365 370 378 383 389 396 404 421 412 421 453 493 471 468 469 471 479 473 499 493 496 497 471 454 454 477 471 463 461 419 405
-9999 -9999 -9999 -9999 -9999 -9999 -9999 -9999 -9999 -9999 -9999 -9999 -9999 -9999 -9999 -9999 -9999 -9999 -9999 -9999 -9999 -9999 -9999 -9999 -9999 -9999 -9999 -9999 -9999 -9999 262 265 266 269 270 268 275 278 281 283 281 285 296 293 306 313 318 324 328 334 341 348 342 348 354 359 365 371 377 382 389 394 399 485 431 490 425 450 466 506 473 490 469 491 457 460 450 511 522 517 501 516 512 506 491 476 451 418
-9999 -9999 -9999 -9999 -9999 -9999 -9999 -9999 -9999 -9999 -9999 -9999 -9999 -9999 -9999 -9999 -9999 -9999 -9999 -9999 -9999 -9999 -9999 -9999 -9999 -9999 -9999 -9999 267 261 264 265 266 268 270 273 275 278 282 279 282 287 298 296 300 314 320 327 334 341 335 340 345 351 357 362 369 376 381 388 393 399 422 457 414 455 466 455 445 457 498 510 478 468 462 466 457 453 473 540 533 526 533 546 514 474 447 442
-9999 -9999 -9999 -9999 -9999 -9999 -9999 -9999 -9999 -9999 -9999 -9999 -9999 -9999 -9999 -9999 -9999 -9999 -9999 -9999 -9999 -9999 -9999 -9999 -9999 -9999 -9999 -9999 -9999 263 264 264 266 268 270 273 276 278 277 285 283 295 299 305 311 316 323 331 327 333 339 345 363 356 362 367 373 379 385 392 397 403 427 431 419 442 447 444 450 455 518 499 490 474 477 505 471 466 475 467 509 538 523 529 511 511 481 465
-9999 -9999 -9999 -9999 -9999 -9999 -9999 -9999 -9999 -9999 -9999 -9999 -9999 -9999 -9999 -9999 -9999 -9999 -9999 -9999 -9999 -9999 -9999 -9999 -9999 -9999 -9999 -9999 -9999 262 264 264 267 268 270 273 276 278 277 281 289 295 300 298 313 319 326 322 341 336 344 350 356 361 366 373 379 385 390 396 402 409 432 437 426 432 437 444 466 458 492 525 496 476 481 531 545 515 498 484 502 517 526 529 533 529 505 477
-9999 -9999 -9999 -9999 -9999 -9999 -9999 -9999 -9999 -9999 -9999 -9999 -9999 -9999 -9999 -9999 -9999 -9999 -9999 -9999 -9999 -9999 -9999 -9999 -9999 -9999 -9999 -9999 -9999 -9999 264 266 270 268 270 273 272 275 278 287 291 296 302 309 314 320 328 326 332 341 347 354 359 364 386 376 382 389 395 401 406 432 437 443 433 436 444 450 475 463 472 480 518 483 491 514 558 561 538 499 489 511 534 545 544 515 505 480
-9999 -9999 -9999 -9999 -9999 -9999 -9999 -9999 -9999 -9999 -9999 -9999 -9999 -9999 -9999 -9999 -9999 -9999 -9999 -9999 -9999 -9999 -9999 -9999 -9999 -9999 -9999 -9999 -9999 -9999 -9999 273 292 295 282 271 272 275 278 281 291 296 302 308 316 324 320 329 338 345 351 358 363 369 376 382 388 393 417 406 412 417 441 448 453 440 449 453 460 471 479 485 493 516 486 493 551 567 556 547 520 525 526 534 534 536 527 507
-9999 -9999 -9999 -9999 -9999 -9999 -9999 -9999 -9999 -9999 -9999 -9999 -9999 -9999 -9999 -9999 -9999 -9999 -9999 -9999 -9999 -9999 -9999 -9999 -9999 -9999 -9999 -9999 -9999 -9999 -9999 -9999 301 318 316 326 296 291 287 284 291 293 302 300 317 315 323 332 354 348 354 362 368 374 379 387 392 418 423 430 416 422 447 452 440 458 508 455 484 507 532 511 504 547 521 495 520 548 574 567 547 534 525 521 532 522 538 524
-9999 -9999 -9999 -9999 -9999 -9999 -9999 -9999 -9999 -9999 -9999 -9999 -9999 -9999 -9999 -9999 -9999 -9999 -9999 -9999 -9999 -9999 -9999 -9999 -9999 -9999 -9999 -9999 -9999 -9999 -9999 -9999 273 363 362 345 339 323 335 306 295 304 311 306 312 320 325 334 344 353 358 365 372 377 384 390 414 421 409 416 422 427 452 439 445 460 455 460 546 555 518 544 528 537 499 490 502 528 562 575 574 563 532 525 519 526 537 524
-9999 -9999 -9999 -9999 -9999 -9999 -9999 -9999 -9999 -9999 -9999 -9999 -9999 -9999 -9999 -9999 -9999 -9999 -9999 -9999 -9999 -9999 -9999 -9999 -9999 -9999 -9999 -9999 -9999 -9999 -9999 -9999 -9999 307 358 391 389 385 371 334 306 318 312 336 325 336 326 337 362 356 363 370 376 382 408 414 401 407 413 419 426 433 439 444 449 456 461 467 490 540 558 524 529 558 546 501 499 538 556 565 579 578 533 537 532 527 531 533
-9999 -9999 -9999 -9999 -9999 -9999 -9999 -9999 -9999 -9999 -9999 -9999 -9999 -9999 -9999 -9999 -9999 -9999 -9999 -9999 -9999 -9999 -9999 -9999 -9999 -9999 -9999 -9999 -9999 -9999 -9999 -9999 -9999 -9999 276 378 401 411 431 404 355 341 372 360 336 345 339 346 351 360 368 396 382 406 393 398 406 413 419 427 434 439 444 449 456 462 489 471 499 500 566 554 562 567 566 539 505 526 551 542 553 575 557 532 526 528 529 513
-9999 -9999 -9999 -9999 -9999 -9999 -9999 -9999 -9999 -9999 -9999 -9999 -9999 -9999 -9999 -9999 -9999 -9999 -9999 -9999 -9999 -9999 -9999 -9999 -9999 -9999 -9999 -9999 -9999 -9999 -9999 -9999 -9999 -9999 -9999 272 296 399 451 441 433 408 411 390 366 377 365 374 363 374 381 400 406 392 398 404 432 439 426 431 437 444 448 457 460 488 480 502 509 554 577 557 535 575 574 572 545 512 529 511 526 571 580 544 545 534 534 513
-9999 -9999 -9999 -9999 -9999 -9999 -9999 -9999 -9999 -9999 -9999 -9999 -9999 -9999 -9999 -9999 -9999 -9999 -9999 -9999 -9999 -9999 -9999 -9999 -9999 -9999 -9999 -9999 -9999 -9999 -9999 -9999 -9999 -9999 -9999 -9999 -9999 269 334 422 420 432 348 362 370 403 380 400 388 433 423 442 426 398 401 408 413 420 428 434 440 447 453 460 465 493 500 489 498 573 581 558 579 577 550 517 534 540 546 517 547 563 582 576 551 537 525 517
