inst/testdata/Hispaniola_WorldClim/snv_10.asc
ncols         743
nrows         319
xllcorner     -74.500956448335
yllcorner     17.448920549066
cellsize      0.0083333333333333
NODATA_value  -9999
[rows 39 to 77 of 319, columns 352 to 439 of 743]
283 283 283 283 284 284 282 282 283 281 280 278 276 282 280 280 279 277 277 280 274 277 278 278 276 271 270 271 270 275 277 278 278 277 276 274 271 272 272 273 267 263 255 258 256 255 253 250 253 268 275 271 274 277 277 272 272 276 271 273 274 275 276 279 277 277 274 273 273 278 274 272 272 269 269 272 274 271 273 274 273 272 271 272 271 269 267 266
283 283 284 284 284 284 283 284 284 282 280 280 277 280 283 280 279 277 279 281 276 274 280 276 275 274 274 274 271 274 274 278 279 278 276 276 274 274 276 274 272 270 271 261 250 245 245 246 246 253 255 257 267 274 275 272 275 273 271 272 275 277 276 278 277 276 275 274 275 277 276 271 272 269 269 270 273 270 270 274 272 271 270 272 271 269 269 267
283 283 284 284 284 284 284 284 284 284 284 283 281 281 283 281 280 280 279 280 282 282 282 280 280 274 272 273 274 271 271 274 279 273 276 276 275 276 276 277 275 275 273 268 260 259 252 254 247 243 244 243 252 264 271 271 272 272 271 270 273 273 276 277 277 272 275 275 275 275 273 270 270 268 270 273 272 269 271 272 273 271 271 271 271 270 270 270
283 284 284 284 283 284 284 284 285 285 284 284 280 284 284 284 282 282 281 282 283 283 282 282 281 280 274 274 277 273 277 280 280 275 272 272 274 276 277 277 278 277 276 275 269 268 266 259 262 254 249 242 249 255 256 258 265 265 268 265 266 274 273 276 277 276 273 273 274 275 275 272 271 271 272 273 274 272 271 272 272 270 269 268 269 271 271 269
283 284 284 284 283 284 284 285 285 285 284 285 285 285 284 283 284 284 284 284 284 284 283 283 282 281 280 279 278 276 278 282 279 279 279 278 277 278 279 279 278 279 278 276 275 274 270 267 263 259 259 258 254 250 247 247 251 252 255 257 253 264 271 275 276 275 274 272 273 275 275 275 271 269 267 270 272 270 271 270 270 272 268 269 269 270 269 269
284 284 284 284 284 284 285 284 284 284 285 285 285 285 284 284 285 285 285 285 285 284 284 282 283 281 281 281 280 280 281 281 280 280 279 278 278 278 279 280 279 279 275 278 276 274 273 271 270 267 263 262 257 257 257 257 256 253 244 239 248 262 271 273 275 272 273 271 269 274 275 273 273 271 269 270 272 271 267 269 270 270 269 269 269 268 268 270
284 284 284 283 284 285 284 284 284 285 286 285 286 285 285 285 286 285 286 286 285 285 283 282 282 281 281 282 282 282 283 283 282 282 280 279 280 277 279 281 279 280 280 277 276 276 274 273 272 271 269 270 265 266 262 256 262 262 254 254 261 268 270 271 270 271 270 270 267 270 271 271 271 271 271 272 272 271 267 266 271 270 268 268 269 268 268 269
284 284 284 284 284 285 284 284 284 285 286 286 285 285 285 285 286 286 286 286 285 285 284 283 281 281 281 282 283 283 283 283 283 284 282 281 280 277 280 281 282 280 279 277 277 277 277 276 275 274 274 272 266 264 265 262 265 259 252 259 253 260 261 257 266 262 261 265 264 268 267 266 269 267 269 271 272 272 270 268 270 267 266 266 266 266 269 269
284 284 283 284 285 284 284 284 284 286 285 286 285 285 285 285 286 286 285 286 285 284 285 284 283 283 282 283 284 284 284 285 284 284 283 282 281 280 280 281 282 280 278 279 278 279 278 277 277 277 276 275 275 274 271 264 268 264 261 257 249 250 242 246 249 247 253 249 249 252 256 261 262 265 266 271 269 270 269 266 269 267 263 261 262 269 265 266
283 284 284 284 285 284 284 284 284 286 286 286 285 285 285 285 286 286 286 286 284 284 283 283 283 283 284 284 284 284 285 286 284 285 284 283 283 282 282 284 283 281 281 281 280 281 279 279 280 279 278 279 278 277 275 266 271 270 268 263 261 263 255 257 252 254 255 252 245 243 243 255 260 265 266 260 265 265 265 264 266 268 265 262 258 264 265 265
283 283 284 285 285 284 284 284 285 286 286 285 285 285 285 285 286 286 286 286 286 284 283 285 285 285 283 285 285 285 285 285 284 285 285 284 284 284 284 285 283 282 283 282 281 282 281 281 281 280 280 280 280 279 278 277 274 275 268 270 269 270 266 264 259 249 262 255 256 248 233 246 247 252 251 252 261 263 262 264 266 265 263 260 261 259 263 266
283 283 284 285 285 284 284 284 286 286 285 285 285 285 285 286 286 286 286 286 286 285 284 284 285 286 285 285 285 285 285 286 286 286 285 285 286 285 285 285 284 284 284 282 282 283 282 282 282 282 282 281 282 280 280 279 279 278 274 273 272 272 271 268 268 259 247 262 257 252 244 235 239 237 241 246 249 257 262 263 263 264 264 262 261 263 265 264
283 284 283 284 285 284 285 284 286 286 286 285 286 286 286 287 286 287 287 287 286 286 285 286 286 286 286 286 286 287 286 286 287 286 286 286 286 286 285 286 285 285 285 283 284 284 283 282 283 283 283 283 282 282 282 282 280 280 277 274 275 275 274 274 274 273 266 271 251 243 255 245 228 228 228 234 241 254 258 261 257 259 256 256 261 260 261 265
283 283 283 283 284 284 285 285 285 284 285 285 285 286 286 286 285 285 286 287 286 286 287 287 287 286 287 286 286 287 287 287 287 287 287 287 287 287 286 286 286 285 285 285 284 284 284 284 284 284 285 285 285 283 283 283 282 281 278 279 278 277 277 278 277 276 275 272 267 263 262 247 243 229 218 221 228 241 255 251 246 255 252 255 259 260 261 261
283 284 284 283 283 283 285 285 284 285 285 284 285 285 285 286 285 285 285 286 286 286 286 287 287 288 287 288 287 287 287 287 287 287 287 287 287 287 287 287 287 286 286 286 286 285 286 286 285 286 287 285 286 286 284 285 283 284 281 281 281 281 280 279 279 279 277 277 275 273 273 261 253 241 233 228 225 228 241 237 242 240 247 254 249 259 261 255
283 284 284 284 284 284 284 284 284 284 284 284 285 285 286 284 286 285 287 286 286 285 287 287 287 288 288 288 287 287 287 287 288 288 287 287 287 288 287 287 287 287 287 287 287 286 286 287 287 287 287 287 287 287 286 286 285 285 285 283 284 282 282 282 282 281 281 281 278 277 275 271 267 255 246 241 232 222 226 225 230 232 238 242 246 252 255 253
281 282 283 282 284 284 284 284 283 284 284 285 284 285 284 284 284 285 287 287 287 286 285 285 287 287 287 287 287 287 287 287 287 287 287 287 287 287 287 287 288 287 287 288 287 287 287 287 288 288 288 288 288 288 287 287 287 286 286 286 286 284 284 284 283 282 283 282 280 280 278 277 274 267 262 259 250 243 232 226 228 234 233 241 240 241 250 254
280 282 282 282 283 284 284 284 283 283 285 285 285 284 284 284 284 285 286 286 286 286 285 285 286 286 287 287 287 287 287 287 286 287 287 287 287 287 288 288 288 288 288 288 288 288 288 288 288 288 288 288 288 288 288 288 288 288 287 287 287 286 286 284 284 284 283 282 282 281 280 279 278 276 275 270 263 258 247 242 243 251 250 252 245 242 245 251
278 281 283 282 283 283 282 283 283 284 284 284 284 283 283 284 284 285 285 286 286 286 284 283 281 282 287 285 286 286 286 286 286 286 287 287 287 287 288 288 288 288 288 288 288 288 288 288 288 288 288 288 288 288 288 288 288 288 288 288 287 287 287 286 285 285 284 283 283 282 281 281 280 279 278 276 270 266 253 254 257 261 262 258 251 251 254 253
278 279 280 279 280 284 281 281 282 282 282 283 283 283 283 283 284 285 285 286 285 283 283 282 280 279 281 285 286 286 286 286 286 286 286 288 287 287 288 288 288 288 288 288 288 288 288 288 288 288 288 288 288 288 288 288 288 288 288 288 288 287 286 286 286 285 285 284 284 283 282 282 281 280 279 278 275 272 267 262 266 267 266 259 256 253 258 258
278 282 281 279 278 282 283 282 283 282 283 282 282 282 282 282 283 284 286 286 286 283 282 282 281 280 279 278 282 285 286 286 286 287 286 286 288 287 287 288 288 288 288 288 288 288 288 288 288 288 288 288 288 288 288 288 288 288 288 288 288 288 287 286 285 285 285 285 284 283 283 282 282 281 280 279 278 277 274 271 272 270 268 264 259 257 257 260
282 282 282 278 280 280 282 283 284 284 283 283 282 282 282 283 283 284 285 286 286 286 282 279 279 279 277 279 278 285 285 286 286 286 286 286 287 287 288 288 288 288 288 288 288 288 288 288 288 288 288 288 288 288 288 288 288 288 288 288 288 288 286 287 285 285 284 283 281 282 282 282 282 281 281 280 279 278 276 275 273 271 270 267 263 260 253 257
280 282 281 279 278 282 282 282 284 283 283 283 281 282 283 284 284 286 286 287 287 286 283 279 279 276 275 276 276 279 284 285 286 286 285 287 288 288 287 287 288 288 289 289 288 288 289 288 288 288 289 289 289 288 288 289 288 288 288 288 288 288 287 286 287 285 285 283 282 281 281 281 280 281 281 280 279 279 278 277 275 274 273 269 268 268 265 265
281 282 281 281 281 281 282 282 282 282 283 281 280 281 283 284 285 285 286 287 286 286 285 283 280 275 275 274 275 275 277 283 285 285 286 286 287 286 287 288 288 288 288 288 289 287 287 288 288 288 288 288 289 289 289 289 289 289 289 288 288 288 287 286 286 285 285 285 283 282 281 281 280 280 279 279 278 279 278 278 277 276 274 273 272 271 268 266
280 281 281 281 282 282 282 280 282 282 282 281 280 282 282 284 284 285 286 287 285 285 285 284 284 282 274 274 274 274 275 283 283 285 287 286 286 286 286 286 286 286 286 287 287 287 287 287 287 288 288 288 289 289 288 288 288 288 289 289 288 288 288 287 286 286 286 285 284 283 282 282 280 280 280 279 278 278 278 278 277 277 277 275 273 272 271 268
280 281 281 281 281 282 280 276 278 282 280 280 280 282 282 282 283 284 286 286 285 285 285 284 284 284 281 274 273 274 275 273 279 282 285 284 285 284 285 286 286 285 286 286 287 287 287 287 287 287 287 288 288 289 288 288 288 288 288 289 288 288 287 287 287 286 286 286 285 284 283 282 282 282 281 280 280 279 279 279 278 278 277 277 276 275 274 270
280 281 281 280 279 278 281 278 277 276 276 277 278 281 282 284 284 285 286 286 286 285 283 284 285 284 282 281 273 273 272 273 274 276 279 280 279 283 284 285 284 284 284 285 285 285 286 286 286 286 286 287 287 287 288 287 288 288 288 289 288 288 287 287 287 286 286 286 286 285 284 283 283 282 282 281 281 281 280 279 279 278 278 277 276 276 274 271
280 281 281 280 280 279 277 280 278 276 278 280 280 280 282 284 285 286 286 286 286 285 284 283 283 284 283 282 274 272 273 274 283 271 271 272 271 276 274 279 278 281 283 284 285 285 286 285 285 285 285 286 285 285 286 286 286 287 287 287 288 288 287 287 286 286 286 286 286 285 284 284 283 284 283 282 282 282 281 281 280 279 278 278 277 276 275 273
280 280 281 279 280 280 281 281 278 279 280 280 281 281 282 283 284 285 286 287 286 285 284 284 282 283 282 282 280 281 280 281 284 275 270 270 270 275 271 277 273 276 275 277 277 285 284 284 283 283 284 284 284 284 284 285 285 286 287 288 288 285 287 286 285 285 286 286 285 285 285 284 284 284 283 282 281 281 282 281 281 281 279 278 278 277 276 276
279 280 280 279 279 280 281 281 278 279 280 282 282 283 284 284 285 286 285 286 286 287 285 284 284 283 282 282 281 281 282 282 283 281 276 268 268 271 270 274 271 273 274 273 272 282 277 281 277 283 282 282 282 283 283 284 285 286 286 288 288 287 287 286 285 285 286 286 284 284 284 284 283 283 283 282 281 281 281 281 281 281 281 280 279 279 278 277
279 278 280 279 278 278 280 281 281 281 280 283 282 284 284 284 285 285 284 285 286 286 286 285 284 283 283 281 281 282 283 283 282 284 279 280 272 275 273 272 270 270 275 269 274 281 271 273 273 277 279 282 281 282 282 284 286 286 288 287 287 286 286 285 284 284 285 285 284 284 283 283 282 283 282 281 280 280 280 280 281 280 279 279 280 280 279 279
279 278 278 278 276 277 277 281 281 280 280 282 282 283 283 284 285 284 284 285 286 286 286 284 284 285 283 282 281 281 282 283 282 284 281 281 281 281 277 277 275 272 272 274 283 283 267 269 271 273 274 281 280 283 284 285 286 286 287 287 287 286 285 284 283 284 285 284 285 284 283 283 281 281 282 282 279 280 279 280 279 279 279 278 279 279 280 279
276 277 278 277 276 278 279 280 281 280 281 282 282 283 283 284 284 284 284 285 286 285 286 286 284 285 284 282 280 282 282 282 281 283 283 281 280 280 279 279 278 275 270 277 280 283 281 280 277 270 270 279 280 282 272 282 286 286 287 285 286 276 278 276 282 284 284 286 285 284 282 282 281 281 281 281 279 279 279 279 279 278 277 278 278 278 279 279
275 276 276 276 276 278 278 279 280 280 281 282 282 282 283 283 284 283 284 285 286 286 286 286 286 285 285 284 282 281 281 280 280 283 283 281 281 280 278 277 277 277 274 277 281 281 281 279 280 276 281 281 282 282 283 284 285 287 285 284 285 276 275 276 281 280 284 285 285 283 282 279 278 278 281 279 280 280 278 280 280 277 279 277 277 278 278 278
275 275 276 276 277 277 278 279 280 280 281 281 281 282 281 283 283 283 284 286 285 285 286 286 286 286 285 284 283 283 282 281 281 282 283 279 279 279 278 277 276 277 269 269 276 278 279 278 278 281 282 283 283 284 285 284 286 287 285 285 284 283 281 281 282 283 282 284 285 284 283 281 274 272 274 274 279 277 277 278 279 276 276 277 277 277 277 277
274 274 275 275 277 278 279 279 279 281 281 279 279 278 281 282 283 283 285 284 285 285 285 284 285 286 285 285 284 284 283 282 281 282 282 282 281 281 280 278 277 277 275 271 273 277 279 276 274 276 276 282 283 283 284 285 286 285 284 283 283 283 282 281 282 283 284 283 284 283 284 283 281 279 278 277 277 269 275 271 274 277 275 276 277 277 276 277
272 273 274 275 277 278 278 278 279 279 277 276 279 279 279 282 284 283 284 284 285 284 285 283 285 286 285 285 284 284 283 282 281 281 281 281 281 280 279 279 277 275 273 272 274 276 276 269 266 266 271 267 274 277 283 281 282 286 284 281 281 282 281 281 281 282 283 283 283 283 283 283 282 281 281 279 278 276 270 265 270 270 271 274 276 276 276 276
269 272 272 274 276 276 276 278 278 279 277 278 279 281 280 280 282 283 282 283 283 284 284 284 284 285 286 286 285 285 284 282 281 280 280 280 282 279 278 278 278 276 274 272 274 280 278 270 269 264 267 265 270 266 268 269 272 281 285 281 280 277 279 280 281 281 282 283 282 282 282 282 280 281 280 279 278 274 275 266 266 268 263 266 274 275 274 275
264 268 272 275 274 273 274 275 277 278 278 277 279 279 279 279 281 282 282 283 283 283 283 283 284 285 285 285 286 284 284 283 282 281 279 280 280 280 279 277 276 275 273 272 273 278 273 271 268 263 263 266 275 265 270 274 284 284 284 270 265 267 269 271 278 279 281 281 281 280 281 281 282 281 280 279 278 277 276 274 273 274 266 264 273 274 267 273
