inst/testdata/Hispaniola_WorldClim/snv_10.asc
ncols         743
nrows         319
xllcorner     -74.500956448335
yllcorner     17.448920549066
cellsize      0.0083333333333333
NODATA_value  -9999
[rows 195 to 233 of 319, columns 88 to 175 of 743]
249 255 258 265 266 264 265 266 263 262 262 268 275 276 276 276 276 264 260 260 268 268 268 261 247 261 268 256 257 252 256 253 265 273 273 265 262 262 261 270 268 268 268 271 271 264 267 265 269 270 268 269 270 274 277 277 278 276 276 276 277 277 -9999 -9999 -9999 277 277 273 274 276 273 275 275 276 276 -9999 -9999 -9999 -9999 -9999 -9999 -9999 -9999 -9999 -9999 -9999 -9999 -9999
254 258 257 257 255 252 253 256 255 256 267 275 276 276 269 276 264 260 263 249 262 254 243 240 241 261 263 259 253 249 242 238 256 265 259 253 250 254 259 269 261 258 252 255 272 273 274 274 275 275 270 271 273 275 276 277 276 273 274 274 275 275 277 277 276 274 275 270 265 271 266 269 273 275 276 277 276 -9999 -9999 -9999 -9999 -9999 -9999 -9999 -9999 -9999 -9999 -9999
248 247 247 243 243 247 259 260 260 257 275 275 274 266 259 257 252 249 247 242 235 239 228 227 234 235 244 235 245 239 236 235 247 257 257 251 241 260 262 266 257 241 250 260 270 273 273 273 273 270 268 270 274 273 276 276 270 266 265 268 265 272 273 274 273 274 272 261 258 266 263 259 268 270 267 275 276 276 -9999 -9999 -9999 -9999 -9999 -9999 -9999 -9999 -9999 277
238 235 239 233 241 241 249 249 251 266 274 268 260 243 246 248 243 239 237 238 233 240 241 241 238 230 240 245 255 247 237 236 236 254 249 242 244 238 239 249 251 244 253 265 270 272 269 270 272 273 273 276 276 275 270 267 271 261 255 257 257 264 267 270 272 272 269 267 268 257 251 251 258 267 263 263 272 274 276 -9999 -9999 -9999 -9999 277 277 267 263 267
236 246 249 249 241 245 254 254 253 274 274 256 246 244 239 241 237 232 231 233 249 253 251 253 255 255 251 254 256 254 251 239 245 252 251 257 254 247 244 250 255 252 257 265 269 270 270 271 271 272 272 275 276 271 270 257 270 265 261 258 241 251 260 263 262 262 256 257 259 262 254 248 246 254 254 262 263 267 273 275 -9999 277 277 277 274 266 258 258
230 226 238 240 264 260 262 263 268 272 264 244 241 237 234 236 240 237 234 240 254 254 250 247 252 256 255 252 256 255 255 256 253 258 258 258 259 258 257 263 264 264 263 267 269 269 267 269 269 274 274 275 271 265 266 263 260 264 264 259 253 250 249 246 251 251 249 244 241 243 252 252 245 242 248 251 259 259 257 263 267 270 273 270 270 269 263 265
229 236 239 253 257 260 242 242 259 264 250 241 235 232 244 248 253 254 253 254 255 255 253 248 251 253 251 257 257 258 257 258 258 259 258 258 259 260 259 258 254 256 262 258 263 265 268 266 264 269 269 255 253 253 252 250 252 251 256 245 241 240 237 235 234 236 235 232 222 231 235 240 242 242 245 246 248 250 256 262 266 269 274 274 275 274 271 272
217 222 222 234 251 243 232 245 252 258 234 237 235 233 250 252 250 248 250 251 248 250 255 255 255 255 254 255 258 260 261 258 258 259 260 260 262 260 260 259 256 258 264 258 258 262 263 259 267 256 273 255 249 252 243 238 236 236 236 237 235 232 225 224 227 223 220 219 222 225 226 231 232 235 237 241 245 246 256 263 268 270 273 269 276 276 276 275
228 229 238 233 227 229 233 238 246 250 238 234 232 231 241 238 240 245 240 244 242 242 250 245 246 252 255 255 256 256 258 258 260 265 265 262 261 263 262 252 260 264 266 270 260 257 256 261 273 273 273 271 271 259 252 250 243 229 229 227 227 222 219 217 215 215 219 221 224 224 224 226 228 233 238 239 243 250 256 266 270 272 273 275 276 276 276 276
224 229 242 241 229 225 225 231 237 238 245 235 234 235 241 243 239 240 238 237 234 236 246 247 242 245 250 252 253 256 257 257 261 261 262 265 266 265 260 250 251 268 266 265 270 266 263 266 270 266 266 262 262 262 265 258 249 248 245 237 224 224 217 220 216 218 220 222 224 225 224 226 231 231 238 239 246 252 261 266 270 271 272 274 276 276 276 276
218 231 245 249 238 250 242 232 238 239 244 245 243 240 244 252 249 248 247 247 244 243 243 243 241 241 246 249 252 252 253 255 256 258 260 262 266 265 267 263 261 265 268 261 262 268 271 272 260 260 263 254 252 252 250 249 247 248 250 249 247 243 241 240 236 236 230 229 225 225 229 229 232 231 236 239 243 250 262 267 267 268 274 274 276 276 276 276
242 235 244 252 255 256 244 230 239 244 251 253 252 254 267 264 257 258 252 247 246 241 242 240 244 237 248 248 251 251 254 255 256 259 260 263 261 265 266 267 267 267 269 266 262 261 265 260 258 257 254 253 252 250 252 249 252 249 249 250 251 251 247 244 243 245 244 240 238 229 233 232 234 237 241 241 243 252 265 265 266 266 268 276 276 276 276 269
257 252 248 252 260 263 258 248 248 257 256 258 261 270 268 271 267 260 257 254 255 242 241 237 237 239 242 242 248 247 250 255 257 257 259 260 263 263 263 263 265 265 268 267 265 261 261 258 257 257 253 254 254 252 253 256 256 254 253 253 253 253 249 251 253 252 251 248 247 244 244 246 246 249 255 253 254 254 258 259 259 258 257 257 262 259 251 253
258 249 247 254 260 266 260 258 256 262 266 272 274 273 273 273 272 268 267 265 265 261 254 251 247 248 246 243 246 245 250 253 256 257 258 260 261 262 263 263 265 267 266 267 267 267 260 260 259 263 258 262 262 259 258 260 259 259 258 256 257 254 252 253 252 252 252 252 251 252 253 259 257 260 260 260 261 258 260 259 258 258 255 256 255 256 250 248
265 264 262 266 270 269 265 265 267 269 272 274 275 275 274 274 272 269 269 264 263 260 259 253 242 236 235 236 242 234 238 244 249 248 248 250 257 259 258 263 263 262 262 263 264 264 264 260 263 260 257 259 261 260 260 256 255 255 258 258 257 255 255 254 253 254 255 255 254 255 253 255 259 259 260 261 261 261 262 259 258 259 257 257 256 254 252 250
273 273 273 274 273 273 274 275 274 274 275 275 275 274 275 274 272 266 257 251 248 252 243 243 244 227 223 220 227 219 232 246 237 229 233 238 248 242 248 251 246 251 248 249 251 256 256 259 259 256 251 258 259 257 254 249 247 247 248 252 256 255 256 254 254 254 255 255 256 258 258 258 253 259 258 256 261 262 261 262 261 258 254 255 256 255 254 254
273 274 271 272 274 274 275 274 274 275 274 273 275 275 274 270 263 265 261 253 240 226 226 236 236 227 232 219 213 222 232 231 226 215 212 212 227 234 233 234 225 231 232 232 239 247 252 254 259 262 260 257 255 252 246 248 248 242 244 250 257 249 250 248 247 248 245 250 254 258 257 258 258 255 252 257 256 259 262 262 261 261 252 252 257 256 253 247
269 269 267 265 266 269 265 261 263 262 262 265 268 273 275 267 263 257 242 236 230 223 215 221 222 226 244 230 218 206 207 207 208 216 218 212 217 208 217 222 223 223 233 232 234 239 256 259 260 268 270 268 264 265 258 251 249 251 251 256 253 248 248 246 248 249 248 247 243 250 256 256 258 255 252 251 253 255 256 259 261 262 257 253 254 258 252 250
263 260 263 264 265 267 266 265 265 265 268 266 271 275 275 269 272 256 250 258 244 237 232 240 244 242 249 242 231 209 215 211 229 240 240 235 230 211 222 235 243 240 235 243 243 245 254 265 262 265 271 271 272 273 269 270 265 263 256 257 253 255 250 253 255 254 248 253 250 250 246 245 245 248 248 251 252 254 252 255 258 261 261 262 262 253 256 254
263 267 269 270 268 270 268 269 270 270 272 272 273 275 275 273 271 259 254 261 256 255 250 253 266 254 244 232 224 211 219 240 242 257 251 252 239 222 230 249 260 257 247 254 265 266 270 267 273 271 273 274 274 274 273 272 269 269 265 263 261 262 263 262 261 261 260 260 258 260 251 247 241 244 246 247 251 253 255 254 260 260 256 261 257 252 252 251
272 272 273 271 271 271 270 270 271 273 272 276 276 275 273 270 267 269 268 260 257 253 257 268 270 248 242 241 241 234 225 246 258 261 259 243 232 227 242 260 264 268 264 264 267 265 269 273 274 274 275 275 275 275 274 273 272 271 268 268 264 264 265 265 264 265 265 263 262 263 253 251 251 249 251 247 249 253 254 256 252 259 260 259 260 257 255 250
274 272 275 271 268 271 272 272 272 274 274 276 276 276 271 271 272 263 257 255 255 264 267 269 271 271 263 249 241 252 248 253 260 264 235 234 223 227 233 248 262 270 267 258 262 268 272 266 274 274 274 275 275 275 274 273 272 271 268 259 261 262 264 265 266 267 266 267 266 266 258 246 247 255 256 255 251 252 254 254 255 257 254 255 261 261 261 256
275 274 275 270 269 269 273 274 273 274 275 277 277 276 271 268 274 267 262 256 256 257 268 264 273 273 272 271 273 274 274 268 269 255 247 233 228 232 237 252 267 261 270 265 272 274 273 272 275 275 275 275 275 275 275 274 273 271 267 264 243 250 257 260 264 266 266 268 267 267 264 251 248 251 253 257 258 259 259 255 258 254 257 254 255 260 265 259
275 275 271 270 269 269 270 275 273 274 274 276 277 276 272 275 274 272 269 268 262 266 271 272 274 267 261 257 266 274 272 256 251 243 239 237 239 238 239 247 273 274 274 275 275 276 277 276 276 275 275 275 275 275 275 273 273 272 269 255 256 255 254 252 255 250 259 254 264 268 262 249 245 247 248 254 257 257 259 260 262 260 260 260 259 266 262 265
275 276 273 271 268 270 269 276 274 277 277 277 276 277 276 276 271 269 273 275 268 276 274 259 249 247 244 251 259 275 257 250 252 249 253 241 259 266 267 263 272 275 275 276 276 277 277 276 275 276 276 276 276 275 274 274 273 273 269 262 262 263 255 259 253 250 252 246 258 268 255 247 247 248 247 253 257 258 252 255 257 259 258 257 264 265 267 259
276 275 275 273 273 271 273 276 272 277 277 277 277 274 277 275 268 268 272 276 275 275 266 259 262 265 265 271 276 276 255 246 253 266 274 259 270 275 276 273 275 275 276 276 277 276 277 277 277 276 275 276 276 270 266 272 270 267 270 261 264 263 265 254 262 256 256 254 263 271 261 249 248 255 247 249 253 256 257 254 256 259 260 261 263 265 267 266
276 277 275 277 275 272 274 277 277 272 277 277 277 274 276 272 272 270 271 277 276 276 268 274 275 275 276 277 276 274 267 256 266 274 276 268 276 277 277 277 276 276 276 276 277 -9999 -9999 277 277 277 274 276 276 273 275 275 269 268 271 261 262 263 261 261 262 258 258 254 264 272 258 254 253 258 253 255 254 253 255 254 255 258 260 261 263 264 265 269
277 276 278 276 274 269 271 272 277 277 277 277 275 273 277 272 274 274 275 277 277 277 274 276 -9999 -9999 -9999 276 275 272 272 276 276 277 277 -9999 -9999 -9999 -9999 -9999 277 276 277 -9999 -9999 -9999 -9999 -9999 -9999 277 277 277 277 277 276 276 267 267 271 267 265 263 264 262 263 262 262 258 273 272 254 254 258 257 259 257 258 256 254 245 248 248 245 255 256 262 264 269
276 277 277 275 271 268 271 273 272 278 277 277 274 275 -9999 272 -9999 -9999 -9999 -9999 273 271 270 -9999 -9999 -9999 -9999 -9999 274 273 275 277 -9999 -9999 -9999 -9999 -9999 -9999 -9999 -9999 -9999 -9999 -9999 -9999 -9999 -9999 -9999 -9999 -9999 276 263 269 277 277 277 276 264 270 274 272 271 271 267 270 270 271 266 264 267 275 265 260 261 260 260 259 258 257 257 255 253 253 251 251 254 251 260 266
277 278 278 274 272 267 269 274 277 278 278 277 275 -9999 275 277 -9999 -9999 -9999 275 271 275 273 272 -9999 -9999 -9999 -9999 276 276 274 276 -9999 -9999 -9999 -9999 -9999 -9999 -9999 -9999 -9999 -9999 -9999 -9999 -9999 -9999 -9999 -9999 277 272 267 264 272 276 275 272 275 275 275 274 275 274 274 273 272 273 271 270 269 275 273 267 266 264 265 265 263 262 263 260 259 256 258 258 256 251 252 258
277 278 276 275 274 271 269 274 -9999 -9999 -9999 278 -9999 -9999 274 277 -9999 -9999 275 269 272 275 277 272 274 -9999 -9999 -9999 -9999 -9999 -9999 -9999 -9999 -9999 -9999 -9999 -9999 -9999 -9999 -9999 -9999 -9999 277 -9999 275 -9999 -9999 -9999 276 276 271 273 270 276 276 -9999 -9999 -9999 -9999 276 276 274 274 275 273 274 274 274 275 275 275 272 271 270 270 268 267 264 266 263 263 264 261 262 258 258 258 253
278 279 279 277 275 276 275 275 -9999 -9999 -9999 -9999 -9999 276 277 277 -9999 -9999 274 273 274 277 278 275 277 -9999 -9999 -9999 -9999 -9999 -9999 -9999 -9999 -9999 -9999 -9999 -9999 -9999 -9999 -9999 -9999 -9999 276 277 277 -9999 -9999 274 273 -9999 277 277 -9999 -9999 -9999 -9999 -9999 -9999 -9999 277 277 277 277 276 275 275 275 277 276 276 277 275 274 273 272 272 269 268 270 268 269 266 265 266 263 263 260 257
278 279 279 279 279 279 278 278 -9999 -9999 -9999 -9999 278 278 -9999 -9999 -9999 -9999 -9999 277 -9999 -9999 -9999 -9999 -9999 -9999 -9999 -9999 -9999 -9999 -9999 -9999 -9999 -9999 -9999 -9999 -9999 -9999 -9999 -9999 -9999 -9999 -9999 -9999 -9999 -9999 -9999 -9999 -9999 -9999 -9999 -9999 -9999 -9999 -9999 -9999 -9999 -9999 -9999 -9999 -9999 -9999 -9999 277 276 276 277 277 277 277 277 276 275 275 273 274 272 271 271 271 269 269 269 269 267 267 264 263
279 279 279 279 279 -9999 -9999 -9999 -9999 -9999 -9999 -9999 -9999 -9999 -9999 -9999 -9999 -9999 -9999 -9999 -9999 -9999 -9999 -9999 -9999 -9999 -9999 -9999 -9999 -9999 -9999 -9999 -9999 -9999 -9999 -9999 -9999 -9999 -9999 -9999 -9999 -9999 -9999 -9999 -9999 -9999 -9999 -9999 -9999 -9999 -9999 -9999 -9999 -9999 -9999 -9999 -9999 -9999 -9999 -9999 -9999 -9999 -9999 -9999 -9999 -9999 -9999 -9999 -9999 -9999 -9999 -9999 -9999 276 276 276 274 272 273 273 272 273 271 273 269 270 268 268
279 279 279 280 -9999 -9999 -9999 -9999 -9999 -9999 -9999 -9999 -9999 -9999 -9999 -9999 -9999 -9999 -9999 -9999 -9999 -9999 -9999 -9999 -9999 -9999 -9999 -9999 -9999 -9999 -9999 -9999 -9999 -9999 -9999 -9999 -9999 -9999 -9999 -9999 -9999 -9999 -9999 -9999 -9999 -9999 -9999 -9999 -9999 -9999 -9999 -9999 -9999 -9999 -9999 -9999 -9999 -9999 -9999 -9999 -9999 -9999 -9999 -9999 -9999 -9999 -9999 -9999 -9999 -9999 -9999 -9999 -9999 -9999 -9999 277 277 277 276 275 274 273 274 275 274 272 273 272
280 280 -9999 -9999 -9999 -9999 -9999 -9999 -9999 -9999 -9999 -9999 -9999 -9999 -9999 -9999 -9999 -9999 -9999 -9999 -9999 -9999 -9999 -9999 -9999 -9999 -9999 -9999 -9999 -9999 -9999 -9999 -9999 -9999 -9999 -9999 -9999 -9999 -9999 -9999 -9999 -9999 -9999 -9999 -9999 -9999 -9999 -9999 -9999 -9999 -9999 -9999 -9999 -9999 -9999 -9999 -9999 -9999 -9999 -9999 -9999 -9999 -9999 -9999 -9999 -9999 -9999 -9999 -9999 -9999 -9999 -9999 -9999 -9999 -9999 -9999 -9999 -9999 -9999 -9999 277 277 276 277 277 277 275 276
-9999 -9999 -9999 -9999 -9999 -9999 -9999 -9999 -9999 -9999 -9999 -9999 -9999 -9999 -9999 -9999 -9999 -9999 -9999 -9999 -9999 -9999 -9999 -9999 -9999 -9999 -9999 -9999 -9999 -9999 -9999 -9999 -9999 -9999 -9999 -9999 -9999 -9999 -9999 -9999 -9999 -9999 -9999 -9999 -9999 -9999 -9999 -9999 -9999 -9999 -9999 -9999 -9999 -9999 -9999 -9999 -9999 -9999 -9999 -9999 -9999 -9999 -9999 -9999 -9999 -9999 -9999 -9999 -9999 -9999 -9999 -9999 -9999 -9999 -9999 -9999 -9999 -9999 -9999 -9999 -9999 -9999 -9999 -9999 -9999 -9999 -9999 -9999
-9999 -9999 -9999 -9999 -9999 -9999 -9999 -9999 -9999 -9999 -9999 -9999 -9999 -9999 -9999 -9999 -9999 -9999 -9999 -9999 -9999 -9999 -9999 -9999 -9999 -9999 -9999 -9999 -9999 -9999 -9999 -9999 -9999 -9999 -9999 -9999 -9999 -9999 -9999 -9999 -9999 -9999 -9999 -9999 -9999 -9999 -9999 -9999 -9999 -9999 -9999 -9999 -9999 -9999 -9999 -9999 -9999 -9999 -9999 -9999 -9999 -9999 -9999 -9999 -9999 -9999 -9999 -9999 -9999 -9999 -9999 -9999 -9999 -9999 -9999 -9999 -9999 -9999 -9999 -9999 -9999 -9999 -9999 -9999 -9999 -9999 -9999 -9999
-9999 -9999 -9999 -9999 -9999 -9999 -9999 -9999 -9999 -9999 -9999 -9999 -9999 -9999 -9999 -9999 -9999 -9999 -9999 -9999 -9999 -9999 -9999 -9999 -9999 -9999 -9999 -9999 -9999 -9999 -9999 -9999 -9999 -9999 -9999 -9999 -9999 -9999 -9999 -9999 -9999 -9999 -9999 -9999 -9999 -9999 -9999 -9999 -9999 -9999 -9999 -9999 -9999 -9999 -9999 -9999 -9999 -9999 -9999 -9999 -9999 -9999 -9999 -9999 -9999 -9999 -9999 -9999 -9999 -9999 -9999 -9999 -9999 -9999 -9999 -9999 -9999 -9999 -9999 -9999 -9999 -9999 -9999 -9999 -9999 -9999 -9999 -9999
