.Random.seed <-
c(403L, 141L, 375187561L, -33640957L, 1310096107L, -2100119077L, 
1503730361L, -1727245019L, 737931930L, 18002084L, -933684854L, 
249196013L, -676037620L, 568382881L, -31771112L, -109053498L, 
523080362L, 496028833L, 624347887L, 1073101946L, -504266906L, 
-137283300L, -872219823L, -1063646489L, 659579005L, 463645468L, 
-416919273L, -1524875579L, 270044927L, -910387614L, -1278708625L, 
-1721714836L, 639599231L, -1753025780L, 1781856263L, 793831507L, 
772794401L, 743508628L, 962987051L, 25185066L, -399414635L, -182571826L, 
-1277842811L, -1484903473L, -826750562L, -1646860091L, -1050082075L, 
1817753356L, 1872203730L, -1771659625L, -1425861957L, -780377719L, 
813625929L, 314120967L, 772966524L, -1024995800L, 516670760L, 
-1310873684L, -2082451429L, 1099399801L, -886440158L, -166312457L, 
1539844429L, 156667072L, -1032117066L, 1340360804L, -1763785960L, 
-678842656L, -773963472L, -1848815938L, 460015692L, 2082425992L, 
-1610039340L, 1686337301L, 273766271L, 13532619L, 1919053569L, 
1303015628L, 1623495144L, 1443462874L, 2103793951L, -634168206L, 
-75199168L, 1689213355L, 599713114L, -437250635L, -2017354476L, 
-2020155803L, 2068862981L, 789807864L, 658865520L, 2113313413L, 
-1165428538L, 878594140L, -1396255312L, -491547381L, 98225562L, 
1396717855L, 1852591905L, 244731098L, -132295040L, -521610023L, 
2061879390L, -1104539816L, 1735435049L, 1552809292L, 829982625L, 
-1916169443L, -443079615L, -146855575L, 528267470L, -1933474027L, 
-573148415L, -1375820867L, 1085997030L, 1194640711L, 1750720056L, 
1625601727L, 1945641142L, 1772266544L, -1248408842L, -1935928894L, 
-1343205342L, 2105462883L, 1761442025L, -1852391567L, 363967499L, 
-451492572L, -1588438139L, -1007730585L, 1831826302L, -2123771634L, 
-537811584L, -2031159379L, 2038828184L, -714035552L, -1777707944L, 
-1914627024L, -134910901L, 969327303L, -311580201L, 1464006752L, 
-1052255870L, 868844854L, -370988824L, -1127498324L, -39564553L, 
1037125883L, 1468058569L, 769770905L, 1496708304L, 1812322832L, 
444823450L, 960952895L, -487709942L, 89620786L, 488183120L, 832929687L, 
-1442121581L, -1300200493L, -820237374L, -885486637L, 410790894L, 
-270221977L, 1330671118L, 1356503943L, -611752370L, -3615711L, 
1879836442L, -1726467345L, -1052097688L, -448357460L, 1411350340L, 
1126173379L, -2056622294L, 1263262014L, 995466109L, 238212084L, 
1724220854L, -2086544664L, -2145644781L, -1070023328L, -2117915168L, 
2090447180L, -1706956571L, -2042433656L, -1942102015L, 774924664L, 
-1396710922L, -196056022L, 2013814477L, 661809048L, -1789630457L, 
864514434L, 116116924L, -1174735068L, 1858323789L, 509443071L, 
-261446594L, -479146422L, 2074283639L, -258619595L, 886388311L, 
791228966L, 1955146879L, 1693938413L, 1278598527L, -2069710192L, 
1713238310L, -249152864L, -1312024096L, -1520992260L, -508803543L, 
-1176869025L, 850794044L, 514769999L, 385145345L, -188899799L, 
1883550394L, 200525729L, 91328844L, 1205978144L, 759242973L, 
986213319L, 2087592049L, 1047146671L, 590538146L, 1992289357L, 
1360475587L, -1357565465L, 599897853L, -643746318L, -403281691L, 
-2028636342L, 1035267016L, -565386850L, 447737675L, 1849580700L, 
-1619587879L, -1158759433L, 604972291L, -1777626329L, 1342858111L, 
-1994478861L, 1199150141L, 775818827L, 124884044L, 1721578158L, 
-707196971L, -1863800976L, 25703885L, 538859417L, 913968144L, 
-430171848L, 1932948030L, -1574450379L, 396116048L, 1766423670L, 
-621135890L, 629510332L, -1972302152L, 1907475312L, -652433436L, 
966674489L, -47822754L, -447454989L, 1703027574L, 1692707852L, 
-1018718820L, 1350804505L, -4820799L, 821048550L, -1538122018L, 
-2034607706L, -1945562044L, -675928627L, 1011241802L, 855883758L, 
131841113L, -54009622L, -727347596L, 1377065226L, -658460820L, 
-2035087360L, 236574446L, -185557L, 1388568761L, 108373589L, 
-183168124L, -1015943470L, 1956255091L, -120264218L, 1295178273L, 
1569097723L, -1317655079L, -1582201966L, 1699961054L, 1912721055L, 
-303397765L, 1113524954L, 86530713L, 891028176L, -430467124L, 
-1617183502L, 1108717046L, -852818510L, 820823410L, -1373840724L, 
-1118500324L, -1545108092L, -527986523L, 162463794L, 1000661495L, 
1251779064L, 452940666L, 331468560L, -1379923914L, -492704550L, 
-829297754L, 1708236143L, 1031772252L, 793202468L, 596202137L, 
1581658981L, -1519376131L, 123118329L, 595130709L, -49478428L, 
-493493269L, 2131254765L, -575096541L, 1989039287L, -1730603535L, 
-1586347630L, 1904396382L, -374923472L, -1534737016L, -1077947496L, 
-1928310575L, 276605460L, 1750967500L, 317896049L, 1451776686L, 
-298459219L, 281392321L, 1998640031L, -984379418L, -894044992L, 
966568933L, -1373351908L, 1583302854L, 1953290299L, 261744464L, 
1463042109L, -333406090L, -2056864545L, 703872180L, 39747336L, 
-41870013L, -1280546312L, 1077043068L, -1962636076L, -46404915L, 
-2120616132L, 1904846749L, -1757916066L, 1132026433L, -1468207509L, 
2011563391L, 1741037839L, -1915904044L, 721456875L, -2094636897L, 
1566343384L, 911133400L, 831692936L, -1034982486L, 634207632L, 
159499175L, -2068812709L, 657270525L, 803480033L, 487977L, -2131223287L, 
-1898038295L, -641341498L, -77033687L, -311217243L, -2117101003L, 
-1629470411L, 1714033955L, -423534074L, 1153338908L, 613872971L, 
288482251L, -1685186986L, 1114071349L, 13295319L, 363650278L, 
-611964614L, -2073513877L, 1435654739L, -671839917L, -1505239982L, 
107454271L, -1670888334L, 712978237L, -700269196L, 585731244L, 
83147448L, 2061675060L, 1903592696L, -2103452978L, 650484229L, 
-619565664L, -1493017763L, -1307890327L, 1218700022L, -910628649L, 
1547703103L, -1408711482L, -1142287942L, 1567968293L, 1297213230L, 
-1741625457L, 242647894L, -1838712069L, 1636864545L, 1002405604L, 
-921988724L, -123679570L, -1449666835L, -2077476503L, -642250986L, 
-1816527346L, 2027487735L, -553059498L, 477812802L, -276562324L, 
1484070490L, -623343226L, -1032923463L, 31808214L, 1126315907L, 
1289521055L, -597506232L, -1760545573L, 1607040406L, -697219767L, 
1981378538L, 1180114928L, -757657113L, -107217240L, 1121604287L, 
-634771718L, -1015709972L, -1695208100L, -338045440L, -837031148L, 
1448154333L, 1546646679L, 380223137L, 101634736L, 901663971L, 
-429815280L, -67951623L, 1339724025L, -1247457922L, 1443070138L, 
1439425252L, 741722724L, 112466548L, -37477434L, -316534064L, 
1667850197L, 142395101L, 1404919399L, 1157937587L, 1672917812L, 
1807454341L, 1209149835L, 500048989L, -1207429181L, 469225021L, 
1117726818L, 291313038L, -253118965L, -735767272L, -1800439880L, 
1535347300L, -1294466305L, 1866916233L, 1454976494L, 1511043659L, 
-1745911679L, -1035208276L, -1537670780L, -330857731L, 1439546609L, 
1875399242L, -495552409L, 2967469L, -942198772L, 149906407L, 
-1265019666L, -935053716L, -215239262L, 2008095250L, -1974072688L, 
-1476037908L, -1313002245L, 167482678L, 1484879705L, -1279834043L, 
210673151L, 398060126L, -107523244L, 2006792696L, 232001339L, 
1006548448L, 1307983034L, 687678193L, -1649211362L, 1595135972L, 
-666758388L, 645190223L, -1808672449L, -1070872822L, 1360667039L, 
-1677202502L, 151409574L, 1995154662L, -909163642L, -926890417L, 
1403273889L, -820655763L, -582760610L, 1233036L, 1787989348L, 
401302473L, -1570900477L, -1966014827L, 1084904368L, -677303965L, 
1545616409L, -743240997L, 271616376L, -1210591413L, 1407124486L, 
885349076L, 669897960L, -1161889492L, 1625582407L, -722431818L, 
-1677743344L, -2138825706L, -2097487983L, 761068810L, -1283109053L, 
-371414273L, -450572222L, 1932890742L, -960996327L, 1865148694L, 
-798373246L, 2085513776L, 903883034L, 2146014310L, -1657270061L, 
89128190L, 1615758073L, 248820126L, -1133181548L, 97450643L, 
-1882760387L, 1960562571L, -962742267L, -548298025L, -663352202L, 
1656512936L, 473924118L, -1385138950L, 67587710L, 1396237736L, 
-1515465154L, -1858973169L, 702667170L, 1939075511L, -2069448683L, 
-2026952090L, -451965903L, -2118193935L, 562725112L, -1470558541L, 
-1080460932L, 921720701L, -1834275917L, 1797775636L, 284612322L, 
-1062496517L, 260717574L, -603601371L, 1085129124L, 436530680L, 
